NODE TIMES:	nid	time
	1	170.917
	2	170.917
	3	170.917
	4	170.917
	5	170.917
	6	170.917
	7	170.917
	8	170.917
	9	170.917
	10	170.917
	11	0
	12	0
	13	118.234
	14	44.8483
	15	40.8561
	16	18.8172
	17	18.2399
	18	16.3981
	19	13.3299
	20	2.2499
	21	1.65886

ANCESTRY    (1)	19 (12 -> 21) 	17 (21 -> 19) 	13 (19 -> 13) 	1 (13 -> 1) 
ANCESTRY    (2)	19 (12 -> 21) 	18 (21 -> 20) 	15 (20 -> 16) 	8 (16 -> 15) 	6 (15 -> 2) 
ANCESTRY    (3)	19 (12 -> 21) 	18 (21 -> 20) 	16 (20 -> 18) 	11 (18 -> 17) 	9 (17 -> 3) 
ANCESTRY    (4)	19 (12 -> 21) 	18 (21 -> 20) 	16 (20 -> 18) 	11 (18 -> 17) 	10 (17 -> 4) 
ANCESTRY    (5)	19 (12 -> 21) 	17 (21 -> 19) 	13 (19 -> 13) 	2 (13 -> 5) 
ANCESTRY    (6)	19 (12 -> 21) 	18 (21 -> 20) 	15 (20 -> 16) 	7 (16 -> 14) 	4 (14 -> 6) 
ANCESTRY    (7)	19 (12 -> 21) 	18 (21 -> 20) 	15 (20 -> 16) 	7 (16 -> 14) 	3 (14 -> 7) 
ANCESTRY    (8)	19 (12 -> 21) 	17 (21 -> 19) 	14 (19 -> 8) 
ANCESTRY    (9)	19 (12 -> 21) 	18 (21 -> 20) 	15 (20 -> 16) 	8 (16 -> 15) 	5 (15 -> 9) 
ANCESTRY    (10)	19 (12 -> 21) 	18 (21 -> 20) 	16 (20 -> 18) 	12 (18 -> 10) 
ANCESTRY    (11)	20 (12 -> 11) 

MUTATIONS   (1)  dup, deln, crl, crg, wgd:	13	20	19	9	0
	eid	type	time
	17	crg	0.104094	2.87374
	17	dup	0.363144	5.89712
	17	crl	0.486593	7.33789
	17	crl	0.561709	8.21457
	17	dup	0.582721	8.4598
	17	dup	0.658078	9.3393
	17	crl	0.810502	11.1182
	13	del	0.0209422	15.5268
	13	del	0.0245164	15.9017
	13	dup	0.0386094	17.3801
	13	del	0.0506051	18.6385
	13	crl	0.145549	28.5985
	13	crl	0.231359	37.6003
	13	dup	0.255504	40.1332
	13	del	0.286669	43.4025
	13	del	0.345281	49.5511
	13	crl	0.346614	49.691
	13	crl	0.360385	51.1356
	13	del	0.379339	53.124
	13	dup	0.415701	56.9384
	13	dup	0.431555	58.6016
	13	crl	0.432425	58.6929
	13	crl	0.470843	62.7231
	13	del	0.488725	64.599
	13	crg	0.535453	69.5009
	13	dup	0.541221	70.106
	13	crl	0.554948	71.546
	13	crl	0.580094	74.184
	13	crl	0.584466	74.6425
	13	del	0.625632	78.961
	13	crg	0.633616	79.7985
	13	crl	0.640126	80.4815
	13	dup	0.667824	83.3871
	13	dup	0.688249	85.5298
	13	dup	0.72283	89.1574
	13	del	0.755787	92.6148
	13	del	0.776577	94.7957
	13	crl	0.897795	107.512
	13	del	0.937149	111.64
	13	crg	0.941854	112.134
	13	crg	0.968639	114.944
	13	del	0.98576	116.74
	13	del	0.988124	116.988
	1	del	0.0371562	120.191
	1	del	0.0717445	122.013
	1	dup	0.285017	133.249
	1	crg	0.339935	136.143
	1	crl	0.348212	136.579
	1	del	0.518675	145.559
	1	dup	0.563182	147.904
	1	del	0.590199	149.327
	1	crl	0.652188	152.593
	1	crl	0.656187	152.804
	1	del	0.680195	154.069
	1	crl	0.732922	156.847
	1	crg	0.755735	158.048
	1	crg	0.783457	159.509
	1	del	0.788032	159.75
	1	crg	0.836676	162.313
	1	del	0.840504	162.514
	1	crl	0.936955	167.596

MUTATIONS   (2)  dup, deln, crl, crg, wgd:	10	16	18	21	0
	eid	type	time
	15	dup	0.0890534	3.72527
	15	crl	0.445806	9.63571
	15	del	0.4497	9.70022
	15	del	0.60959	12.3492
	15	crg	0.821776	15.8645
	8	crl	0.0265236	19.4018
	8	crl	0.0437283	19.781
	8	del	0.467098	29.1115
	8	del	0.481988	29.4397
	8	crg	0.528048	30.4548
	8	dup	0.593346	31.8939
	8	dup	0.775789	35.9147
	8	crl	0.790763	36.2447
	8	crg	0.802941	36.5131
	8	crg	0.98058	40.4281
	6	del	0.00590748	41.6244
	6	crg	0.00688817	41.752
	6	crg	0.0359158	45.5273
	6	dup	0.0389277	45.9191
	6	crg	0.0662974	49.4788
	6	crg	0.0704045	50.013
	6	del	0.077923	50.9908
	6	crl	0.0964486	53.4003
	6	crl	0.106831	54.7506
	6	dup	0.118344	56.248
	6	crg	0.145575	59.7897
	6	del	0.161705	61.8876
	6	crl	0.164055	62.1933
	6	crl	0.193655	66.0431
	6	dup	0.2255	70.1848
	6	crg	0.257284	74.3187
	6	del	0.262289	74.9697
	6	del	0.312113	81.4498
	6	crg	0.320495	82.54
	6	crg	0.332322	84.0782
	6	del	0.340351	85.1226
	6	crl	0.372477	89.3009
	6	dup	0.388097	91.3323
	6	crg	0.397931	92.6115
	6	crl	0.409818	94.1574
	6	del	0.41139	94.3618
	6	del	0.450349	99.429
	6	crg	0.553834	112.888
	6	crl	0.579522	116.229
	6	crg	0.604041	119.418
	6	del	0.606224	119.702
	6	crg	0.620502	121.559
	6	crg	0.621758	121.723
	6	del	0.685651	130.033
	6	crl	0.740155	137.122
	6	dup	0.741831	137.339
	6	crl	0.74615	137.901
	6	crg	0.777524	141.982
	6	crl	0.807317	145.857
	6	crl	0.808192	145.97
	6	del	0.808675	146.033
	6	dup	0.826932	148.408
	6	crl	0.836026	149.591
	6	del	0.839026	149.981
	6	dup	0.842006	150.368
	6	crl	0.84808	151.158
	6	crl	0.854572	152.003
	6	crg	0.86514	153.377
	6	crg	0.912252	159.505
	6	crg	0.957898	165.441

MUTATIONS   (3)  dup, deln, crl, crg, wgd:	21	23	22	20	0
	eid	type	time
	16	crl	0.00294916	2.29162
	16	crg	0.104197	3.7241
	16	crl	0.336637	7.01272
	16	crg	0.354593	7.26676
	16	del	0.390089	7.76897
	16	crl	0.658744	11.57
	16	dup	0.679738	11.867
	16	crg	0.698723	12.1356
	16	dup	0.738392	12.6968
	16	crg	0.73853	12.6988
	16	dup	0.914786	15.1925
	9	crl	0.00887028	19.5942
	9	del	0.0228266	21.725
	9	crl	0.0277017	22.4693
	9	crl	0.0461843	25.2912
	9	crl	0.0550232	26.6407
	9	crg	0.0668439	28.4455
	9	dup	0.0927917	32.4071
	9	del	0.0977638	33.1662
	9	crg	0.131718	38.3503
	9	del	0.157717	42.3197
	9	crg	0.184062	46.3421
	9	dup	0.193428	47.7719
	9	dup	0.210702	50.4093
	9	del	0.266181	58.8797
	9	dup	0.290444	62.5842
	9	crg	0.30218	64.376
	9	crg	0.307992	65.2633
	9	del	0.343157	70.6322
	9	crl	0.352701	72.0894
	9	crg	0.357175	72.7725
	9	crl	0.376504	75.7236
	9	dup	0.392387	78.1485
	9	crl	0.392982	78.2393
	9	dup	0.402656	79.7163
	9	crl	0.403732	79.8806
	9	del	0.426991	83.4317
	9	crg	0.43318	84.3767
	9	dup	0.433892	84.4853
	9	dup	0.434769	84.6192
	9	crl	0.435333	84.7054
	9	dup	0.439379	85.3231
	9	crg	0.452358	87.3047
	9	dup	0.457025	88.0173
	9	del	0.484676	92.239
	9	crl	0.494182	93.6902
	9	del	0.513438	96.6302
	9	crl	0.517055	97.1825
	9	crg	0.532782	99.5836
	9	del	0.541502	100.915
	9	del	0.551965	102.512
	9	dup	0.566256	104.694
	9	del	0.573397	105.785
	9	dup	0.604247	110.495
	9	crg	0.60467	110.559
	9	crl	0.604851	110.587
	9	crl	0.609938	111.364
	9	del	0.613104	111.847
	9	del	0.616659	112.39
	9	dup	0.641853	116.236
	9	del	0.68123	122.248
	9	del	0.697248	124.694
	9	dup	0.708307	126.382
	9	crg	0.737964	130.91
	9	crl	0.739144	131.09
	9	crg	0.739533	131.15
	9	crg	0.74158	131.462
	9	del	0.763975	134.881
	9	del	0.771564	136.04
	9	crg	0.779036	137.181
	9	crl	0.793301	139.359
	9	dup	0.817113	142.995
	9	del	0.828607	144.749
	9	del	0.838807	146.307
	9	del	0.850829	148.142
	9	crg	0.860837	149.67
	9	crl	0.898539	155.426
	9	del	0.913047	157.641
	9	dup	0.920512	158.781
	9	del	0.924064	159.323
	9	dup	0.932222	160.569
	9	crl	0.933113	160.705
	9	dup	0.94722	162.859
	9	crg	0.972407	166.704
	9	crl	0.988446	169.153
	9	crl	0.996122	170.325

MUTATIONS   (4)  dup, deln, crl, crg, wgd:	16	15	20	22	0
	eid	type	time
	16	crl	0.00294916	2.29162
	16	crg	0.104197	3.7241
	16	crl	0.336637	7.01272
	16	crg	0.354593	7.26676
	16	del	0.390089	7.76897
	16	crl	0.658744	11.57
	16	dup	0.679738	11.867
	16	crg	0.698723	12.1356
	16	dup	0.738392	12.6968
	16	crg	0.73853	12.6988
	16	dup	0.914786	15.1925
	10	dup	0.0153221	20.5793
	10	del	0.0286593	22.6155
	10	crg	0.0295663	22.754
	10	dup	0.0510148	26.0287
	10	dup	0.0540986	26.4995
	10	dup	0.0774018	30.0574
	10	crg	0.0903202	32.0298
	10	dup	0.0929727	32.4347
	10	del	0.128769	37.9
	10	crg	0.135564	38.9374
	10	crg	0.192366	47.6098
	10	crl	0.258798	57.7525
	10	crg	0.266813	58.9762
	10	crl	0.279745	60.9506
	10	dup	0.28183	61.2689
	10	crg	0.318384	66.8499
	10	crl	0.320201	67.1273
	10	crl	0.337338	69.7438
	10	crl	0.34314	70.6297
	10	dup	0.347626	71.3144
	10	crl	0.357794	72.8669
	10	del	0.378117	75.9697
	10	crg	0.380351	76.3108
	10	del	0.433704	84.4566
	10	dup	0.44211	85.74
	10	crl	0.442304	85.7696
	10	crl	0.447119	86.5048
	10	del	0.514157	96.7399
	10	crl	0.561102	103.907
	10	dup	0.568861	105.092
	10	crl	0.571901	105.556
	10	crl	0.588402	108.075
	10	crg	0.596887	109.371
	10	dup	0.605576	110.698
	10	crg	0.605671	110.712
	10	dup	0.609527	111.301
	10	del	0.618778	112.713
	10	crg	0.622758	113.321
	10	crl	0.630353	114.481
	10	crl	0.650053	117.488
	10	del	0.673157	121.016
	10	del	0.692424	123.957
	10	crg	0.70332	125.621
	10	del	0.717111	127.726
	10	del	0.77105	135.962
	10	del	0.786495	138.32
	10	crg	0.810298	141.954
	10	dup	0.813175	142.393
	10	crg	0.815158	142.696
	10	crl	0.815874	142.805
	10	crl	0.824354	144.1
	10	del	0.836476	145.951
	10	crg	0.856596	149.023
	10	del	0.870338	151.121
	10	del	0.87709	152.152
	10	crg	0.887342	153.717
	10	crg	0.905302	156.459
	10	crg	0.933244	160.725
	10	dup	0.935285	161.037
	10	crl	0.93992	161.744
	10	crg	0.96733	165.929
	10	crl	0.981416	168.08

MUTATIONS   (5)  dup, deln, crl, crg, wgd:	17	16	15	7	0
	eid	type	time
	17	crg	0.104094	2.87374
	17	dup	0.363144	5.89712
	17	crl	0.486593	7.33789
	17	crl	0.561709	8.21457
	17	dup	0.582721	8.4598
	17	dup	0.658078	9.3393
	17	crl	0.810502	11.1182
	13	del	0.0209422	15.5268
	13	del	0.0245164	15.9017
	13	dup	0.0386094	17.3801
	13	del	0.0506051	18.6385
	13	crl	0.145549	28.5985
	13	crl	0.231359	37.6003
	13	dup	0.255504	40.1332
	13	del	0.286669	43.4025
	13	del	0.345281	49.5511
	13	crl	0.346614	49.691
	13	crl	0.360385	51.1356
	13	del	0.379339	53.124
	13	dup	0.415701	56.9384
	13	dup	0.431555	58.6016
	13	crl	0.432425	58.6929
	13	crl	0.470843	62.7231
	13	del	0.488725	64.599
	13	crg	0.535453	69.5009
	13	dup	0.541221	70.106
	13	crl	0.554948	71.546
	13	crl	0.580094	74.184
	13	crl	0.584466	74.6425
	13	del	0.625632	78.961
	13	crg	0.633616	79.7985
	13	crl	0.640126	80.4815
	13	dup	0.667824	83.3871
	13	dup	0.688249	85.5298
	13	dup	0.72283	89.1574
	13	del	0.755787	92.6148
	13	del	0.776577	94.7957
	13	crl	0.897795	107.512
	13	del	0.937149	111.64
	13	crg	0.941854	112.134
	13	crg	0.968639	114.944
	13	del	0.98576	116.74
	13	del	0.988124	116.988
	2	del	0.1068	123.86
	2	crl	0.121435	124.631
	2	crg	0.262673	132.072
	2	dup	0.306173	134.364
	2	dup	0.417072	140.206
	2	del	0.550838	147.254
	2	dup	0.591697	149.406
	2	del	0.789296	159.817
	2	dup	0.798045	160.277
	2	crg	0.798799	160.317
	2	dup	0.825984	161.749
	2	dup	0.913224	166.345

MUTATIONS   (6)  dup, deln, crl, crg, wgd:	16	13	19	21	0
	eid	type	time
	15	dup	0.0890534	3.72527
	15	crl	0.445806	9.63571
	15	del	0.4497	9.70022
	15	del	0.60959	12.3492
	15	crg	0.821776	15.8645
	7	crg	0.122548	22.0073
	7	crl	0.131699	22.2455
	7	crg	0.156902	22.9015
	7	dup	0.248301	25.2808
	7	del	0.524363	32.4669
	7	crg	0.525059	32.4851
	7	del	0.604345	34.549
	7	crg	0.649614	35.7274
	7	crg	0.650864	35.7599
	7	crl	0.669357	36.2413
	7	dup	0.934979	43.1557
	7	crg	0.964313	43.9193
	4	crg	0.0149023	46.727
	4	crl	0.0256907	48.0871
	4	crl	0.0308336	48.7354
	4	crl	0.0318401	48.8623
	4	dup	0.0522203	51.4316
	4	dup	0.0649181	53.0324
	4	crl	0.0918452	56.4271
	4	crl	0.105673	58.1703
	4	crl	0.170692	66.3673
	4	crg	0.178832	67.3935
	4	crl	0.218241	72.3616
	4	del	0.268279	78.6699
	4	crg	0.270694	78.9744
	4	dup	0.278987	80.0198
	4	crg	0.295534	82.1059
	4	crg	0.301948	82.9145
	4	dup	0.308047	83.6834
	4	crl	0.308121	83.6928
	4	crg	0.320165	85.2112
	4	crl	0.32259	85.5168
	4	del	0.338026	87.4628
	4	crl	0.358414	90.0332
	4	crg	0.424436	98.3565
	4	del	0.429939	99.0502
	4	del	0.435913	99.8033
	4	del	0.492262	106.907
	4	del	0.516019	109.902
	4	dup	0.534305	112.207
	4	crl	0.545845	113.662
	4	dup	0.56113	115.589
	4	crl	0.561234	115.602
	4	dup	0.575092	117.35
	4	crl	0.576406	117.515
	4	dup	0.592105	119.494
	4	crg	0.606303	121.284
	4	crg	0.607281	121.407
	4	dup	0.68953	131.777
	4	dup	0.702783	133.447
	4	dup	0.734112	137.397
	4	crl	0.764297	141.202
	4	del	0.787561	144.135
	4	crg	0.796151	145.218
	4	del	0.809881	146.949
	4	crl	0.815203	147.62
	4	crg	0.878884	155.648
	4	crl	0.88171	156.004
	4	dup	0.890403	157.1
	4	dup	0.897366	157.978
	4	del	0.912591	159.898
	4	crg	0.927884	161.826
	4	crg	0.944721	163.948
	4	crg	0.949467	164.547

MUTATIONS   (7)  dup, deln, crl, crg, wgd:	13	16	16	21	0
	eid	type	time
	15	dup	0.0890534	3.72527
	15	crl	0.445806	9.63571
	15	del	0.4497	9.70022
	15	del	0.60959	12.3492
	15	crg	0.821776	15.8645
	7	crg	0.122548	22.0073
	7	crl	0.131699	22.2455
	7	crg	0.156902	22.9015
	7	dup	0.248301	25.2808
	7	del	0.524363	32.4669
	7	crg	0.525059	32.4851
	7	del	0.604345	34.549
	7	crg	0.649614	35.7274
	7	crg	0.650864	35.7599
	7	crl	0.669357	36.2413
	7	dup	0.934979	43.1557
	7	crg	0.964313	43.9193
	3	del	0.00920452	46.0087
	3	dup	0.0679434	53.4138
	3	crg	0.0726337	54.0051
	3	dup	0.0812777	55.0949
	3	crl	0.0914699	56.3798
	3	dup	0.114822	59.3238
	3	crg	0.188819	68.6525
	3	del	0.191624	69.0061
	3	crl	0.207742	71.0381
	3	dup	0.209696	71.2844
	3	crl	0.258197	77.3989
	3	dup	0.276147	79.6618
	3	crl	0.28177	80.3708
	3	crg	0.312974	84.3045
	3	crg	0.317687	84.8988
	3	del	0.332995	86.8286
	3	crg	0.349693	88.9337
	3	crl	0.387009	93.638
	3	del	0.393855	94.5012
	3	dup	0.409914	96.5257
	3	crg	0.410407	96.5879
	3	crl	0.416347	97.3366
	3	dup	0.444229	100.852
	3	crl	0.509472	109.077
	3	crg	0.530976	111.788
	3	crl	0.561852	115.68
	3	del	0.567707	116.418
	3	crl	0.567719	116.42
	3	del	0.582367	118.267
	3	crg	0.61084	121.856
	3	crl	0.640003	125.533
	3	dup	0.642605	125.861
	3	del	0.667512	129.001
	3	dup	0.700357	133.142
	3	crg	0.701381	133.271
	3	crl	0.711192	134.507
	3	crg	0.712441	134.665
	3	del	0.752556	139.722
	3	crg	0.79725	145.357
	3	del	0.805193	146.358
	3	crl	0.810626	147.043
	3	crg	0.820353	148.269
	3	crl	0.825282	148.891
	3	crg	0.841002	150.873
	3	dup	0.865481	153.959
	3	del	0.904459	158.872
	3	crg	0.90931	159.484
	3	del	0.958259	165.655
	3	del	0.968895	166.996

MUTATIONS   (8)  dup, deln, crl, crg, wgd:	18	23	21	12	0
	eid	type	time
	17	crg	0.104094	2.87374
	17	dup	0.363144	5.89712
	17	crl	0.486593	7.33789
	17	crl	0.561709	8.21457
	17	dup	0.582721	8.4598
	17	dup	0.658078	9.3393
	17	crl	0.810502	11.1182
	14	del	0.00291511	13.7893
	14	del	0.0108397	15.0381
	14	del	0.0145625	15.6247
	14	del	0.0338594	18.6657
	14	dup	0.0465631	20.6676
	14	crl	0.0498803	21.1904
	14	dup	0.0797713	25.9008
	14	del	0.0959986	28.458
	14	del	0.128883	33.6401
	14	dup	0.131333	34.0263
	14	crg	0.14781	36.6228
	14	dup	0.165748	39.4496
	14	del	0.176187	41.0947
	14	crl	0.222591	48.4074
	14	del	0.225033	48.7922
	14	crl	0.23747	50.7521
	14	dup	0.249704	52.68
	14	del	0.269584	55.8128
	14	del	0.277787	57.1056
	14	del	0.287104	58.5738
	14	crl	0.290051	59.0383
	14	crl	0.290389	59.0915
	14	del	0.304167	61.2627
	14	del	0.31907	63.6112
	14	crg	0.331811	65.6192
	14	del	0.356724	69.545
	14	del	0.368442	71.3917
	14	crg	0.386595	74.2524
	14	crl	0.395313	75.6262
	14	crl	0.417726	79.1582
	14	crl	0.448773	84.0509
	14	crl	0.449918	84.2312
	14	del	0.478947	88.8058
	14	dup	0.486593	90.0107
	14	dup	0.491034	90.7105
	14	del	0.511279	93.901
	14	dup	0.512172	94.0417
	14	crl	0.552949	100.468
	14	crg	0.558431	101.331
	14	crl	0.597829	107.54
	14	crl	0.603591	108.448
	14	crg	0.606593	108.921
	14	crl	0.614687	110.197
	14	dup	0.616408	110.468
	14	del	0.621554	111.279
	14	dup	0.640987	114.341
	14	crg	0.667802	118.567
	14	dup	0.668516	118.68
	14	crl	0.678797	120.3
	14	dup	0.695204	122.885
	14	del	0.728539	128.138
	14	del	0.76817	134.384
	14	dup	0.806155	140.37
	14	crl	0.821804	142.836
	14	crl	0.826515	143.578
	14	crl	0.848516	147.045
	14	crl	0.849701	147.232
	14	dup	0.865681	149.75
	14	crg	0.892976	154.052
	14	crg	0.894956	154.364
	14	dup	0.91809	158.009
	14	crg	0.932106	160.218
	14	del	0.949279	162.924
	14	crg	0.95379	163.635
	14	del	0.985526	168.636
	14	del	0.98589	168.694
	14	crg	0.986008	168.712

MUTATIONS   (9)  dup, deln, crl, crg, wgd:	14	21	20	10	0
	eid	type	time
	15	dup	0.0890534	3.72527
	15	crl	0.445806	9.63571
	15	del	0.4497	9.70022
	15	del	0.60959	12.3492
	15	crg	0.821776	15.8645
	8	crl	0.0265236	19.4018
	8	crl	0.0437283	19.781
	8	del	0.467098	29.1115
	8	del	0.481988	29.4397
	8	crg	0.528048	30.4548
	8	dup	0.593346	31.8939
	8	dup	0.775789	35.9147
	8	crl	0.790763	36.2447
	8	crg	0.802941	36.5131
	8	crg	0.98058	40.4281
	5	dup	0.0185154	43.2642
	5	crg	0.0213354	43.631
	5	crl	0.0312366	44.9187
	5	del	0.0383964	45.85
	5	crl	0.0767147	50.8337
	5	dup	0.106722	54.7364
	5	crl	0.126977	57.3709
	5	crl	0.145803	59.8194
	5	crg	0.211919	68.4185
	5	crl	0.236924	71.6707
	5	del	0.259998	74.6717
	5	dup	0.273615	76.4428
	5	crg	0.282195	77.5587
	5	crg	0.283359	77.7101
	5	del	0.31337	81.6134
	5	dup	0.363719	88.1618
	5	del	0.389347	91.495
	5	del	0.393671	92.0573
	5	del	0.408996	94.0505
	5	dup	0.413224	94.6005
	5	dup	0.425153	96.1519
	5	del	0.429438	96.7093
	5	crl	0.431048	96.9187
	5	crl	0.436268	97.5975
	5	crl	0.464717	101.298
	5	del	0.471271	102.15
	5	dup	0.474467	102.566
	5	crl	0.495406	105.289
	5	crl	0.49559	105.313
	5	crl	0.505323	106.579
	5	crl	0.511526	107.386
	5	dup	0.55631	113.21
	5	del	0.565396	114.392
	5	crl	0.577952	116.025
	5	del	0.580498	116.356
	5	crg	0.585905	117.06
	5	del	0.586208	117.099
	5	crl	0.625384	122.194
	5	crg	0.663607	127.165
	5	del	0.681428	129.483
	5	del	0.709402	133.122
	5	del	0.726084	135.291
	5	crl	0.760117	139.718
	5	crl	0.763205	140.119
	5	del	0.809248	146.108
	5	del	0.830831	148.915
	5	dup	0.898367	157.699
	5	dup	0.921573	160.717
	5	dup	0.945852	163.875
	5	del	0.98803	169.36

MUTATIONS   (10)  dup, deln, crl, crg, wgd:	9	15	18	19	0
	eid	type	time
	16	crl	0.00294916	2.29162
	16	crg	0.104197	3.7241
	16	crl	0.336637	7.01272
	16	crg	0.354593	7.26676
	16	del	0.390089	7.76897
	16	crl	0.658744	11.57
	16	dup	0.679738	11.867
	16	crg	0.698723	12.1356
	16	dup	0.738392	12.6968
	16	crg	0.73853	12.6988
	16	dup	0.914786	15.1925
	12	crg	0.0251821	20.2892
	12	crl	0.0382126	22.3027
	12	del	0.0383914	22.3303
	12	crg	0.0592657	25.5558
	12	crg	0.0594247	25.5804
	12	crl	0.0700085	27.2158
	12	dup	0.0875232	29.9221
	12	crg	0.105715	32.7331
	12	crg	0.124266	35.5995
	12	crg	0.135136	37.2792
	12	crl	0.142798	38.4632
	12	crl	0.239687	53.4344
	12	dup	0.244779	54.2211
	12	dup	0.248039	54.7249
	12	del	0.332918	67.8402
	12	crl	0.360718	72.1359
	12	crg	0.383297	75.6248
	12	del	0.385591	75.9792
	12	del	0.401602	78.4533
	12	del	0.433918	83.4467
	12	del	0.465587	88.3403
	12	crl	0.472077	89.343
	12	del	0.495394	92.946
	12	crl	0.503784	94.2424
	12	crl	0.581446	106.243
	12	crl	0.585115	106.81
	12	crg	0.604018	109.73
	12	del	0.609776	110.62
	12	del	0.622876	112.644
	12	crl	0.648865	116.66
	12	del	0.655008	117.609
	12	crg	0.674854	120.676
	12	del	0.67805	121.17
	12	crl	0.683303	121.982
	12	crg	0.705107	125.351
	12	crl	0.716011	127.035
	12	crg	0.763252	134.335
	12	del	0.764136	134.472
	12	crl	0.764173	134.477
	12	crg	0.769254	135.262
	12	del	0.772647	135.787
	12	dup	0.851801	148.018
	12	crg	0.87889	152.203
	12	crl	0.90955	156.941
	12	crg	0.912963	157.468
	12	del	0.917563	158.179
	12	crl	0.922337	158.917
	12	crg	0.928081	159.804
	12	dup	0.9525	163.577
	12	dup	0.972438	166.658

MUTATIONS   (11)  dup, deln, crl, crg, wgd:	0	0	0	0	0
	eid	type	time

