NODE TIMES:	nid	time
	1	49.0471
	2	49.0471
	3	49.0471
	4	49.0471
	5	49.0471
	6	49.0471
	7	49.0471
	8	49.0471
	9	49.0471
	10	49.0471
	11	0
	12	0
	13	41.075
	14	18.1903
	15	15.6082
	16	14.6401
	17	10.3811
	18	5.35556
	19	5.22026
	20	3.21677
	21	2.80222

ANCESTRY    (1)	19 (12 -> 21) 	18 (21 -> 20) 	15 (20 -> 16) 	8 (16 -> 14) 	3 (14 -> 13) 	2 (13 -> 1) 
ANCESTRY    (2)	19 (12 -> 21) 	18 (21 -> 20) 	16 (20 -> 18) 	12 (18 -> 2) 
ANCESTRY    (3)	19 (12 -> 21) 	18 (21 -> 20) 	15 (20 -> 16) 	7 (16 -> 3) 
ANCESTRY    (4)	19 (12 -> 21) 	17 (21 -> 19) 	14 (19 -> 17) 	10 (17 -> 4) 
ANCESTRY    (5)	19 (12 -> 21) 	17 (21 -> 19) 	14 (19 -> 17) 	9 (17 -> 15) 	6 (15 -> 5) 
ANCESTRY    (6)	19 (12 -> 21) 	17 (21 -> 19) 	14 (19 -> 17) 	9 (17 -> 15) 	5 (15 -> 6) 
ANCESTRY    (7)	19 (12 -> 21) 	18 (21 -> 20) 	15 (20 -> 16) 	8 (16 -> 14) 	3 (14 -> 13) 	1 (13 -> 7) 
ANCESTRY    (8)	19 (12 -> 21) 	18 (21 -> 20) 	16 (20 -> 18) 	11 (18 -> 8) 
ANCESTRY    (9)	19 (12 -> 21) 	17 (21 -> 19) 	13 (19 -> 9) 
ANCESTRY    (10)	19 (12 -> 21) 	18 (21 -> 20) 	15 (20 -> 16) 	8 (16 -> 14) 	4 (14 -> 10) 
ANCESTRY    (11)	20 (12 -> 11) 

MUTATIONS   (1)  dup, deln, crl, crg, wgd:	4	5	3	2	0
	eid	type	time
	19	crg	0.985305	2.76104
	15	dup	0.00423783	3.26518
	15	del	0.0159626	3.39911
	15	dup	0.0265146	3.51965
	15	del	0.604944	10.1272
	15	del	0.719037	11.4305
	3	dup	0.0119751	18.4644
	3	crg	0.0265387	18.7976
	3	dup	0.178114	22.2664
	3	del	0.190899	22.559
	3	del	0.410913	27.5939
	3	crl	0.491286	29.4332
	3	crl	0.90758	38.96
	2	crl	0.713207	46.7608

MUTATIONS   (2)  dup, deln, crl, crg, wgd:	3	1	2	10	0
	eid	type	time
	19	crg	0.985305	2.76104
	12	dup	0.0411809	7.15482
	12	dup	0.0456585	7.35045
	12	crg	0.0863464	9.12817
	12	crg	0.160597	12.3723
	12	dup	0.26546	16.9539
	12	crg	0.467575	25.7846
	12	del	0.517615	27.971
	12	crg	0.583254	30.8389
	12	crg	0.649599	33.7376
	12	crg	0.664502	34.3887
	12	crl	0.708406	36.3069
	12	crg	0.782951	39.5639
	12	crg	0.787569	39.7657
	12	crl	0.806515	40.5935
	12	crg	0.959333	47.2703

MUTATIONS   (3)  dup, deln, crl, crg, wgd:	3	8	3	3	0
	eid	type	time
	19	crg	0.985305	2.76104
	15	dup	0.00423783	3.26518
	15	del	0.0159626	3.39911
	15	dup	0.0265146	3.51965
	15	del	0.604944	10.1272
	15	del	0.719037	11.4305
	7	crg	0.146378	19.6765
	7	del	0.178888	20.7951
	7	crl	0.212084	21.9372
	7	del	0.235109	22.7295
	7	del	0.302239	25.0392
	7	crl	0.309715	25.2964
	7	dup	0.313525	25.4276
	7	del	0.317696	25.571
	7	del	0.356712	26.9135
	7	crl	0.524087	32.6724
	7	crg	0.671071	37.7297

MUTATIONS   (4)  dup, deln, crl, crg, wgd:	6	5	1	7	0
	eid	type	time
	19	crg	0.985305	2.76104
	17	dup	0.00959083	2.82541
	17	crg	0.127369	3.1102
	17	crg	0.487302	3.98054
	14	crg	0.151802	6.00369
	14	crl	0.418633	7.38076
	14	dup	0.488635	7.74202
	14	crg	0.51868	7.89708
	10	dup	0.0451728	12.1277
	10	del	0.14201	15.8721
	10	crg	0.280428	21.2241
	10	del	0.465062	28.3632
	10	del	0.487149	29.2172
	10	dup	0.647849	35.4308
	10	crg	0.708484	37.7754
	10	del	0.763169	39.8898
	10	dup	0.853516	43.3832
	10	del	0.91053	45.5877
	10	dup	0.958322	47.4356

MUTATIONS   (5)  dup, deln, crl, crg, wgd:	9	6	6	11	0
	eid	type	time
	19	crg	0.985305	2.76104
	17	dup	0.00959083	2.82541
	17	crg	0.127369	3.1102
	17	crg	0.487302	3.98054
	14	crg	0.151802	6.00369
	14	crl	0.418633	7.38076
	14	dup	0.488635	7.74202
	14	crg	0.51868	7.89708
	9	del	0.0855003	10.828
	9	del	0.303807	11.9691
	9	crg	0.347231	12.1961
	9	dup	0.61413	13.5912
	9	dup	0.711586	14.1007
	6	dup	0.169111	21.2631
	6	dup	0.362302	27.7232
	6	crl	0.440367	30.3336
	6	crg	0.442898	30.4183
	6	crg	0.488585	31.946
	6	crl	0.501496	32.3777
	6	crl	0.538297	33.6083
	6	crg	0.550472	34.0154
	6	crl	0.621336	36.385
	6	crl	0.666762	37.904
	6	dup	0.741235	40.3943
	6	crg	0.768777	41.3153
	6	del	0.851115	44.0686
	6	crg	0.970576	48.0632
	6	dup	0.977055	48.2799
	6	del	0.979925	48.3758
	6	del	0.987411	48.6262
	6	del	0.996739	48.9381
	6	dup	0.998506	48.9972

MUTATIONS   (6)  dup, deln, crl, crg, wgd:	6	5	6	7	0
	eid	type	time
	19	crg	0.985305	2.76104
	17	dup	0.00959083	2.82541
	17	crg	0.127369	3.1102
	17	crg	0.487302	3.98054
	14	crg	0.151802	6.00369
	14	crl	0.418633	7.38076
	14	dup	0.488635	7.74202
	14	crg	0.51868	7.89708
	9	del	0.0855003	10.828
	9	del	0.303807	11.9691
	9	crg	0.347231	12.1961
	9	dup	0.61413	13.5912
	9	dup	0.711586	14.1007
	5	del	0.17322	21.4005
	5	crl	0.213911	22.7612
	5	crl	0.34784	27.2396
	5	crg	0.399451	28.9655
	5	crl	0.50061	32.3481
	5	del	0.644494	37.1594
	5	del	0.703123	39.1199
	5	crl	0.719164	39.6563
	5	crl	0.740223	40.3605
	5	dup	0.802369	42.4386
	5	dup	0.856328	44.2429

MUTATIONS   (7)  dup, deln, crl, crg, wgd:	4	5	3	3	0
	eid	type	time
	19	crg	0.985305	2.76104
	15	dup	0.00423783	3.26518
	15	del	0.0159626	3.39911
	15	dup	0.0265146	3.51965
	15	del	0.604944	10.1272
	15	del	0.719037	11.4305
	3	dup	0.0119751	18.4644
	3	crg	0.0265387	18.7976
	3	dup	0.178114	22.2664
	3	del	0.190899	22.559
	3	del	0.410913	27.5939
	3	crl	0.491286	29.4332
	3	crl	0.90758	38.96
	1	crg	0.869343	48.0055
	1	crl	0.891142	48.1793

MUTATIONS   (8)  dup, deln, crl, crg, wgd:	7	6	4	4	0
	eid	type	time
	19	crg	0.985305	2.76104
	11	del	0.0854476	9.0889
	11	crg	0.239421	15.8162
	11	del	0.255577	16.5221
	11	dup	0.34874	20.5926
	11	dup	0.404427	23.0256
	11	crg	0.418419	23.6369
	11	dup	0.425744	23.957
	11	crl	0.464475	25.6492
	11	dup	0.530912	28.5519
	11	crl	0.59169	31.2074
	11	crl	0.674838	34.8403
	11	dup	0.694158	35.6844
	11	crg	0.773995	39.1726
	11	dup	0.795501	40.1123
	11	crl	0.91007	45.1179
	11	del	0.918357	45.48
	11	del	0.925764	45.8037
	11	dup	0.937426	46.3132
	11	del	0.960091	47.3034
	11	del	0.991014	48.6545

MUTATIONS   (9)  dup, deln, crl, crg, wgd:	3	9	2	6	0
	eid	type	time
	19	crg	0.985305	2.76104
	17	dup	0.00959083	2.82541
	17	crg	0.127369	3.1102
	17	crg	0.487302	3.98054
	13	del	0.00250261	5.32995
	13	del	0.0543681	7.60305
	13	del	0.165398	12.4692
	13	del	0.223459	15.0138
	13	dup	0.314165	18.9891
	13	crl	0.48931	26.6652
	13	crg	0.561032	29.8086
	13	del	0.614451	32.1497
	13	crg	0.631683	32.9049
	13	del	0.658557	34.0828
	13	dup	0.683998	35.1977
	13	del	0.704394	36.0917
	13	del	0.775915	39.2262
	13	del	0.841417	42.0969
	13	crg	0.913599	45.2604
	13	crl	0.942917	46.5454

MUTATIONS   (10)  dup, deln, crl, crg, wgd:	2	4	3	4	0
	eid	type	time
	19	crg	0.985305	2.76104
	15	dup	0.00423783	3.26518
	15	del	0.0159626	3.39911
	15	dup	0.0265146	3.51965
	15	del	0.604944	10.1272
	15	del	0.719037	11.4305
	4	crg	0.0225788	18.887
	4	del	0.310808	27.7808
	4	crl	0.37608	29.7949
	4	crg	0.539306	34.8316
	4	crg	0.707244	40.0136
	4	crl	0.711814	40.1546
	4	crl	0.756872	41.545

MUTATIONS   (11)  dup, deln, crl, crg, wgd:	0	0	0	0	0
	eid	type	time

