NODE TIMES:	nid	time
	1	221.675
	2	221.675
	3	221.675
	4	221.675
	5	221.675
	6	221.675
	7	221.675
	8	221.675
	9	221.675
	10	221.675
	11	0
	12	0
	13	190.814
	14	144.303
	15	112.537
	16	65.6729
	17	39.1804
	18	15.6545
	19	9.55563
	20	5.51614
	21	3.15224

ANCESTRY    (1)	19 (12 -> 21) 	18 (21 -> 20) 	16 (20 -> 18) 	12 (18 -> 1) 
ANCESTRY    (2)	19 (12 -> 21) 	17 (21 -> 19) 	14 (19 -> 14) 	3 (14 -> 2) 
ANCESTRY    (3)	19 (12 -> 21) 	18 (21 -> 20) 	16 (20 -> 18) 	11 (18 -> 13) 	2 (13 -> 3) 
ANCESTRY    (4)	19 (12 -> 21) 	18 (21 -> 20) 	16 (20 -> 18) 	11 (18 -> 13) 	1 (13 -> 4) 
ANCESTRY    (5)	19 (12 -> 21) 	17 (21 -> 19) 	13 (19 -> 17) 	10 (17 -> 16) 	7 (16 -> 5) 
ANCESTRY    (6)	19 (12 -> 21) 	17 (21 -> 19) 	13 (19 -> 17) 	10 (17 -> 16) 	8 (16 -> 15) 	5 (15 -> 6) 
ANCESTRY    (7)	19 (12 -> 21) 	17 (21 -> 19) 	14 (19 -> 14) 	4 (14 -> 7) 
ANCESTRY    (8)	19 (12 -> 21) 	17 (21 -> 19) 	13 (19 -> 17) 	9 (17 -> 8) 
ANCESTRY    (9)	19 (12 -> 21) 	18 (21 -> 20) 	15 (20 -> 9) 
ANCESTRY    (10)	19 (12 -> 21) 	17 (21 -> 19) 	13 (19 -> 17) 	10 (17 -> 16) 	8 (16 -> 15) 	6 (15 -> 10) 
ANCESTRY    (11)	20 (12 -> 11) 

MUTATIONS   (1)  dup, deln, crl, crg, wgd:	15	18	21	20	1
	eid	type	time
	16	crg	0.440978	9.98694
	16	del	0.622154	11.8238
	16	crl	0.879573	14.4336
	12	dup	0.000935904	15.8473
	12	crl	0.0311638	22.0749
	12	del	0.0331758	22.4894
	12	dup	0.0535489	26.6867
	12	crl	0.0645588	28.955
	12	crl	0.0680416	29.6725
	12	dup	0.0753536	31.1789
	12	crl	0.0808895	32.3194
	12	crl	0.0845062	33.0645
	12	crg	0.0947485	35.1746
	12	dup	0.101327	36.5299
	12	crl	0.120743	40.53
	12	crg	0.131382	42.7219
	12	crl	0.140705	44.6426
	12	dup	0.193974	55.6172
	12	crg	0.220674	61.1179
	12	crl	0.220773	61.1382
	12	del	0.259669	69.1516
	12	wgd	0.262262	69.6858
	12	crg	0.262576	69.7506
	12	del	0.297596	76.9655
	12	dup	0.316813	80.9245
	12	del	0.334261	84.5192
	12	crl	0.372401	92.3768
	12	crg	0.380768	94.1006
	12	del	0.394615	96.9533
	12	dup	0.398032	97.6573
	12	crg	0.398436	97.7405
	12	crg	0.402212	98.5183
	12	del	0.451637	108.701
	12	crg	0.467765	112.024
	12	crg	0.471293	112.751
	12	crl	0.474678	113.448
	12	crg	0.475161	113.547
	12	dup	0.484293	115.429
	12	crg	0.485733	115.725
	12	del	0.488505	116.297
	12	crl	0.488984	116.395
	12	crg	0.492259	117.07
	12	crg	0.512641	121.269
	12	dup	0.52876	124.59
	12	crl	0.529413	124.724
	12	del	0.537384	126.367
	12	crl	0.546812	128.309
	12	crl	0.584767	136.128
	12	del	0.590943	137.401
	12	dup	0.594613	138.157
	12	crl	0.639837	147.474
	12	del	0.684201	156.614
	12	dup	0.696284	159.103
	12	crg	0.698668	159.594
	12	del	0.725581	165.139
	12	crg	0.731329	166.323
	12	del	0.743911	168.915
	12	crl	0.769634	174.215
	12	crl	0.783736	177.12
	12	crg	0.78606	177.599
	12	del	0.801652	180.811
	12	dup	0.804272	181.351
	12	dup	0.819715	184.532
	12	crg	0.833708	187.415
	12	del	0.85468	191.736
	12	dup	0.856332	192.076
	12	crl	0.872424	195.392
	12	del	0.902351	201.557
	12	crg	0.91224	203.595
	12	del	0.926219	206.474
	12	del	0.935517	208.39
	12	crl	0.937865	208.874
	12	dup	0.959	213.228
	12	crl	0.992961	220.225
	12	crg	0.998266	221.318

MUTATIONS   (2)  dup, deln, crl, crg, wgd:	15	34	14	18	1
	eid	type	time
	17	crg	0.514245	6.44515
	14	dup	0.000808443	9.66457
	14	del	0.0794846	20.266
	14	del	0.09069	21.7759
	14	crg	0.0951817	22.3812
	14	crg	0.162218	31.4142
	14	del	0.178491	33.6068
	14	crl	0.185294	34.5236
	14	dup	0.188719	34.9851
	14	crl	0.209498	37.785
	14	crg	0.233514	41.0211
	14	dup	0.270899	46.0586
	14	crg	0.278299	47.0558
	14	del	0.292974	49.0332
	14	dup	0.320364	52.7239
	14	dup	0.333651	54.5143
	14	del	0.340221	55.3997
	14	crg	0.348776	56.5524
	14	dup	0.358965	57.9253
	14	del	0.367068	59.0172
	14	del	0.398194	63.2113
	14	crg	0.412524	65.1423
	14	del	0.506434	77.7964
	14	crl	0.509813	78.2517
	14	del	0.522391	79.9466
	14	del	0.526891	80.5529
	14	crg	0.535176	81.6693
	14	del	0.54514	83.012
	14	del	0.549673	83.6228
	14	crl	0.568753	86.1937
	14	del	0.597572	90.0771
	14	crg	0.626089	93.9196
	14	crl	0.668199	99.5939
	14	del	0.674106	100.39
	14	crl	0.695463	103.268
	14	crg	0.698883	103.728
	14	crg	0.701226	104.044
	14	crl	0.701754	104.115
	14	crl	0.722921	106.968
	14	crl	0.729903	107.908
	14	del	0.731861	108.172
	14	del	0.742899	109.66
	14	del	0.814293	119.28
	14	crg	0.826326	120.901
	14	dup	0.82908	121.272
	14	dup	0.838559	122.55
	14	del	0.848759	123.924
	14	dup	0.852639	124.447
	14	crl	0.853167	124.518
	14	del	0.873726	127.288
	14	del	0.89695	130.418
	14	crg	0.927199	134.493
	14	del	0.983742	142.113
	14	crg	0.999391	144.221
	3	del	0.0256251	146.286
	3	del	0.0352182	147.028
	3	crg	0.0377176	147.222
	3	dup	0.0898626	151.256
	3	crl	0.113434	153.08
	3	del	0.144233	155.463
	3	del	0.180974	158.306
	3	crg	0.221827	161.466
	3	del	0.356558	171.891
	3	wgd	0.373578	173.208
	3	del	0.397106	175.028
	3	dup	0.450546	179.163
	3	crl	0.45151	179.237
	3	del	0.500103	182.997
	3	dup	0.56726	188.193
	3	dup	0.600943	190.799
	3	del	0.633793	193.341
	3	del	0.634376	193.386
	3	crg	0.646992	194.362
	3	dup	0.661464	195.482
	3	del	0.687932	197.53
	3	del	0.695465	198.113
	3	crl	0.726989	200.552
	3	del	0.733872	201.084
	3	crl	0.824267	208.078
	3	del	0.844671	209.657
	3	dup	0.942387	217.217
	3	crg	0.973968	219.661

MUTATIONS   (3)  dup, deln, crl, crg, wgd:	18	25	25	19	0
	eid	type	time
	16	crg	0.440978	9.98694
	16	del	0.622154	11.8238
	16	crl	0.879573	14.4336
	11	dup	0.0193319	19.0407
	11	crg	0.0696557	27.8554
	11	del	0.0805591	29.7652
	11	crg	0.0910221	31.5979
	11	dup	0.0917969	31.7336
	11	del	0.101679	33.4645
	11	crl	0.112088	35.2879
	11	del	0.149428	41.8283
	11	del	0.152498	42.3661
	11	del	0.162311	44.0849
	11	crl	0.204743	51.5174
	11	crl	0.211196	52.6477
	11	crl	0.252064	59.806
	11	del	0.257742	60.8006
	11	crl	0.27687	64.151
	11	dup	0.292805	66.9421
	11	dup	0.29651	67.5912
	11	dup	0.29736	67.7401
	11	dup	0.352676	77.4292
	11	crl	0.353033	77.4917
	11	dup	0.361381	78.9539
	11	crl	0.364984	79.585
	11	crg	0.373044	80.9969
	11	del	0.374451	81.2434
	11	crl	0.405276	86.6426
	11	crg	0.421927	89.5591
	11	del	0.439712	92.6744
	11	dup	0.466871	97.4315
	11	dup	0.508164	104.664
	11	dup	0.523715	107.388
	11	crl	0.533347	109.075
	11	del	0.536652	109.654
	11	crg	0.540516	110.331
	11	del	0.572637	115.958
	11	del	0.575447	116.45
	11	crl	0.576476	116.63
	11	del	0.611	122.677
	11	del	0.64811	129.177
	11	dup	0.661799	131.575
	11	del	0.67488	133.866
	11	dup	0.684902	135.622
	11	dup	0.695828	137.536
	11	crg	0.71539	140.962
	11	del	0.745923	146.31
	11	crg	0.751712	147.324
	11	dup	0.752773	147.51
	11	dup	0.777313	151.809
	11	crl	0.782925	152.792
	11	crg	0.7976	155.362
	11	crg	0.798748	155.563
	11	del	0.811686	157.829
	11	crg	0.830221	161.076
	11	crl	0.835355	161.975
	11	dup	0.835941	162.078
	11	crl	0.8512	164.751
	11	crg	0.865387	167.236
	11	del	0.869088	167.884
	11	crl	0.869644	167.981
	11	crl	0.871802	168.359
	11	crg	0.881325	170.027
	11	del	0.893212	172.11
	11	crl	0.897972	172.943
	11	dup	0.916996	176.275
	11	crg	0.935669	179.546
	11	crg	0.939228	180.17
	11	crg	0.95451	182.846
	11	del	0.962156	184.186
	11	del	0.965433	184.76
	11	crl	0.987026	188.542
	11	crl	0.997392	190.358
	2	crl	0.0180462	191.371
	2	dup	0.0224782	191.508
	2	crg	0.0229453	191.523
	2	crl	0.215735	197.472
	2	del	0.306583	200.276
	2	crl	0.323881	200.81
	2	del	0.39746	203.08
	2	crl	0.511457	206.598
	2	crg	0.520934	206.891
	2	del	0.539746	207.471
	2	crl	0.672173	211.558
	2	crg	0.782926	214.976
	2	crl	0.842505	216.815
	2	del	0.96867	220.708

MUTATIONS   (4)  dup, deln, crl, crg, wgd:	20	27	22	22	0
	eid	type	time
	16	crg	0.440978	9.98694
	16	del	0.622154	11.8238
	16	crl	0.879573	14.4336
	11	dup	0.0193319	19.0407
	11	crg	0.0696557	27.8554
	11	del	0.0805591	29.7652
	11	crg	0.0910221	31.5979
	11	dup	0.0917969	31.7336
	11	del	0.101679	33.4645
	11	crl	0.112088	35.2879
	11	del	0.149428	41.8283
	11	del	0.152498	42.3661
	11	del	0.162311	44.0849
	11	crl	0.204743	51.5174
	11	crl	0.211196	52.6477
	11	crl	0.252064	59.806
	11	del	0.257742	60.8006
	11	crl	0.27687	64.151
	11	dup	0.292805	66.9421
	11	dup	0.29651	67.5912
	11	dup	0.29736	67.7401
	11	dup	0.352676	77.4292
	11	crl	0.353033	77.4917
	11	dup	0.361381	78.9539
	11	crl	0.364984	79.585
	11	crg	0.373044	80.9969
	11	del	0.374451	81.2434
	11	crl	0.405276	86.6426
	11	crg	0.421927	89.5591
	11	del	0.439712	92.6744
	11	dup	0.466871	97.4315
	11	dup	0.508164	104.664
	11	dup	0.523715	107.388
	11	crl	0.533347	109.075
	11	del	0.536652	109.654
	11	crg	0.540516	110.331
	11	del	0.572637	115.958
	11	del	0.575447	116.45
	11	crl	0.576476	116.63
	11	del	0.611	122.677
	11	del	0.64811	129.177
	11	dup	0.661799	131.575
	11	del	0.67488	133.866
	11	dup	0.684902	135.622
	11	dup	0.695828	137.536
	11	crg	0.71539	140.962
	11	del	0.745923	146.31
	11	crg	0.751712	147.324
	11	dup	0.752773	147.51
	11	dup	0.777313	151.809
	11	crl	0.782925	152.792
	11	crg	0.7976	155.362
	11	crg	0.798748	155.563
	11	del	0.811686	157.829
	11	crg	0.830221	161.076
	11	crl	0.835355	161.975
	11	dup	0.835941	162.078
	11	crl	0.8512	164.751
	11	crg	0.865387	167.236
	11	del	0.869088	167.884
	11	crl	0.869644	167.981
	11	crl	0.871802	168.359
	11	crg	0.881325	170.027
	11	del	0.893212	172.11
	11	crl	0.897972	172.943
	11	dup	0.916996	176.275
	11	crg	0.935669	179.546
	11	crg	0.939228	180.17
	11	crg	0.95451	182.846
	11	del	0.962156	184.186
	11	del	0.965433	184.76
	11	crl	0.987026	188.542
	11	crl	0.997392	190.358
	1	crg	0.0865696	193.486
	1	crg	0.0898077	193.586
	1	del	0.26327	198.939
	1	del	0.351459	201.661
	1	crg	0.504193	206.374
	1	crl	0.592196	209.09
	1	del	0.684444	211.937
	1	dup	0.696643	212.313
	1	crl	0.70111	212.451
	1	crg	0.719114	213.007
	1	crg	0.746707	213.858
	1	del	0.781471	214.931
	1	del	0.821291	216.16
	1	dup	0.876361	217.859
	1	crl	0.881899	218.03
	1	crg	0.896078	218.468
	1	del	0.961477	220.486
	1	dup	0.972698	220.832

MUTATIONS   (5)  dup, deln, crl, crg, wgd:	31	30	24	20	0
	eid	type	time
	17	crg	0.514245	6.44515
	13	dup	0.0469052	10.9452
	13	del	0.196998	15.3916
	13	crl	0.202124	15.5435
	13	crl	0.243321	16.764
	13	dup	0.559501	26.1307
	13	crl	0.837984	34.3807
	13	dup	0.88791	35.8597
	13	del	0.92429	36.9375
	13	dup	0.926961	37.0166
	13	del	0.975728	38.4613
	10	dup	0.0585947	40.7327
	10	crg	0.0715395	41.0756
	10	del	0.0834535	41.3913
	10	dup	0.23204	45.3277
	10	crg	0.282297	46.6591
	10	del	0.372408	49.0464
	10	dup	0.432344	50.6343
	10	del	0.577084	54.4688
	10	dup	0.578688	54.5113
	10	crg	0.664031	56.7722
	10	crg	0.809469	60.6253
	10	del	0.847064	61.6212
	10	dup	0.989941	65.4064
	7	dup	0.0508267	73.602
	7	crl	0.0838966	78.761
	7	crl	0.0907834	79.8353
	7	crg	0.113465	83.3737
	7	del	0.116608	83.8641
	7	crl	0.120277	84.4363
	7	dup	0.135447	86.803
	7	del	0.152589	89.477
	7	crl	0.169763	92.1562
	7	crl	0.17458	92.9078
	7	dup	0.176661	93.2325
	7	dup	0.177117	93.3035
	7	del	0.177953	93.434
	7	del	0.198145	96.584
	7	dup	0.208438	98.1896
	7	dup	0.217926	99.6698
	7	crg	0.228877	101.378
	7	crg	0.245893	104.033
	7	crg	0.247838	104.336
	7	crl	0.266183	107.198
	7	del	0.271502	108.028
	7	del	0.278615	109.137
	7	dup	0.315971	114.965
	7	crl	0.330186	117.183
	7	del	0.342269	119.068
	7	del	0.357339	121.418
	7	crg	0.365145	122.636
	7	crl	0.372195	123.736
	7	crl	0.373455	123.933
	7	crg	0.379571	124.887
	7	crg	0.391564	126.758
	7	dup	0.398041	127.768
	7	crl	0.4225	131.584
	7	dup	0.439636	134.257
	7	crl	0.474386	139.678
	7	crl	0.483561	141.109
	7	dup	0.485926	141.478
	7	del	0.487457	141.717
	7	crg	0.489456	142.029
	7	crg	0.489684	142.065
	7	dup	0.492406	142.489
	7	crg	0.496362	143.106
	7	dup	0.509737	145.193
	7	crl	0.509961	145.228
	7	crl	0.533335	148.874
	7	del	0.579197	156.029
	7	del	0.587445	157.315
	7	dup	0.595972	158.646
	7	del	0.612827	161.275
	7	del	0.61675	161.887
	7	dup	0.620985	162.548
	7	dup	0.621418	162.615
	7	crl	0.624113	163.036
	7	crl	0.648655	166.864
	7	del	0.660403	168.697
	7	crl	0.692212	173.659
	7	dup	0.698291	174.608
	7	dup	0.713547	176.988
	7	crl	0.734716	180.29
	7	del	0.736026	180.495
	7	dup	0.741609	181.365
	7	crl	0.756632	183.709
	7	dup	0.788382	188.662
	7	del	0.812569	192.435
	7	del	0.812753	192.464
	7	del	0.830473	195.228
	7	dup	0.840749	196.831
	7	del	0.844422	197.404
	7	del	0.851454	198.501
	7	dup	0.878537	202.726
	7	crl	0.880218	202.989
	7	crg	0.88874	204.318
	7	crg	0.895669	205.399
	7	crg	0.899372	205.977
	7	del	0.919959	209.188
	7	del	0.930064	210.765
	7	crl	0.937872	211.983
	7	del	0.967323	216.577
	7	crg	0.970073	217.006
	7	dup	0.993421	220.649
	7	crg	0.999131	221.539

MUTATIONS   (6)  dup, deln, crl, crg, wgd:	32	17	15	25	0
	eid	type	time
	17	crg	0.514245	6.44515
	13	dup	0.0469052	10.9452
	13	del	0.196998	15.3916
	13	crl	0.202124	15.5435
	13	crl	0.243321	16.764
	13	dup	0.559501	26.1307
	13	crl	0.837984	34.3807
	13	dup	0.88791	35.8597
	13	del	0.92429	36.9375
	13	dup	0.926961	37.0166
	13	del	0.975728	38.4613
	10	dup	0.0585947	40.7327
	10	crg	0.0715395	41.0756
	10	del	0.0834535	41.3913
	10	dup	0.23204	45.3277
	10	crg	0.282297	46.6591
	10	del	0.372408	49.0464
	10	dup	0.432344	50.6343
	10	del	0.577084	54.4688
	10	dup	0.578688	54.5113
	10	crg	0.664031	56.7722
	10	crg	0.809469	60.6253
	10	del	0.847064	61.6212
	10	dup	0.989941	65.4064
	8	crg	0.0410832	67.5983
	8	dup	0.0623286	68.5939
	8	crg	0.0697391	68.9412
	8	crg	0.0896085	69.8724
	8	crg	0.127	71.6247
	8	del	0.127891	71.6665
	8	crg	0.341856	81.6938
	8	dup	0.466549	87.5374
	8	dup	0.523899	90.2251
	8	del	0.540713	91.0131
	8	del	0.600447	93.8125
	8	del	0.618068	94.6383
	8	crl	0.661883	96.6917
	8	crg	0.665821	96.8762
	8	dup	0.667088	96.9356
	8	dup	0.700907	98.5205
	8	crl	0.759619	101.272
	8	del	0.784815	102.453
	8	del	0.851419	105.574
	8	crl	0.920358	108.805
	8	crl	0.965901	110.939
	5	dup	0.0140218	114.068
	5	crg	0.0359399	116.46
	5	crl	0.0451879	117.469
	5	del	0.0470754	117.675
	5	dup	0.0726672	120.468
	5	crg	0.10366	123.85
	5	dup	0.15899	129.889
	5	dup	0.168178	130.892
	5	crg	0.178595	132.029
	5	crg	0.181312	132.325
	5	dup	0.20626	135.048
	5	del	0.221716	136.735
	5	del	0.268769	141.87
	5	crl	0.268814	141.875
	5	dup	0.288674	144.042
	5	crl	0.318377	147.284
	5	crl	0.336533	149.266
	5	crl	0.40372	156.598
	5	crg	0.452356	161.906
	5	crg	0.475226	164.402
	5	dup	0.488948	165.9
	5	crl	0.499532	167.055
	5	dup	0.502339	167.361
	5	dup	0.551006	172.673
	5	crg	0.580482	175.89
	5	dup	0.584855	176.367
	5	crg	0.587715	176.679
	5	dup	0.63199	181.511
	5	crl	0.640056	182.392
	5	crl	0.644127	182.836
	5	dup	0.649296	183.4
	5	crg	0.659944	184.562
	5	del	0.674828	186.186
	5	dup	0.686772	187.49
	5	crg	0.68764	187.585
	5	dup	0.691978	188.058
	5	dup	0.708988	189.915
	5	dup	0.757696	195.23
	5	dup	0.802514	200.122
	5	crg	0.823133	202.372
	5	crg	0.830586	203.185
	5	dup	0.837703	203.962
	5	crg	0.87333	207.85
	5	crg	0.968069	218.19

MUTATIONS   (7)  dup, deln, crl, crg, wgd:	17	27	23	19	0
	eid	type	time
	17	crg	0.514245	6.44515
	14	dup	0.000808443	9.66457
	14	del	0.0794846	20.266
	14	del	0.09069	21.7759
	14	crg	0.0951817	22.3812
	14	crg	0.162218	31.4142
	14	del	0.178491	33.6068
	14	crl	0.185294	34.5236
	14	dup	0.188719	34.9851
	14	crl	0.209498	37.785
	14	crg	0.233514	41.0211
	14	dup	0.270899	46.0586
	14	crg	0.278299	47.0558
	14	del	0.292974	49.0332
	14	dup	0.320364	52.7239
	14	dup	0.333651	54.5143
	14	del	0.340221	55.3997
	14	crg	0.348776	56.5524
	14	dup	0.358965	57.9253
	14	del	0.367068	59.0172
	14	del	0.398194	63.2113
	14	crg	0.412524	65.1423
	14	del	0.506434	77.7964
	14	crl	0.509813	78.2517
	14	del	0.522391	79.9466
	14	del	0.526891	80.5529
	14	crg	0.535176	81.6693
	14	del	0.54514	83.012
	14	del	0.549673	83.6228
	14	crl	0.568753	86.1937
	14	del	0.597572	90.0771
	14	crg	0.626089	93.9196
	14	crl	0.668199	99.5939
	14	del	0.674106	100.39
	14	crl	0.695463	103.268
	14	crg	0.698883	103.728
	14	crg	0.701226	104.044
	14	crl	0.701754	104.115
	14	crl	0.722921	106.968
	14	crl	0.729903	107.908
	14	del	0.731861	108.172
	14	del	0.742899	109.66
	14	del	0.814293	119.28
	14	crg	0.826326	120.901
	14	dup	0.82908	121.272
	14	dup	0.838559	122.55
	14	del	0.848759	123.924
	14	dup	0.852639	124.447
	14	crl	0.853167	124.518
	14	del	0.873726	127.288
	14	del	0.89695	130.418
	14	crg	0.927199	134.493
	14	del	0.983742	142.113
	14	crg	0.999391	144.221
	4	dup	0.035662	147.063
	4	del	0.0396411	147.37
	4	del	0.0587778	148.851
	4	crl	0.0727145	149.929
	4	crg	0.131216	154.456
	4	crl	0.215889	161.007
	4	del	0.241202	162.965
	4	dup	0.255751	164.091
	4	crl	0.278333	165.838
	4	dup	0.287363	166.537
	4	dup	0.383664	173.988
	4	crl	0.40749	175.831
	4	crl	0.421396	176.907
	4	del	0.438295	178.215
	4	dup	0.464874	180.271
	4	crl	0.474179	180.991
	4	dup	0.559507	187.593
	4	del	0.615869	191.954
	4	crl	0.624113	192.592
	4	dup	0.626891	192.807
	4	crg	0.678767	196.821
	4	crl	0.681518	197.033
	4	crg	0.685303	197.326
	4	dup	0.724025	200.322
	4	crg	0.729169	200.72
	4	crl	0.801873	206.346
	4	crl	0.802189	206.37
	4	crl	0.833672	208.806
	4	del	0.852737	210.281
	4	crl	0.861755	210.979
	4	crg	0.871983	211.77
	4	crl	0.948509	217.691

MUTATIONS   (8)  dup, deln, crl, crg, wgd:	16	12	23	24	0
	eid	type	time
	17	crg	0.514245	6.44515
	13	dup	0.0469052	10.9452
	13	del	0.196998	15.3916
	13	crl	0.202124	15.5435
	13	crl	0.243321	16.764
	13	dup	0.559501	26.1307
	13	crl	0.837984	34.3807
	13	dup	0.88791	35.8597
	13	del	0.92429	36.9375
	13	dup	0.926961	37.0166
	13	del	0.975728	38.4613
	9	crl	0.0128693	41.5289
	9	dup	0.0231568	43.4064
	9	dup	0.0339037	45.3676
	9	crl	0.0488919	48.1029
	9	crg	0.0654848	51.131
	9	dup	0.0853444	54.7552
	9	dup	0.0992741	57.2973
	9	crl	0.105767	58.4823
	9	del	0.126942	62.3467
	9	crl	0.138311	64.4213
	9	dup	0.14161	65.0235
	9	dup	0.159554	68.2982
	9	del	0.187733	73.4406
	9	dup	0.203424	76.3041
	9	crg	0.205649	76.7101
	9	del	0.205713	76.7219
	9	crg	0.212527	77.9653
	9	crl	0.214879	78.3946
	9	del	0.235118	82.0882
	9	crl	0.246018	84.0773
	9	crl	0.257083	86.0967
	9	crg	0.257802	86.2279
	9	crl	0.29507	93.029
	9	dup	0.316661	96.9692
	9	crl	0.33314	99.9766
	9	crg	0.387058	109.816
	9	crl	0.414971	114.91
	9	dup	0.421124	116.033
	9	dup	0.464086	123.874
	9	crg	0.468132	124.612
	9	crl	0.478563	126.516
	9	del	0.490306	128.658
	9	crg	0.503213	131.014
	9	crg	0.504346	131.221
	9	crg	0.508178	131.92
	9	crl	0.537045	137.188
	9	crg	0.571033	143.391
	9	crg	0.599618	148.607
	9	crg	0.605769	149.73
	9	crg	0.624553	153.158
	9	crg	0.626742	153.557
	9	crl	0.627309	153.661
	9	dup	0.646234	157.115
	9	crg	0.676205	162.584
	9	crg	0.691153	165.312
	9	crl	0.705682	167.963
	9	crl	0.715529	169.761
	9	del	0.72114	170.784
	9	crl	0.731598	172.693
	9	del	0.750256	176.098
	9	crg	0.785367	182.506
	9	crg	0.790936	183.522
	9	del	0.799794	185.138
	9	crl	0.820417	188.902
	9	crl	0.824725	189.688
	9	crg	0.827224	190.144
	9	crg	0.847366	193.82
	9	dup	0.865733	197.172
	9	crg	0.866617	197.333
	9	crg	0.880618	199.888
	9	del	0.904588	204.263
	9	crl	0.935948	209.986
	9	crg	0.949106	212.387
	9	crl	0.989605	219.778

MUTATIONS   (9)  dup, deln, crl, crg, wgd:	20	24	19	25	0
	eid	type	time
	15	dup	0.0264414	11.2317
	15	dup	0.028823	11.7465
	15	dup	0.0307801	12.1695
	15	crg	0.0398689	14.1342
	15	crg	0.0433387	14.8842
	15	crl	0.0603524	18.5618
	15	del	0.0793436	22.667
	15	crg	0.0815668	23.1475
	15	crl	0.118439	31.1179
	15	del	0.122778	32.0556
	15	dup	0.154616	38.9377
	15	del	0.156309	39.3038
	15	crl	0.157722	39.6091
	15	crg	0.201574	49.0882
	15	dup	0.21034	50.9831
	15	crg	0.21609	52.226
	15	crg	0.220181	53.1101
	15	crl	0.229038	55.0247
	15	dup	0.231225	55.4975
	15	crl	0.231876	55.6381
	15	dup	0.233782	56.0502
	15	crl	0.256679	60.9996
	15	crl	0.271362	64.1734
	15	del	0.272144	64.3424
	15	crg	0.27344	64.6226
	15	crl	0.280281	66.1013
	15	crg	0.28362	66.8231
	15	crg	0.302737	70.9555
	15	crl	0.303909	71.2087
	15	crg	0.309436	72.4035
	15	del	0.329808	76.807
	15	crg	0.339428	78.8865
	15	crl	0.361288	83.6117
	15	crl	0.368505	85.1717
	15	dup	0.415752	95.3847
	15	crg	0.420995	96.5178
	15	crg	0.424072	97.183
	15	dup	0.438434	100.288
	15	crg	0.461281	105.226
	15	del	0.465605	106.161
	15	dup	0.482009	109.707
	15	del	0.490113	111.458
	15	crg	0.525285	119.061
	15	del	0.538118	121.835
	15	del	0.54039	122.326
	15	crg	0.54063	122.378
	15	del	0.544131	123.135
	15	dup	0.555179	125.523
	15	dup	0.587541	132.518
	15	del	0.594357	133.992
	15	crl	0.601968	135.637
	15	crg	0.615846	138.637
	15	dup	0.616494	138.777
	15	dup	0.617098	138.907
	15	crl	0.629657	141.622
	15	del	0.649901	145.998
	15	crg	0.654902	147.079
	15	crl	0.662083	148.631
	15	crl	0.684759	153.533
	15	del	0.699683	156.759
	15	del	0.707427	158.433
	15	crg	0.720316	161.219
	15	del	0.760356	169.874
	15	crl	0.779485	174.009
	15	dup	0.781745	174.497
	15	dup	0.789693	176.215
	15	del	0.793217	176.977
	15	dup	0.795311	177.43
	15	del	0.814908	181.666
	15	crg	0.818557	182.454
	15	dup	0.831947	185.349
	15	del	0.837159	186.475
	15	crg	0.847069	188.618
	15	crl	0.871058	193.803
	15	del	0.874552	194.558
	15	crl	0.887994	197.464
	15	del	0.88999	197.895
	15	crl	0.928557	206.232
	15	dup	0.92966	206.47
	15	crg	0.942088	209.157
	15	crg	0.961045	213.254
	15	del	0.967689	214.691
	15	crg	0.974629	216.191
	15	crg	0.976822	216.665
	15	dup	0.982518	217.896
	15	del	0.982957	217.991
	15	del	0.992942	220.149
	15	del	0.996732	220.968

MUTATIONS   (10)  dup, deln, crl, crg, wgd:	19	23	20	21	0
	eid	type	time
	17	crg	0.514245	6.44515
	13	dup	0.0469052	10.9452
	13	del	0.196998	15.3916
	13	crl	0.202124	15.5435
	13	crl	0.243321	16.764
	13	dup	0.559501	26.1307
	13	crl	0.837984	34.3807
	13	dup	0.88791	35.8597
	13	del	0.92429	36.9375
	13	dup	0.926961	37.0166
	13	del	0.975728	38.4613
	10	dup	0.0585947	40.7327
	10	crg	0.0715395	41.0756
	10	del	0.0834535	41.3913
	10	dup	0.23204	45.3277
	10	crg	0.282297	46.6591
	10	del	0.372408	49.0464
	10	dup	0.432344	50.6343
	10	del	0.577084	54.4688
	10	dup	0.578688	54.5113
	10	crg	0.664031	56.7722
	10	crg	0.809469	60.6253
	10	del	0.847064	61.6212
	10	dup	0.989941	65.4064
	8	crg	0.0410832	67.5983
	8	dup	0.0623286	68.5939
	8	crg	0.0697391	68.9412
	8	crg	0.0896085	69.8724
	8	crg	0.127	71.6247
	8	del	0.127891	71.6665
	8	crg	0.341856	81.6938
	8	dup	0.466549	87.5374
	8	dup	0.523899	90.2251
	8	del	0.540713	91.0131
	8	del	0.600447	93.8125
	8	del	0.618068	94.6383
	8	crl	0.661883	96.6917
	8	crg	0.665821	96.8762
	8	dup	0.667088	96.9356
	8	dup	0.700907	98.5205
	8	crl	0.759619	101.272
	8	del	0.784815	102.453
	8	del	0.851419	105.574
	8	crl	0.920358	108.805
	8	crl	0.965901	110.939
	6	del	0.0125276	113.905
	6	crl	0.0202232	114.744
	6	crl	0.0335243	116.196
	6	crl	0.0509172	118.094
	6	crg	0.087259	122.061
	6	crl	0.148871	128.785
	6	crl	0.198283	134.177
	6	dup	0.204045	134.806
	6	dup	0.28963	144.147
	6	crl	0.346724	150.378
	6	crl	0.36703	152.594
	6	del	0.399093	156.093
	6	crl	0.402785	156.496
	6	del	0.407152	156.973
	6	crl	0.427639	159.209
	6	crg	0.438765	160.423
	6	crg	0.461962	162.955
	6	crg	0.467773	163.589
	6	del	0.478586	164.769
	6	del	0.488487	165.85
	6	crg	0.551714	172.75
	6	del	0.556011	173.219
	6	dup	0.564928	174.192
	6	crg	0.66356	184.957
	6	crg	0.663761	184.979
	6	crl	0.724055	191.559
	6	dup	0.724666	191.626
	6	dup	0.764687	195.993
	6	crg	0.798424	199.675
	6	crl	0.856474	206.011
	6	crl	0.861184	206.525
	6	crl	0.880142	208.594
	6	del	0.884545	209.074
	6	crg	0.886789	209.319
	6	crg	0.917247	212.643
	6	del	0.944496	215.617
	6	del	0.951358	216.366
	6	del	0.965464	217.906

MUTATIONS   (11)  dup, deln, crl, crg, wgd:	0	0	0	0	0
	eid	type	time

