NODE TIMES:	nid	time
	1	136.809
	2	136.809
	3	136.809
	4	136.809
	5	136.809
	6	136.809
	7	136.809
	8	136.809
	9	136.809
	10	136.809
	11	0
	12	0
	13	133.461
	14	77.3652
	15	62.3794
	16	25.6577
	17	24.1991
	18	15.0301
	19	13.8948
	20	2.54395
	21	0.0974202

ANCESTRY    (1)	19 (12 -> 21) 	17 (21 -> 20) 	15 (20 -> 17) 	10 (17 -> 14) 	3 (14 -> 1) 
ANCESTRY    (2)	19 (12 -> 21) 	17 (21 -> 20) 	15 (20 -> 17) 	10 (17 -> 14) 	4 (14 -> 13) 	1 (13 -> 2) 
ANCESTRY    (3)	19 (12 -> 21) 	17 (21 -> 20) 	16 (20 -> 18) 	11 (18 -> 16) 	7 (16 -> 3) 
ANCESTRY    (4)	19 (12 -> 21) 	18 (21 -> 19) 	13 (19 -> 15) 	5 (15 -> 4) 
ANCESTRY    (5)	19 (12 -> 21) 	17 (21 -> 20) 	16 (20 -> 18) 	12 (18 -> 5) 
ANCESTRY    (6)	19 (12 -> 21) 	17 (21 -> 20) 	15 (20 -> 17) 	10 (17 -> 14) 	4 (14 -> 13) 	2 (13 -> 6) 
ANCESTRY    (7)	19 (12 -> 21) 	17 (21 -> 20) 	16 (20 -> 18) 	11 (18 -> 16) 	8 (16 -> 7) 
ANCESTRY    (8)	19 (12 -> 21) 	18 (21 -> 19) 	14 (19 -> 8) 
ANCESTRY    (9)	19 (12 -> 21) 	17 (21 -> 20) 	15 (20 -> 17) 	9 (17 -> 9) 
ANCESTRY    (10)	19 (12 -> 21) 	18 (21 -> 19) 	13 (19 -> 15) 	6 (15 -> 10) 
ANCESTRY    (11)	20 (12 -> 11) 

MUTATIONS   (1)  dup, deln, crl, crg, wgd:	18	6	13	11	0
	eid	type	time
	17	dup	0.0998137	0.341618
	17	crl	0.780112	2.00599
	15	crg	0.226508	7.44901
	15	crl	0.52774	13.9722
	15	dup	0.548367	14.4189
	15	crl	0.743036	18.6345
	15	crl	0.83701	20.6695
	10	crg	0.031359	25.8663
	10	dup	0.0474846	26.7237
	10	dup	0.0607481	27.4288
	10	dup	0.0640516	27.6045
	10	dup	0.131017	31.1648
	10	crl	0.155054	32.4427
	10	del	0.188509	34.2214
	10	dup	0.216705	35.7205
	10	crg	0.22007	35.8993
	10	dup	0.239924	36.9549
	10	crl	0.247895	37.3787
	10	crl	0.286612	39.4371
	10	crl	0.377431	44.2656
	10	del	0.43833	47.5033
	10	dup	0.45399	48.3359
	10	dup	0.474599	49.4317
	10	crg	0.571187	54.5668
	10	crg	0.777796	65.5514
	10	crg	0.851435	69.4665
	10	crl	0.876004	70.7728
	10	del	0.931696	73.7337
	3	crg	0.00680496	77.7697
	3	del	0.11886	84.4307
	3	crl	0.124695	84.7776
	3	del	0.251502	92.3155
	3	dup	0.387761	100.415
	3	crg	0.388274	100.446
	3	crl	0.476789	105.708
	3	crg	0.503513	107.296
	3	dup	0.529648	108.85
	3	crg	0.532938	109.045
	3	dup	0.570814	111.297
	3	crl	0.576584	111.64
	3	crl	0.726311	120.54
	3	dup	0.73802	121.236
	3	del	0.806907	125.331
	3	dup	0.809285	125.472
	3	dup	0.832524	126.854
	3	dup	0.923583	132.267
	3	crg	0.927146	132.479
	3	dup	0.983838	135.849

MUTATIONS   (2)  dup, deln, crl, crg, wgd:	17	10	16	11	0
	eid	type	time
	17	dup	0.0998137	0.341618
	17	crl	0.780112	2.00599
	15	crg	0.226508	7.44901
	15	crl	0.52774	13.9722
	15	dup	0.548367	14.4189
	15	crl	0.743036	18.6345
	15	crl	0.83701	20.6695
	10	crg	0.031359	25.8663
	10	dup	0.0474846	26.7237
	10	dup	0.0607481	27.4288
	10	dup	0.0640516	27.6045
	10	dup	0.131017	31.1648
	10	crl	0.155054	32.4427
	10	del	0.188509	34.2214
	10	dup	0.216705	35.7205
	10	crg	0.22007	35.8993
	10	dup	0.239924	36.9549
	10	crl	0.247895	37.3787
	10	crl	0.286612	39.4371
	10	crl	0.377431	44.2656
	10	del	0.43833	47.5033
	10	dup	0.45399	48.3359
	10	dup	0.474599	49.4317
	10	crg	0.571187	54.5668
	10	crg	0.777796	65.5514
	10	crg	0.851435	69.4665
	10	crl	0.876004	70.7728
	10	del	0.931696	73.7337
	4	crl	0.0273856	78.9014
	4	del	0.0934228	82.6058
	4	crg	0.106793	83.3558
	4	crl	0.111123	83.5987
	4	dup	0.125519	84.4063
	4	del	0.152941	85.9445
	4	crg	0.159833	86.3312
	4	crl	0.214016	89.3706
	4	del	0.237602	90.6937
	4	crg	0.25416	91.6225
	4	crl	0.402494	99.9435
	4	crl	0.563989	109.003
	4	dup	0.572374	109.473
	4	del	0.597696	110.894
	4	crg	0.603907	111.242
	4	del	0.711414	117.273
	4	del	0.765695	120.318
	4	crl	0.797739	122.115
	4	dup	0.802937	122.407
	4	dup	0.826472	123.727
	4	dup	0.850681	125.085
	4	dup	0.878711	126.657
	4	crl	0.883782	126.942
	4	crg	0.933104	129.709
	1	del	0.783466	136.084
	1	dup	0.810887	136.176

MUTATIONS   (3)  dup, deln, crl, crg, wgd:	15	14	17	8	1
	eid	type	time
	17	dup	0.0998137	0.341618
	17	crl	0.780112	2.00599
	16	del	0.0831065	3.58163
	16	crg	0.161835	4.56465
	16	dup	0.370854	7.17448
	16	del	0.522958	9.07368
	16	crg	0.577188	9.7508
	16	del	0.890924	13.6682
	16	dup	0.898793	13.7664
	11	crl	0.0819468	15.901
	11	del	0.153085	16.657
	11	crl	0.658184	22.025
	11	crl	0.865372	24.2269
	11	dup	0.965137	25.2872
	7	del	0.0963056	36.3622
	7	crl	0.121138	39.1224
	7	crg	0.136267	40.8041
	7	dup	0.224686	50.632
	7	del	0.246709	53.0798
	7	del	0.252791	53.7559
	7	crl	0.272761	55.9756
	7	del	0.308026	59.8954
	7	dup	0.351577	64.7361
	7	del	0.376492	67.5055
	7	dup	0.408335	71.0449
	7	del	0.411345	71.3794
	7	dup	0.448161	75.4716
	7	wgd	0.482333	79.2698
	7	crl	0.488333	79.9368
	7	dup	0.506158	81.918
	7	dup	0.535513	85.1809
	7	dup	0.544231	86.1499
	7	dup	0.547218	86.482
	7	crg	0.579154	90.0317
	7	del	0.58786	90.9993
	7	del	0.590387	91.2803
	7	crg	0.603417	92.7285
	7	crl	0.611506	93.6277
	7	crl	0.643885	97.2266
	7	crg	0.675131	100.7
	7	crl	0.677296	100.94
	7	dup	0.751156	109.15
	7	dup	0.756923	109.791
	7	crg	0.766778	110.886
	7	crl	0.770084	111.254
	7	crl	0.776355	111.951
	7	del	0.880776	123.557
	7	crl	0.899898	125.683
	7	crl	0.921445	128.078
	7	crg	0.928637	128.877
	7	crl	0.956934	132.023
	7	crl	0.958968	132.249
	7	dup	0.963564	132.76
	7	crl	0.975603	134.098
	7	del	0.990083	135.707

MUTATIONS   (4)  dup, deln, crl, crg, wgd:	10	17	12	11	0
	eid	type	time
	18	crg	0.0387645	0.632269
	18	crl	0.212151	3.02455
	18	dup	0.532189	7.44024
	18	del	0.571566	7.98354
	18	del	0.592602	8.27378
	18	crl	0.598037	8.34876
	18	crg	0.939888	13.0654
	13	crg	0.0585506	16.7336
	13	del	0.0736596	17.4662
	13	del	0.140139	20.6894
	13	crg	0.210071	24.08
	13	dup	0.28554	27.7391
	13	crg	0.286348	27.7783
	13	del	0.288316	27.8737
	13	dup	0.37232	31.9466
	13	del	0.400886	33.3316
	13	dup	0.417516	34.1379
	13	crl	0.549969	40.5598
	13	del	0.55985	41.0389
	13	dup	0.579421	41.9878
	13	crl	0.6058	43.2668
	13	dup	0.71747	48.681
	13	dup	0.727093	49.1476
	13	crl	0.755927	50.5457
	13	crl	0.906914	57.8662
	13	crl	0.97273	61.0572
	13	dup	0.979808	61.4004
	5	crg	0.00420885	62.6927
	5	del	0.173809	75.316
	5	dup	0.289061	83.8942
	5	del	0.305609	85.1259
	5	del	0.319843	86.1854
	5	crl	0.367525	89.7343
	5	del	0.386825	91.1708
	5	crg	0.470816	97.4222
	5	del	0.530984	101.901
	5	del	0.583316	105.796
	5	crg	0.681465	113.101
	5	crg	0.686954	113.509
	5	crg	0.724808	116.327
	5	del	0.725855	116.405
	5	crl	0.803808	122.207
	5	del	0.80985	122.657
	5	del	0.813919	122.959
	5	crl	0.869797	127.118
	5	crg	0.891964	128.768
	5	dup	0.903365	129.617
	5	del	0.91105	130.189
	5	crl	0.95227	133.257
	5	crl	0.996875	136.577

MUTATIONS   (5)  dup, deln, crl, crg, wgd:	14	18	11	13	0
	eid	type	time
	17	dup	0.0998137	0.341618
	17	crl	0.780112	2.00599
	16	del	0.0831065	3.58163
	16	crg	0.161835	4.56465
	16	dup	0.370854	7.17448
	16	del	0.522958	9.07368
	16	crg	0.577188	9.7508
	16	del	0.890924	13.6682
	16	dup	0.898793	13.7664
	12	crl	0.0251315	18.0906
	12	del	0.0275697	18.3875
	12	dup	0.0358139	19.3915
	12	dup	0.0693716	23.4781
	12	dup	0.0947965	26.5743
	12	crg	0.124822	30.2308
	12	dup	0.133605	31.3004
	12	del	0.137958	31.8305
	12	del	0.145681	32.771
	12	del	0.198961	39.2594
	12	crg	0.200667	39.4672
	12	crl	0.24898	45.3507
	12	crl	0.270454	47.9657
	12	del	0.285588	49.8089
	12	crg	0.29435	50.8758
	12	crg	0.317845	53.7371
	12	dup	0.36117	59.0131
	12	del	0.395508	63.1948
	12	dup	0.413782	65.4202
	12	crl	0.432082	67.6488
	12	crg	0.455292	70.4753
	12	dup	0.458495	70.8653
	12	crl	0.462909	71.4028
	12	del	0.491334	74.8644
	12	dup	0.49166	74.9041
	12	crl	0.494975	75.3078
	12	crg	0.502271	76.1963
	12	del	0.526807	79.1842
	12	del	0.546573	81.5914
	12	del	0.574578	85.0018
	12	del	0.616062	90.0537
	12	dup	0.617009	90.169
	12	crl	0.6323	92.0311
	12	dup	0.644224	93.4832
	12	del	0.651094	94.3199
	12	crg	0.668367	96.4233
	12	del	0.688428	98.8664
	12	crl	0.721629	102.91
	12	dup	0.728246	103.715
	12	crg	0.736693	104.744
	12	crl	0.751983	106.606
	12	crl	0.80978	113.645
	12	del	0.815214	114.306
	12	crg	0.88608	122.936
	12	crg	0.892394	123.705
	12	del	0.919125	126.961
	12	crg	0.975	133.765

MUTATIONS   (6)  dup, deln, crl, crg, wgd:	16	10	16	11	0
	eid	type	time
	17	dup	0.0998137	0.341618
	17	crl	0.780112	2.00599
	15	crg	0.226508	7.44901
	15	crl	0.52774	13.9722
	15	dup	0.548367	14.4189
	15	crl	0.743036	18.6345
	15	crl	0.83701	20.6695
	10	crg	0.031359	25.8663
	10	dup	0.0474846	26.7237
	10	dup	0.0607481	27.4288
	10	dup	0.0640516	27.6045
	10	dup	0.131017	31.1648
	10	crl	0.155054	32.4427
	10	del	0.188509	34.2214
	10	dup	0.216705	35.7205
	10	crg	0.22007	35.8993
	10	dup	0.239924	36.9549
	10	crl	0.247895	37.3787
	10	crl	0.286612	39.4371
	10	crl	0.377431	44.2656
	10	del	0.43833	47.5033
	10	dup	0.45399	48.3359
	10	dup	0.474599	49.4317
	10	crg	0.571187	54.5668
	10	crg	0.777796	65.5514
	10	crg	0.851435	69.4665
	10	crl	0.876004	70.7728
	10	del	0.931696	73.7337
	4	crl	0.0273856	78.9014
	4	del	0.0934228	82.6058
	4	crg	0.106793	83.3558
	4	crl	0.111123	83.5987
	4	dup	0.125519	84.4063
	4	del	0.152941	85.9445
	4	crg	0.159833	86.3312
	4	crl	0.214016	89.3706
	4	del	0.237602	90.6937
	4	crg	0.25416	91.6225
	4	crl	0.402494	99.9435
	4	crl	0.563989	109.003
	4	dup	0.572374	109.473
	4	del	0.597696	110.894
	4	crg	0.603907	111.242
	4	del	0.711414	117.273
	4	del	0.765695	120.318
	4	crl	0.797739	122.115
	4	dup	0.802937	122.407
	4	dup	0.826472	123.727
	4	dup	0.850681	125.085
	4	dup	0.878711	126.657
	4	crl	0.883782	126.942
	4	crg	0.933104	129.709
	2	del	0.28401	134.412

MUTATIONS   (7)  dup, deln, crl, crg, wgd:	18	18	18	13	0
	eid	type	time
	17	dup	0.0998137	0.341618
	17	crl	0.780112	2.00599
	16	del	0.0831065	3.58163
	16	crg	0.161835	4.56465
	16	dup	0.370854	7.17448
	16	del	0.522958	9.07368
	16	crg	0.577188	9.7508
	16	del	0.890924	13.6682
	16	dup	0.898793	13.7664
	11	crl	0.0819468	15.901
	11	del	0.153085	16.657
	11	crl	0.658184	22.025
	11	crl	0.865372	24.2269
	11	dup	0.965137	25.2872
	8	dup	0.0411702	30.2339
	8	crl	0.0526729	31.5124
	8	crl	0.0637913	32.7482
	8	crl	0.0769724	34.2133
	8	dup	0.083507	34.9397
	8	del	0.103718	37.1861
	8	del	0.123836	39.4223
	8	del	0.126631	39.733
	8	dup	0.143337	41.5899
	8	crg	0.180056	45.6713
	8	dup	0.198596	47.732
	8	crg	0.202963	48.2174
	8	crl	0.214536	49.5037
	8	dup	0.220554	50.1727
	8	dup	0.221689	50.2989
	8	crl	0.233371	51.5973
	8	dup	0.237541	52.0608
	8	crg	0.246586	53.0662
	8	crg	0.259743	54.5285
	8	crg	0.265475	55.1657
	8	crl	0.274537	56.173
	8	del	0.285188	57.3568
	8	del	0.317087	60.9025
	8	crl	0.327351	62.0433
	8	del	0.337928	63.219
	8	del	0.347865	64.3235
	8	dup	0.3645	66.1725
	8	crg	0.424717	72.8657
	8	crl	0.431924	73.6668
	8	crl	0.449133	75.5797
	8	crg	0.449604	75.632
	8	crl	0.457297	76.487
	8	dup	0.522279	83.7099
	8	del	0.56664	88.6408
	8	crg	0.666747	99.7678
	8	dup	0.684495	101.741
	8	del	0.692045	102.58
	8	crl	0.713419	104.955
	8	del	0.740372	107.951
	8	dup	0.754377	109.508
	8	dup	0.761337	110.282
	8	dup	0.767639	110.982
	8	crl	0.809663	115.653
	8	crg	0.821346	116.952
	8	crl	0.83129	118.057
	8	crg	0.83863	118.873
	8	crg	0.853142	120.486
	8	del	0.875785	123.003
	8	dup	0.886398	124.182
	8	del	0.91082	126.897
	8	del	0.917289	127.616
	8	del	0.97029	133.507
	8	crl	0.992134	135.935

MUTATIONS   (8)  dup, deln, crl, crg, wgd:	10	7	15	12	0
	eid	type	time
	18	crg	0.0387645	0.632269
	18	crl	0.212151	3.02455
	18	dup	0.532189	7.44024
	18	del	0.571566	7.98354
	18	del	0.592602	8.27378
	18	crl	0.598037	8.34876
	18	crg	0.939888	13.0654
	14	crg	0.0467313	19.6388
	14	dup	0.0630046	21.639
	14	crl	0.068145	22.2708
	14	dup	0.113064	27.792
	14	crl	0.179793	35.994
	14	del	0.186093	36.7683
	14	dup	0.25959	45.8022
	14	crl	0.26417	46.3652
	14	crg	0.270762	47.1754
	14	dup	0.292074	49.795
	14	crl	0.322357	53.5172
	14	del	0.322628	53.5504
	14	crg	0.346271	56.4566
	14	del	0.38246	60.9047
	14	dup	0.428414	66.5532
	14	dup	0.430149	66.7665
	14	crl	0.441203	68.1251
	14	crg	0.445251	68.6226
	14	del	0.446298	68.7513
	14	crl	0.516479	77.3776
	14	crg	0.516962	77.437
	14	crl	0.53312	79.4231
	14	crl	0.544697	80.846
	14	crl	0.563834	83.1982
	14	crl	0.595352	87.0723
	14	crl	0.614628	89.4416
	14	crl	0.617829	89.835
	14	crg	0.618586	89.9281
	14	dup	0.672868	96.6001
	14	crg	0.727398	103.303
	14	dup	0.736959	104.478
	14	crg	0.741402	105.024
	14	del	0.761621	107.509
	14	crg	0.762532	107.621
	14	crl	0.765517	107.988
	14	crg	0.841229	117.294
	14	dup	0.855867	119.093

MUTATIONS   (9)  dup, deln, crl, crg, wgd:	16	11	12	20	0
	eid	type	time
	17	dup	0.0998137	0.341618
	17	crl	0.780112	2.00599
	15	crg	0.226508	7.44901
	15	crl	0.52774	13.9722
	15	dup	0.548367	14.4189
	15	crl	0.743036	18.6345
	15	crl	0.83701	20.6695
	9	crl	0.0429799	29.0391
	9	dup	0.0577673	30.7043
	9	dup	0.0633122	31.3287
	9	del	0.063325	31.3301
	9	dup	0.0949365	34.8899
	9	crl	0.122145	37.9538
	9	dup	0.125792	38.3645
	9	del	0.132574	39.1282
	9	crl	0.140363	40.0054
	9	dup	0.163102	42.5661
	9	crg	0.198443	46.5458
	9	crl	0.218387	48.7917
	9	crl	0.233794	50.5267
	9	crg	0.238457	51.0518
	9	del	0.244258	51.705
	9	crg	0.244392	51.7202
	9	crg	0.285797	56.3827
	9	crg	0.317852	59.9925
	9	del	0.326835	61.0041
	9	crg	0.365542	65.3629
	9	del	0.38375	67.4134
	9	dup	0.399669	69.206
	9	del	0.447508	74.5931
	9	del	0.451861	75.0833
	9	crg	0.465309	76.5977
	9	crg	0.472668	77.4264
	9	crg	0.474082	77.5856
	9	del	0.485366	78.8563
	9	crg	0.503839	80.9365
	9	crg	0.525231	83.3456
	9	crg	0.526942	83.5382
	9	dup	0.538235	84.8099
	9	crg	0.559125	87.1623
	9	crg	0.566846	88.0318
	9	dup	0.582724	89.8198
	9	dup	0.60286	92.0873
	9	dup	0.6158	93.5446
	9	dup	0.665152	99.1021
	9	crg	0.690425	101.948
	9	crg	0.695642	102.536
	9	dup	0.735347	107.007
	9	del	0.759978	109.78
	9	crl	0.777065	111.705
	9	crg	0.829157	117.571
	9	crl	0.832955	117.998
	9	dup	0.862607	121.338
	9	del	0.898018	125.325
	9	crl	0.916502	127.407
	9	crg	0.975734	134.077
	9	crg	0.985618	135.19
	9	del	0.988912	135.561
	9	dup	0.992323	135.945

MUTATIONS   (10)  dup, deln, crl, crg, wgd:	17	15	16	11	0
	eid	type	time
	18	crg	0.0387645	0.632269
	18	crl	0.212151	3.02455
	18	dup	0.532189	7.44024
	18	del	0.571566	7.98354
	18	del	0.592602	8.27378
	18	crl	0.598037	8.34876
	18	crg	0.939888	13.0654
	13	crg	0.0585506	16.7336
	13	del	0.0736596	17.4662
	13	del	0.140139	20.6894
	13	crg	0.210071	24.08
	13	dup	0.28554	27.7391
	13	crg	0.286348	27.7783
	13	del	0.288316	27.8737
	13	dup	0.37232	31.9466
	13	del	0.400886	33.3316
	13	dup	0.417516	34.1379
	13	crl	0.549969	40.5598
	13	del	0.55985	41.0389
	13	dup	0.579421	41.9878
	13	crl	0.6058	43.2668
	13	dup	0.71747	48.681
	13	dup	0.727093	49.1476
	13	crl	0.755927	50.5457
	13	crl	0.906914	57.8662
	13	crl	0.97273	61.0572
	13	dup	0.979808	61.4004
	6	del	0.0176142	63.6905
	6	del	0.0456937	65.7804
	6	dup	0.11803	71.1644
	6	dup	0.127221	71.8485
	6	crg	0.15511	73.9243
	6	crl	0.194135	76.8289
	6	dup	0.214484	78.3435
	6	crl	0.273904	82.7661
	6	dup	0.282024	83.3705
	6	dup	0.290765	84.0211
	6	crg	0.29769	84.5365
	6	crg	0.349262	88.375
	6	crg	0.350918	88.4982
	6	crl	0.355008	88.8026
	6	del	0.362098	89.3304
	6	dup	0.371231	90.0101
	6	crg	0.40196	92.2973
	6	crl	0.405236	92.5411
	6	del	0.427965	94.2329
	6	crl	0.444876	95.4916
	6	dup	0.46111	96.6999
	6	del	0.487975	98.6994
	6	dup	0.555213	103.704
	6	del	0.599254	106.982
	6	crl	0.608612	107.678
	6	crl	0.710556	115.266
	6	crl	0.781575	120.552
	6	del	0.819188	123.352
	6	crl	0.823219	123.652
	6	del	0.847011	125.422
	6	crg	0.908719	130.015
	6	dup	0.938373	132.223

MUTATIONS   (11)  dup, deln, crl, crg, wgd:	0	0	0	0	0
	eid	type	time

