NODE TIMES:	nid	time
	1	90.9392
	2	90.9392
	3	90.9392
	4	90.9392
	5	90.9392
	6	90.9392
	7	90.9392
	8	90.9392
	9	90.9392
	10	90.9392
	11	0
	12	0
	13	86.6659
	14	67.4712
	15	51.024
	16	33.76
	17	17.5061
	18	5.54755
	19	4.76227
	20	4.49203
	21	3.75945

ANCESTRY    (1)	19 (12 -> 21) 	17 (21 -> 17) 	10 (17 -> 16) 	7 (16 -> 14) 	3 (14 -> 1) 
ANCESTRY    (2)	19 (12 -> 21) 	18 (21 -> 20) 	15 (20 -> 19) 	14 (19 -> 18) 	11 (18 -> 2) 
ANCESTRY    (3)	19 (12 -> 21) 	18 (21 -> 20) 	15 (20 -> 19) 	14 (19 -> 18) 	12 (18 -> 15) 	6 (15 -> 3) 
ANCESTRY    (4)	19 (12 -> 21) 	17 (21 -> 17) 	10 (17 -> 16) 	8 (16 -> 4) 
ANCESTRY    (5)	19 (12 -> 21) 	18 (21 -> 20) 	16 (20 -> 13) 	2 (13 -> 5) 
ANCESTRY    (6)	19 (12 -> 21) 	18 (21 -> 20) 	16 (20 -> 13) 	1 (13 -> 6) 
ANCESTRY    (7)	19 (12 -> 21) 	18 (21 -> 20) 	15 (20 -> 19) 	13 (19 -> 7) 
ANCESTRY    (8)	19 (12 -> 21) 	17 (21 -> 17) 	10 (17 -> 16) 	7 (16 -> 14) 	4 (14 -> 8) 
ANCESTRY    (9)	19 (12 -> 21) 	17 (21 -> 17) 	9 (17 -> 9) 
ANCESTRY    (10)	19 (12 -> 21) 	18 (21 -> 20) 	15 (20 -> 19) 	14 (19 -> 18) 	12 (18 -> 15) 	5 (15 -> 10) 
ANCESTRY    (11)	20 (12 -> 11) 

MUTATIONS   (1)  dup, deln, crl, crg, wgd:	7	12	5	8	0
	eid	type	time
	17	del	0.270946	7.48405
	17	del	0.363909	8.76198
	17	del	0.557055	11.4171
	17	crg	0.681095	13.1222
	17	crg	0.848706	15.4263
	17	crg	0.954927	16.8865
	10	crl	0.116705	19.403
	10	crg	0.322988	22.7559
	10	crl	0.404607	24.0825
	10	del	0.972941	33.3202
	7	del	0.00365894	33.8833
	7	del	0.13274	38.2348
	7	del	0.14487	38.6437
	7	del	0.192256	40.2412
	7	del	0.241551	41.903
	7	dup	0.339668	45.2106
	7	crg	0.402802	47.3389
	7	dup	0.645895	55.5339
	7	crl	0.663842	56.1389
	7	del	0.724756	58.1924
	7	dup	0.854749	62.5746
	7	dup	0.88446	63.5762
	7	crl	0.919215	64.7478
	3	crg	0.304637	74.6204
	3	del	0.50581	79.3415
	3	crg	0.633985	82.3496
	3	dup	0.683446	83.5103
	3	del	0.812002	86.5273
	3	crg	0.826778	86.874
	3	dup	0.857272	87.5897
	3	dup	0.865922	87.7926
	3	crl	0.869454	87.8756

MUTATIONS   (2)  dup, deln, crl, crg, wgd:	8	7	7	8	0
	eid	type	time
	14	crl	0.731	5.33631
	14	del	0.862185	5.43933
	11	crl	0.0528439	10.06
	11	crg	0.0547028	10.2187
	11	del	0.134315	17.0169
	11	crg	0.136668	17.2178
	11	del	0.144737	17.9069
	11	crl	0.154539	18.7439
	11	crg	0.173811	20.3896
	11	crg	0.215314	23.9335
	11	dup	0.310726	32.0809
	11	del	0.342982	34.8353
	11	dup	0.358903	36.1949
	11	crl	0.359379	36.2356
	11	dup	0.384348	38.3677
	11	del	0.419827	41.3972
	11	crg	0.463847	45.1562
	11	crg	0.479012	46.4512
	11	dup	0.550963	52.5952
	11	dup	0.589734	55.9059
	11	dup	0.60884	57.5374
	11	crl	0.629998	59.3441
	11	crl	0.648196	60.8981
	11	dup	0.649375	60.9988
	11	dup	0.730636	67.9378
	11	del	0.780377	72.1853
	11	del	0.814118	75.0664
	11	crg	0.886741	81.2678
	11	crl	0.925225	84.5541
	11	crg	0.97853	89.1058

MUTATIONS   (3)  dup, deln, crl, crg, wgd:	6	7	9	5	0
	eid	type	time
	14	crl	0.731	5.33631
	14	del	0.862185	5.43933
	12	crl	0.0282793	6.83359
	12	crl	0.060756	8.31052
	12	crg	0.167983	13.1868
	12	dup	0.172146	13.3761
	12	dup	0.24156	16.5329
	12	del	0.273041	17.9645
	12	dup	0.513123	28.8825
	12	dup	0.549286	30.5271
	12	del	0.620879	33.7829
	12	crg	0.642897	34.7842
	12	crl	0.689427	36.9003
	12	crl	0.90544	46.7237
	12	del	0.910163	46.9385
	12	del	0.947158	48.6209
	12	dup	0.969615	49.6422
	6	crg	0.227351	60.0988
	6	del	0.312637	63.503
	6	crl	0.370245	65.8024
	6	dup	0.451659	69.0521
	6	del	0.491747	70.6522
	6	crg	0.496145	70.8277
	6	crl	0.530815	72.2116
	6	crg	0.61449	75.5515
	6	crl	0.714212	79.5319
	6	crl	0.9966	90.8035

MUTATIONS   (4)  dup, deln, crl, crg, wgd:	5	12	5	14	0
	eid	type	time
	17	del	0.270946	7.48405
	17	del	0.363909	8.76198
	17	del	0.557055	11.4171
	17	crg	0.681095	13.1222
	17	crg	0.848706	15.4263
	17	crg	0.954927	16.8865
	10	crl	0.116705	19.403
	10	crg	0.322988	22.7559
	10	crl	0.404607	24.0825
	10	del	0.972941	33.3202
	8	dup	0.00729519	34.1771
	8	del	0.0249175	35.1848
	8	crg	0.0566121	36.997
	8	crg	0.159067	42.8553
	8	crl	0.18023	44.0654
	8	crl	0.194418	44.8767
	8	dup	0.240811	47.5294
	8	crg	0.298891	50.8503
	8	crg	0.302402	51.0511
	8	del	0.337595	53.0634
	8	del	0.356687	54.1551
	8	dup	0.41705	57.6066
	8	crl	0.433966	58.5738
	8	crg	0.498649	62.2723
	8	del	0.546046	64.9825
	8	dup	0.552865	65.3724
	8	del	0.584175	67.1627
	8	crg	0.603398	68.2618
	8	crg	0.71675	74.7432
	8	del	0.728504	75.4153
	8	dup	0.761208	77.2853
	8	del	0.812856	80.2385
	8	crg	0.908729	85.7204
	8	del	0.95698	88.4794
	8	crg	0.979982	89.7946
	8	crg	0.986663	90.1766

MUTATIONS   (5)  dup, deln, crl, crg, wgd:	13	6	9	6	0
	eid	type	time
	16	del	0.00248971	4.69662
	16	crl	0.0922989	12.0766
	16	del	0.0993458	12.6557
	16	crl	0.123836	14.6681
	16	crl	0.130506	15.2162
	16	del	0.14541	16.4409
	16	dup	0.159888	17.6306
	16	crl	0.236678	23.9407
	16	crg	0.241888	24.3689
	16	crg	0.292642	28.5396
	16	dup	0.324367	31.1465
	16	crg	0.366878	34.6398
	16	dup	0.371184	34.9936
	16	dup	0.415034	38.597
	16	crl	0.416824	38.7441
	16	dup	0.427464	39.6184
	16	del	0.433762	40.1359
	16	dup	0.447672	41.279
	16	dup	0.449517	41.4306
	16	dup	0.489459	44.7128
	16	crg	0.519099	47.1484
	16	crl	0.523715	47.5277
	16	dup	0.52875	47.9415
	16	crl	0.539586	48.8319
	16	crg	0.554255	50.0374
	16	crl	0.628943	56.1748
	16	dup	0.803761	70.5402
	16	dup	0.820438	71.9106
	16	dup	0.823208	72.1382
	16	dup	0.831791	72.8436
	16	del	0.870414	76.0173
	16	crl	0.892413	77.8251
	16	crg	0.926259	80.6063
	16	del	0.947765	82.3736

MUTATIONS   (6)  dup, deln, crl, crg, wgd:	13	6	9	6	0
	eid	type	time
	16	del	0.00248971	4.69662
	16	crl	0.0922989	12.0766
	16	del	0.0993458	12.6557
	16	crl	0.123836	14.6681
	16	crl	0.130506	15.2162
	16	del	0.14541	16.4409
	16	dup	0.159888	17.6306
	16	crl	0.236678	23.9407
	16	crg	0.241888	24.3689
	16	crg	0.292642	28.5396
	16	dup	0.324367	31.1465
	16	crg	0.366878	34.6398
	16	dup	0.371184	34.9936
	16	dup	0.415034	38.597
	16	crl	0.416824	38.7441
	16	dup	0.427464	39.6184
	16	del	0.433762	40.1359
	16	dup	0.447672	41.279
	16	dup	0.449517	41.4306
	16	dup	0.489459	44.7128
	16	crg	0.519099	47.1484
	16	crl	0.523715	47.5277
	16	dup	0.52875	47.9415
	16	crl	0.539586	48.8319
	16	crg	0.554255	50.0374
	16	crl	0.628943	56.1748
	16	dup	0.803761	70.5402
	16	dup	0.820438	71.9106
	16	dup	0.823208	72.1382
	16	dup	0.831791	72.8436
	16	del	0.870414	76.0173
	16	crl	0.892413	77.8251
	16	crg	0.926259	80.6063
	16	del	0.947765	82.3736

MUTATIONS   (7)  dup, deln, crl, crg, wgd:	8	10	12	6	0
	eid	type	time
	13	crl	0.0148447	6.04154
	13	del	0.0275812	7.13914
	13	del	0.0388968	8.11428
	13	del	0.0543318	9.44442
	13	del	0.0726456	11.0226
	13	crg	0.103386	13.6717
	13	crl	0.163913	18.8878
	13	del	0.182443	20.4847
	13	crg	0.186106	20.8004
	13	del	0.271085	28.1236
	13	crg	0.305893	31.1232
	13	crl	0.306829	31.2039
	13	dup	0.312751	31.7142
	13	crg	0.328625	33.0822
	13	dup	0.369676	36.6198
	13	crl	0.474744	45.6742
	13	del	0.485817	46.6285
	13	crg	0.583671	55.0613
	13	del	0.591678	55.7512
	13	crl	0.596648	56.1796
	13	dup	0.650899	60.8548
	13	crl	0.684305	63.7336
	13	crl	0.704881	65.5068
	13	del	0.706386	65.6365
	13	crl	0.735883	68.1785
	13	dup	0.755978	69.9101
	13	dup	0.770683	71.1773
	13	del	0.781649	72.1224
	13	dup	0.82255	75.6471
	13	crl	0.837531	76.9381
	13	dup	0.842121	77.3337
	13	crl	0.860417	78.9104
	13	crg	0.86672	79.4535
	13	crl	0.899003	82.2356
	13	dup	0.956692	87.2071
	13	crl	0.995346	90.5381

MUTATIONS   (8)  dup, deln, crl, crg, wgd:	5	12	4	7	0
	eid	type	time
	17	del	0.270946	7.48405
	17	del	0.363909	8.76198
	17	del	0.557055	11.4171
	17	crg	0.681095	13.1222
	17	crg	0.848706	15.4263
	17	crg	0.954927	16.8865
	10	crl	0.116705	19.403
	10	crg	0.322988	22.7559
	10	crl	0.404607	24.0825
	10	del	0.972941	33.3202
	7	del	0.00365894	33.8833
	7	del	0.13274	38.2348
	7	del	0.14487	38.6437
	7	del	0.192256	40.2412
	7	del	0.241551	41.903
	7	dup	0.339668	45.2106
	7	crg	0.402802	47.3389
	7	dup	0.645895	55.5339
	7	crl	0.663842	56.1389
	7	del	0.724756	58.1924
	7	dup	0.854749	62.5746
	7	dup	0.88446	63.5762
	7	crl	0.919215	64.7478
	4	crg	0.0719053	69.1587
	4	del	0.187022	71.8602
	4	dup	0.379714	76.3823
	4	crg	0.734351	84.705
	4	del	0.869367	87.8735

MUTATIONS   (9)  dup, deln, crl, crg, wgd:	3	15	10	11	1
	eid	type	time
	17	del	0.270946	7.48405
	17	del	0.363909	8.76198
	17	del	0.557055	11.4171
	17	crg	0.681095	13.1222
	17	crg	0.848706	15.4263
	17	crg	0.954927	16.8865
	9	del	0.0482329	21.048
	9	crl	0.0879962	23.968
	9	del	0.121054	26.3955
	9	crl	0.164369	29.5763
	9	crl	0.165755	29.678
	9	dup	0.194866	31.8158
	9	del	0.213321	33.171
	9	del	0.215062	33.2988
	9	crl	0.219208	33.6032
	9	crg	0.254134	36.168
	9	crl	0.259509	36.5627
	9	crg	0.261447	36.705
	9	crl	0.300187	39.5498
	9	del	0.309748	40.2518
	9	wgd	0.320733	41.0586
	9	crl	0.326329	41.4695
	9	del	0.398837	46.794
	9	del	0.412016	47.7617
	9	del	0.429523	49.0473
	9	del	0.448253	50.4227
	9	crg	0.668557	66.6003
	9	dup	0.694199	68.4833
	9	crg	0.710545	69.6837
	9	del	0.727277	70.9123
	9	crg	0.76015	73.3263
	9	crl	0.792257	75.684
	9	crg	0.831161	78.5408
	9	crl	0.836924	78.964
	9	dup	0.841648	79.3109
	9	del	0.844188	79.4974
	9	crg	0.865743	81.0803
	9	crg	0.959208	87.9437
	9	crl	0.963938	88.2911
	9	del	0.994409	90.5287

MUTATIONS   (10)  dup, deln, crl, crg, wgd:	9	8	9	8	0
	eid	type	time
	14	crl	0.731	5.33631
	14	del	0.862185	5.43933
	12	crl	0.0282793	6.83359
	12	crl	0.060756	8.31052
	12	crg	0.167983	13.1868
	12	dup	0.172146	13.3761
	12	dup	0.24156	16.5329
	12	del	0.273041	17.9645
	12	dup	0.513123	28.8825
	12	dup	0.549286	30.5271
	12	del	0.620879	33.7829
	12	crg	0.642897	34.7842
	12	crl	0.689427	36.9003
	12	crl	0.90544	46.7237
	12	del	0.910163	46.9385
	12	del	0.947158	48.6209
	12	dup	0.969615	49.6422
	5	dup	0.0259842	52.0612
	5	crl	0.0578785	53.3342
	5	crl	0.106347	55.2689
	5	dup	0.166434	57.6673
	5	crl	0.199207	58.9754
	5	crg	0.270049	61.8031
	5	del	0.290077	62.6025
	5	crg	0.349195	64.9622
	5	crg	0.379688	66.1793
	5	del	0.492139	70.6678
	5	crl	0.513557	71.5227
	5	dup	0.537759	72.4888
	5	dup	0.641691	76.6372
	5	del	0.66555	77.5896
	5	crg	0.830154	84.1598
	5	crg	0.854267	85.1222
	5	crg	0.953318	89.0759

MUTATIONS   (11)  dup, deln, crl, crg, wgd:	0	0	0	0	0
	eid	type	time

