NODE TIMES:	nid	time
	1	266.507
	2	266.507
	3	266.507
	4	266.507
	5	266.507
	6	266.507
	7	266.507
	8	266.507
	9	266.507
	10	266.507
	11	0
	12	0
	13	211.881
	14	162.664
	15	43.7672
	16	16.3158
	17	7.93536
	18	3.97411
	19	2.70089
	20	2.54472
	21	1.91731

ANCESTRY    (1)	19 (12 -> 21) 	17 (21 -> 18) 	12 (18 -> 1) 
ANCESTRY    (2)	19 (12 -> 21) 	18 (21 -> 20) 	15 (20 -> 19) 	13 (19 -> 16) 	7 (16 -> 15) 	5 (15 -> 2) 
ANCESTRY    (3)	19 (12 -> 21) 	17 (21 -> 18) 	11 (18 -> 17) 	10 (17 -> 3) 
ANCESTRY    (4)	19 (12 -> 21) 	17 (21 -> 18) 	11 (18 -> 17) 	9 (17 -> 14) 	4 (14 -> 13) 	2 (13 -> 4) 
ANCESTRY    (5)	19 (12 -> 21) 	17 (21 -> 18) 	11 (18 -> 17) 	9 (17 -> 14) 	3 (14 -> 5) 
ANCESTRY    (6)	19 (12 -> 21) 	18 (21 -> 20) 	15 (20 -> 19) 	13 (19 -> 16) 	7 (16 -> 15) 	6 (15 -> 6) 
ANCESTRY    (7)	19 (12 -> 21) 	18 (21 -> 20) 	16 (20 -> 7) 
ANCESTRY    (8)	19 (12 -> 21) 	18 (21 -> 20) 	15 (20 -> 19) 	14 (19 -> 8) 
ANCESTRY    (9)	19 (12 -> 21) 	17 (21 -> 18) 	11 (18 -> 17) 	9 (17 -> 14) 	4 (14 -> 13) 	1 (13 -> 9) 
ANCESTRY    (10)	19 (12 -> 21) 	18 (21 -> 20) 	15 (20 -> 19) 	13 (19 -> 16) 	8 (16 -> 10) 
ANCESTRY    (11)	20 (12 -> 11) 

MUTATIONS   (1)  dup, deln, crl, crg, wgd:	25	29	35	24	0
	eid	type	time
	12	crl	0.0142846	7.7243
	12	dup	0.0363495	13.5171
	12	dup	0.0415527	14.8831
	12	dup	0.055508	18.5468
	12	del	0.0562568	18.7434
	12	del	0.0691344	22.1242
	12	dup	0.077112	24.2186
	12	crl	0.0777442	24.3845
	12	crg	0.105932	31.7847
	12	dup	0.113731	33.8322
	12	dup	0.115937	34.4116
	12	del	0.120394	35.5815
	12	crg	0.121992	36.001
	12	del	0.150455	43.4735
	12	crg	0.159405	45.8233
	12	del	0.16475	47.2265
	12	crl	0.183982	52.2754
	12	del	0.187393	53.1711
	12	del	0.193852	54.8666
	12	dup	0.206986	58.3147
	12	crl	0.216414	60.79
	12	crg	0.229957	64.3454
	12	crg	0.233151	65.184
	12	del	0.236298	66.0101
	12	crg	0.244142	68.0694
	12	dup	0.245408	68.4019
	12	crg	0.247745	69.0153
	12	dup	0.254651	70.8284
	12	crg	0.256026	71.1895
	12	crl	0.263818	73.2352
	12	del	0.274889	76.1416
	12	dup	0.284251	78.5995
	12	crl	0.330355	90.7034
	12	del	0.330822	90.8259
	12	del	0.339093	92.9972
	12	crg	0.362589	99.1659
	12	crg	0.38213	104.296
	12	crl	0.384342	104.877
	12	crl	0.386649	105.482
	12	crl	0.409311	111.432
	12	del	0.424	115.288
	12	crg	0.427786	116.282
	12	crg	0.433213	117.707
	12	del	0.435548	118.32
	12	del	0.446463	121.186
	12	dup	0.457381	124.052
	12	crl	0.457721	124.141
	12	crl	0.460988	124.999
	12	del	0.461843	125.223
	12	dup	0.469413	127.211
	12	del	0.479341	129.817
	12	crg	0.481975	130.509
	12	dup	0.49442	133.776
	12	dup	0.522508	141.15
	12	dup	0.545734	147.247
	12	crl	0.554094	149.442
	12	del	0.555514	149.815
	12	del	0.568205	153.147
	12	del	0.58911	158.635
	12	crl	0.592432	159.507
	12	crl	0.617519	166.093
	12	crl	0.621619	167.17
	12	crg	0.630447	169.487
	12	dup	0.64044	172.111
	12	crg	0.646631	173.736
	12	del	0.647155	173.874
	12	crg	0.656855	176.42
	12	del	0.678304	182.051
	12	crg	0.681514	182.894
	12	crl	0.689167	184.903
	12	crl	0.695007	186.437
	12	del	0.700883	187.979
	12	crl	0.73376	196.611
	12	crg	0.734316	196.756
	12	dup	0.75747	202.835
	12	crl	0.766445	205.191
	12	dup	0.769644	206.031
	12	dup	0.770614	206.286
	12	crl	0.776657	207.872
	12	del	0.776754	207.898
	12	crg	0.78405	209.813
	12	dup	0.789141	211.15
	12	crl	0.793077	212.183
	12	crl	0.79735	213.305
	12	crl	0.808458	216.221
	12	del	0.810491	216.755
	12	del	0.816528	218.34
	12	crl	0.822118	219.807
	12	crl	0.833822	222.88
	12	crl	0.844796	225.761
	12	crl	0.847148	226.379
	12	crg	0.85461	228.338
	12	dup	0.856572	228.853
	12	crg	0.870275	232.45
	12	crl	0.881117	235.297
	12	dup	0.887898	237.077
	12	crl	0.902516	240.914
	12	del	0.931215	248.449
	12	crl	0.941046	251.03
	12	del	0.941946	251.266
	12	del	0.942368	251.377
	12	dup	0.944407	251.912
	12	dup	0.950049	253.394
	12	crl	0.95639	255.058
	12	crg	0.963619	256.956
	12	crl	0.97029	258.707
	12	del	0.974347	259.773
	12	crg	0.979971	261.249
	12	crl	0.989001	263.62
	12	crg	0.989674	263.796
	12	crl	0.993753	264.867
	12	dup	0.995055	265.209
	12	crl	0.998457	266.102

MUTATIONS   (2)  dup, deln, crl, crg, wgd:	21	28	37	18	0
	eid	type	time
	13	crg	0.0639543	3.57162
	13	del	0.443026	8.73266
	13	del	0.55715	10.2864
	13	del	0.647355	11.5146
	13	crl	0.692198	12.1251
	13	dup	0.858601	14.3907
	7	del	0.0910167	18.8143
	7	del	0.339639	25.6394
	7	crl	0.499844	30.0372
	7	dup	0.652923	34.2394
	7	del	0.699697	35.5234
	7	crl	0.918027	41.5169
	5	crl	0.00342698	44.5305
	5	crl	0.010937	46.2033
	5	crl	0.0117977	46.395
	5	dup	0.0132764	46.7244
	5	crl	0.0611413	57.3858
	5	crl	0.109579	68.1747
	5	crl	0.116747	69.7714
	5	del	0.122916	71.1455
	5	crl	0.185815	85.1556
	5	del	0.186125	85.2248
	5	dup	0.215723	91.8173
	5	dup	0.23878	96.953
	5	crl	0.2464	98.6504
	5	crg	0.24977	99.401
	5	del	0.259723	101.618
	5	del	0.266443	103.115
	5	del	0.267153	103.273
	5	crg	0.271084	104.149
	5	crl	0.272316	104.423
	5	crg	0.272927	104.559
	5	crl	0.301087	110.831
	5	del	0.309227	112.644
	5	crl	0.321234	115.319
	5	del	0.323985	115.932
	5	del	0.34596	120.826
	5	crg	0.355791	123.016
	5	crl	0.366032	125.297
	5	crl	0.374994	127.293
	5	crg	0.377604	127.875
	5	dup	0.377691	127.894
	5	dup	0.384963	129.514
	5	del	0.402866	133.502
	5	crg	0.420067	137.333
	5	del	0.427702	139.034
	5	dup	0.429828	139.507
	5	crl	0.432734	140.154
	5	del	0.436827	141.066
	5	del	0.438357	141.407
	5	crl	0.438872	141.522
	5	crl	0.461362	146.531
	5	crl	0.476513	149.906
	5	crl	0.483086	151.37
	5	crg	0.493999	153.801
	5	crg	0.503528	155.923
	5	dup	0.504009	156.03
	5	crl	0.505321	156.322
	5	dup	0.505741	156.416
	5	del	0.517216	158.972
	5	crg	0.544863	165.13
	5	del	0.563996	169.392
	5	del	0.586468	174.397
	5	crl	0.587301	174.583
	5	del	0.598849	177.155
	5	del	0.60324	178.133
	5	del	0.610226	179.689
	5	dup	0.615749	180.919
	5	crg	0.619446	181.743
	5	dup	0.623648	182.679
	5	dup	0.630242	184.147
	5	crl	0.64714	187.911
	5	crl	0.674128	193.923
	5	dup	0.675228	194.168
	5	crl	0.70838	201.552
	5	del	0.713815	202.762
	5	dup	0.714598	202.937
	5	crg	0.738071	208.165
	5	crl	0.749827	210.784
	5	crg	0.775106	216.414
	5	dup	0.789585	219.639
	5	del	0.802013	222.408
	5	crl	0.810846	224.375
	5	del	0.824076	227.322
	5	crg	0.829966	228.634
	5	crl	0.833249	229.365
	5	crl	0.838364	230.505
	5	crl	0.845744	232.148
	5	dup	0.849078	232.891
	5	dup	0.855437	234.307
	5	crg	0.860376	235.407
	5	del	0.865037	236.446
	5	dup	0.868531	237.224
	5	crg	0.87075	237.718
	5	crl	0.872274	238.058
	5	crl	0.88219	240.266
	5	crl	0.916237	247.85
	5	dup	0.924823	249.762
	5	crl	0.942634	253.73
	5	crl	0.963192	258.309
	5	crl	0.966722	259.095
	5	crg	0.978622	261.746
	5	dup	0.995494	265.504
	5	crg	0.999918	266.489

MUTATIONS   (3)  dup, deln, crl, crg, wgd:	22	25	19	37	0
	eid	type	time
	10	crg	0.00900177	10.263
	10	crg	0.01367	11.47
	10	dup	0.0185221	12.7247
	10	del	0.0247732	14.341
	10	del	0.0431271	19.0868
	10	del	0.0459699	19.8219
	10	crg	0.0530109	21.6425
	10	del	0.0673064	25.3389
	10	del	0.0794578	28.4809
	10	del	0.0821708	29.1824
	10	crl	0.0838095	29.6061
	10	dup	0.095426	32.6099
	10	crg	0.0977974	33.223
	10	crl	0.12081	39.1734
	10	crg	0.137536	43.4983
	10	dup	0.149163	46.5048
	10	crg	0.171406	52.2562
	10	crg	0.179576	54.3686
	10	crg	0.184903	55.7462
	10	del	0.18932	56.8882
	10	dup	0.19022	57.1209
	10	dup	0.202348	60.257
	10	dup	0.231141	67.702
	10	dup	0.234686	68.6185
	10	crg	0.245308	71.3652
	10	crg	0.247257	71.8692
	10	crl	0.257787	74.5918
	10	del	0.26026	75.2312
	10	crg	0.264562	76.3438
	10	crg	0.268162	77.2746
	10	crg	0.285836	81.8446
	10	crg	0.295079	84.2345
	10	crl	0.309622	87.995
	10	dup	0.32347	91.5757
	10	crl	0.327979	92.7416
	10	dup	0.335033	94.5655
	10	crl	0.345409	97.2486
	10	del	0.352127	98.9856
	10	crl	0.352782	99.155
	10	del	0.367408	102.937
	10	del	0.389667	108.692
	10	del	0.39249	109.422
	10	crg	0.411066	114.225
	10	crg	0.417374	115.856
	10	del	0.422412	117.159
	10	dup	0.424377	117.667
	10	dup	0.426694	118.267
	10	crl	0.441338	122.053
	10	crg	0.449891	124.265
	10	del	0.499893	137.194
	10	dup	0.505515	138.647
	10	del	0.511842	140.283
	10	crg	0.514555	140.985
	10	crl	0.544642	148.765
	10	crl	0.552255	150.733
	10	del	0.559294	152.553
	10	del	0.563713	153.696
	10	crg	0.56468	153.946
	10	del	0.565799	154.235
	10	crg	0.583992	158.939
	10	del	0.610471	165.786
	10	dup	0.63995	173.409
	10	del	0.645762	174.911
	10	crl	0.658237	178.137
	10	crl	0.672009	181.698
	10	crg	0.684555	184.942
	10	crl	0.684775	184.999
	10	crl	0.693339	187.213
	10	crl	0.697805	188.368
	10	crg	0.701134	189.229
	10	del	0.724076	195.161
	10	dup	0.726861	195.881
	10	crl	0.73824	198.824
	10	crg	0.747791	201.293
	10	dup	0.752464	202.501
	10	dup	0.795851	213.72
	10	dup	0.832357	223.16
	10	crg	0.835993	224.1
	10	crg	0.83794	224.603
	10	crg	0.843199	225.963
	10	dup	0.850794	227.927
	10	crg	0.855086	229.037
	10	dup	0.855785	229.217
	10	dup	0.858214	229.846
	10	del	0.865513	231.733
	10	crg	0.875427	234.296
	10	crg	0.887005	237.29
	10	del	0.893039	238.85
	10	crg	0.895962	239.606
	10	crl	0.903985	241.681
	10	crg	0.914544	244.411
	10	del	0.921544	246.221
	10	crg	0.939574	250.883
	10	crl	0.944015	252.031
	10	dup	0.944199	252.079
	10	crg	0.947175	252.848
	10	crg	0.98323	262.171
	10	crg	0.986205	262.94
	10	del	0.986361	262.981
	10	crg	0.987701	263.327
	10	crl	0.995683	265.391
	10	crg	0.997631	265.895
	10	dup	0.998527	266.126

MUTATIONS   (4)  dup, deln, crl, crg, wgd:	28	23	36	24	0
	eid	type	time
	9	dup	0.0107176	9.59367
	9	dup	0.0221766	11.3667
	9	del	0.0409866	14.2771
	9	crl	0.0657186	18.1039
	9	crl	0.0709579	18.9146
	9	del	0.0860645	21.252
	9	del	0.118929	26.3371
	9	crg	0.156049	32.0806
	9	crl	0.156249	32.1116
	9	crg	0.170449	34.3086
	9	dup	0.174511	34.9371
	9	crl	0.177508	35.4008
	9	crl	0.18305	36.2585
	9	del	0.203504	39.4231
	9	dup	0.209925	40.4167
	9	dup	0.223818	42.5664
	9	crl	0.244151	45.7124
	9	dup	0.246173	46.0253
	9	crg	0.246876	46.1341
	9	crl	0.308961	55.7404
	9	del	0.310985	56.0535
	9	crg	0.327461	58.6028
	9	del	0.348408	61.8439
	9	crl	0.355075	62.8755
	9	del	0.385558	67.5921
	9	crl	0.39606	69.2171
	9	crg	0.396102	69.2235
	9	dup	0.397114	69.3801
	9	dup	0.432781	74.8988
	9	crg	0.444979	76.7862
	9	dup	0.462018	79.4227
	9	del	0.473746	81.2373
	9	dup	0.485363	83.0348
	9	crl	0.489785	83.719
	9	dup	0.491955	84.0548
	9	crg	0.494832	84.4999
	9	crg	0.4966	84.7735
	9	dup	0.497367	84.8921
	9	crg	0.539029	91.3384
	9	crl	0.544823	92.235
	9	crg	0.578429	97.4348
	9	crl	0.578823	97.4958
	9	dup	0.581118	97.8507
	9	crg	0.613049	102.791
	9	dup	0.613554	102.87
	9	crl	0.619101	103.728
	9	crg	0.629439	105.327
	9	del	0.645789	107.857
	9	del	0.650832	108.637
	9	crl	0.659891	110.039
	9	dup	0.666111	111.002
	9	del	0.687908	114.374
	9	dup	0.694117	115.335
	9	dup	0.694901	115.456
	9	crl	0.698919	116.078
	9	crg	0.713174	118.284
	9	crl	0.75269	124.398
	9	crl	0.761941	125.829
	9	del	0.797231	131.29
	9	dup	0.813349	133.783
	9	dup	0.830801	136.484
	9	crl	0.836284	137.332
	9	del	0.850615	139.55
	9	dup	0.879603	144.035
	9	crl	0.899228	147.071
	9	dup	0.925968	151.209
	9	dup	0.969913	158.008
	9	crl	0.983653	160.134
	9	crl	0.992747	161.541
	4	dup	0.0648852	165.857
	4	crg	0.071529	166.184
	4	del	0.100715	167.621
	4	crl	0.12546	168.839
	4	crl	0.159368	170.507
	4	crl	0.347701	179.777
	4	del	0.367018	180.727
	4	crg	0.396065	182.157
	4	dup	0.417793	183.226
	4	crg	0.447631	184.695
	4	crg	0.466269	185.612
	4	crg	0.476607	186.121
	4	crl	0.50685	187.61
	4	crl	0.519857	188.25
	4	crl	0.556319	190.044
	4	dup	0.637424	194.036
	4	crg	0.645637	194.44
	4	crl	0.74961	199.558
	4	del	0.77737	200.924
	4	crl	0.791163	201.603
	4	crg	0.82258	203.149
	4	dup	0.876975	205.826
	2	crl	0.0663723	215.507
	2	dup	0.102478	217.479
	2	crl	0.130059	218.986
	2	crg	0.236611	224.806
	2	del	0.356858	231.375
	2	del	0.419525	234.798
	2	crg	0.499559	239.17
	2	del	0.508441	239.655
	2	crl	0.557156	242.316
	2	del	0.581901	243.668
	2	crl	0.681665	249.118
	2	crg	0.688946	249.516
	2	del	0.729503	251.731
	2	del	0.733621	251.956
	2	dup	0.773511	254.135
	2	crg	0.823013	256.839
	2	crl	0.941464	263.31
	2	crl	0.957521	264.187
	2	del	0.967632	264.739
	2	crl	0.98278	265.567

MUTATIONS   (5)  dup, deln, crl, crg, wgd:	39	22	34	22	0
	eid	type	time
	9	dup	0.0107176	9.59367
	9	dup	0.0221766	11.3667
	9	del	0.0409866	14.2771
	9	crl	0.0657186	18.1039
	9	crl	0.0709579	18.9146
	9	del	0.0860645	21.252
	9	del	0.118929	26.3371
	9	crg	0.156049	32.0806
	9	crl	0.156249	32.1116
	9	crg	0.170449	34.3086
	9	dup	0.174511	34.9371
	9	crl	0.177508	35.4008
	9	crl	0.18305	36.2585
	9	del	0.203504	39.4231
	9	dup	0.209925	40.4167
	9	dup	0.223818	42.5664
	9	crl	0.244151	45.7124
	9	dup	0.246173	46.0253
	9	crg	0.246876	46.1341
	9	crl	0.308961	55.7404
	9	del	0.310985	56.0535
	9	crg	0.327461	58.6028
	9	del	0.348408	61.8439
	9	crl	0.355075	62.8755
	9	del	0.385558	67.5921
	9	crl	0.39606	69.2171
	9	crg	0.396102	69.2235
	9	dup	0.397114	69.3801
	9	dup	0.432781	74.8988
	9	crg	0.444979	76.7862
	9	dup	0.462018	79.4227
	9	del	0.473746	81.2373
	9	dup	0.485363	83.0348
	9	crl	0.489785	83.719
	9	dup	0.491955	84.0548
	9	crg	0.494832	84.4999
	9	crg	0.4966	84.7735
	9	dup	0.497367	84.8921
	9	crg	0.539029	91.3384
	9	crl	0.544823	92.235
	9	crg	0.578429	97.4348
	9	crl	0.578823	97.4958
	9	dup	0.581118	97.8507
	9	crg	0.613049	102.791
	9	dup	0.613554	102.87
	9	crl	0.619101	103.728
	9	crg	0.629439	105.327
	9	del	0.645789	107.857
	9	del	0.650832	108.637
	9	crl	0.659891	110.039
	9	dup	0.666111	111.002
	9	del	0.687908	114.374
	9	dup	0.694117	115.335
	9	dup	0.694901	115.456
	9	crl	0.698919	116.078
	9	crg	0.713174	118.284
	9	crl	0.75269	124.398
	9	crl	0.761941	125.829
	9	del	0.797231	131.29
	9	dup	0.813349	133.783
	9	dup	0.830801	136.484
	9	crl	0.836284	137.332
	9	del	0.850615	139.55
	9	dup	0.879603	144.035
	9	crl	0.899228	147.071
	9	dup	0.925968	151.209
	9	dup	0.969913	158.008
	9	crl	0.983653	160.134
	9	crl	0.992747	161.541
	3	dup	0.0117316	163.882
	3	crl	0.0352124	166.32
	3	dup	0.0715084	170.089
	3	dup	0.0807751	171.052
	3	dup	0.10774	173.852
	3	del	0.117586	174.874
	3	crl	0.129791	176.142
	3	crl	0.14362	177.578
	3	crl	0.145133	177.735
	3	del	0.163231	179.614
	3	crl	0.169136	180.227
	3	del	0.179444	181.298
	3	dup	0.188965	182.287
	3	dup	0.20159	183.598
	3	crl	0.221498	185.665
	3	crl	0.249964	188.621
	3	dup	0.297175	193.523
	3	del	0.317342	195.618
	3	dup	0.382691	202.404
	3	dup	0.399443	204.143
	3	dup	0.425294	206.828
	3	crl	0.432229	207.548
	3	crl	0.444412	208.813
	3	del	0.44565	208.942
	3	crg	0.461401	210.577
	3	del	0.482502	212.768
	3	crl	0.49528	214.095
	3	dup	0.504447	215.047
	3	crl	0.5239	217.067
	3	crl	0.552204	220.007
	3	dup	0.56205	221.029
	3	del	0.654912	230.672
	3	crg	0.680526	233.332
	3	crg	0.688992	234.211
	3	del	0.732698	238.75
	3	del	0.733461	238.829
	3	crg	0.767682	242.383
	3	crg	0.795421	245.263
	3	dup	0.811229	246.905
	3	crg	0.819447	247.758
	3	crg	0.85131	251.067
	3	dup	0.874327	253.457
	3	crg	0.909437	257.103
	3	crg	0.915872	257.771
	3	dup	0.919902	258.19
	3	dup	0.920883	258.292
	3	dup	0.937885	260.057
	3	crl	0.973711	263.777

MUTATIONS   (6)  dup, deln, crl, crg, wgd:	24	31	38	23	1
	eid	type	time
	13	crg	0.0639543	3.57162
	13	del	0.443026	8.73266
	13	del	0.55715	10.2864
	13	del	0.647355	11.5146
	13	crl	0.692198	12.1251
	13	dup	0.858601	14.3907
	7	del	0.0910167	18.8143
	7	del	0.339639	25.6394
	7	crl	0.499844	30.0372
	7	dup	0.652923	34.2394
	7	del	0.699697	35.5234
	7	crl	0.918027	41.5169
	6	dup	4.37109e-05	43.7769
	6	del	0.00471057	44.8164
	6	dup	0.00816219	45.5852
	6	crg	0.0157695	47.2797
	6	crl	0.0261817	49.5989
	6	crl	0.0396022	52.5882
	6	crl	0.053409	55.6635
	6	crl	0.0631524	57.8338
	6	crl	0.0671065	58.7145
	6	crl	0.0898587	63.7823
	6	crg	0.11374	69.1017
	6	crl	0.116152	69.639
	6	crl	0.119196	70.3169
	6	crl	0.120675	70.6463
	6	del	0.122029	70.9479
	6	crl	0.129977	72.7182
	6	crg	0.142666	75.5446
	6	crg	0.149995	77.1772
	6	crl	0.160752	79.573
	6	del	0.183867	84.7217
	6	dup	0.185256	85.0312
	6	dup	0.195146	87.2339
	6	del	0.19748	87.754
	6	crg	0.198934	88.0777
	6	del	0.200599	88.4487
	6	crg	0.208918	90.3016
	6	dup	0.216643	92.0222
	6	crl	0.229305	94.8425
	6	crl	0.258697	101.389
	6	del	0.263651	102.493
	6	del	0.269361	103.765
	6	crl	0.285768	107.419
	6	crl	0.29739	110.008
	6	crg	0.301173	110.85
	6	dup	0.306516	112.041
	6	del	0.308952	112.583
	6	crg	0.314599	113.841
	6	crg	0.32364	115.855
	6	del	0.335029	118.392
	6	crl	0.341879	119.917
	6	del	0.343115	120.193
	6	wgd	0.350763	121.896
	6	dup	0.391311	130.928
	6	crg	0.39387	131.498
	6	del	0.396477	132.078
	6	dup	0.409022	134.873
	6	crl	0.412783	135.711
	6	crg	0.42321	138.033
	6	dup	0.426163	138.691
	6	crg	0.432967	140.206
	6	crg	0.456903	145.538
	6	crl	0.465607	147.477
	6	del	0.466447	147.664
	6	crl	0.47111	148.702
	6	dup	0.483278	151.413
	6	crl	0.485037	151.804
	6	del	0.533502	162.6
	6	crl	0.54204	164.501
	6	crg	0.547309	165.675
	6	dup	0.551396	166.585
	6	dup	0.560639	168.644
	6	del	0.561643	168.868
	6	crl	0.567029	170.067
	6	crg	0.567955	170.274
	6	del	0.572669	171.324
	6	crl	0.590946	175.395
	6	del	0.596994	176.742
	6	dup	0.623901	182.735
	6	crl	0.632444	184.638
	6	dup	0.633061	184.775
	6	crg	0.653719	189.377
	6	dup	0.663211	191.491
	6	crl	0.669524	192.897
	6	crg	0.672583	193.578
	6	dup	0.702798	200.309
	6	del	0.708523	201.584
	6	crl	0.717904	203.673
	6	crl	0.723892	205.007
	6	dup	0.725065	205.268
	6	del	0.735835	207.667
	6	crg	0.745056	209.721
	6	del	0.777229	216.887
	6	crg	0.786313	218.911
	6	del	0.810604	224.321
	6	del	0.82759	228.105
	6	del	0.869511	237.442
	6	del	0.8706	237.685
	6	dup	0.871293	237.839
	6	crg	0.872585	238.127
	6	dup	0.882907	240.426
	6	dup	0.892078	242.469
	6	crl	0.894344	242.973
	6	crl	0.904503	245.236
	6	crg	0.914869	247.545
	6	crl	0.92697	250.241
	6	dup	0.93389	251.782
	6	del	0.94198	253.584
	6	crl	0.944598	254.167
	6	crg	0.945189	254.299
	6	del	0.971397	260.136
	6	crl	0.975694	261.093
	6	dup	0.981613	262.412
	6	crl	0.982621	262.636
	6	crl	0.995371	265.476
	6	crl	0.996164	265.653

MUTATIONS   (7)  dup, deln, crl, crg, wgd:	20	30	23	31	0
	eid	type	time
	16	crl	0.00029284	2.62202
	16	crg	0.067257	20.2981
	16	del	0.0718466	21.5096
	16	dup	0.0724902	21.6794
	16	crl	0.0752808	22.416
	16	crg	0.076661	22.7804
	16	dup	0.0791726	23.4433
	16	del	0.0869861	25.5058
	16	crg	0.0873209	25.5942
	16	dup	0.0968523	28.1101
	16	crg	0.103482	29.8601
	16	crg	0.11667	33.3414
	16	dup	0.117105	33.4562
	16	del	0.125846	35.7635
	16	dup	0.145884	41.0527
	16	crg	0.148233	41.6726
	16	crl	0.150722	42.3298
	16	dup	0.177187	49.3156
	16	crl	0.193016	53.4937
	16	del	0.218848	60.3123
	16	dup	0.221972	61.137
	16	dup	0.228934	62.9748
	16	dup	0.234744	64.5083
	16	del	0.244664	67.127
	16	crl	0.279615	76.3527
	16	crg	0.288455	78.6861
	16	del	0.294418	80.26
	16	crg	0.295157	80.4552
	16	dup	0.311802	84.8488
	16	crl	0.315255	85.7603
	16	del	0.32899	89.3857
	16	crl	0.334318	90.7923
	16	crl	0.337603	91.6593
	16	crg	0.338297	91.8426
	16	dup	0.341315	92.6391
	16	crl	0.34312	93.1156
	16	crl	0.348236	94.4659
	16	crl	0.348608	94.5642
	16	del	0.352459	95.5806
	16	dup	0.355488	96.3803
	16	del	0.362392	98.2028
	16	crg	0.365506	99.0246
	16	del	0.368352	99.7758
	16	crg	0.384656	104.079
	16	crg	0.406484	109.841
	16	crg	0.446646	120.442
	16	crg	0.448944	121.049
	16	del	0.458886	123.673
	16	crg	0.460254	124.035
	16	del	0.478542	128.862
	16	del	0.494357	133.037
	16	crg	0.505002	135.846
	16	del	0.514727	138.413
	16	dup	0.533633	143.404
	16	del	0.537062	144.309
	16	dup	0.543737	146.071
	16	del	0.546514	146.804
	16	del	0.547845	147.155
	16	crl	0.559343	150.19
	16	crl	0.560374	150.463
	16	del	0.561874	150.858
	16	dup	0.572215	153.588
	16	crg	0.583642	156.604
	16	crg	0.59069	158.465
	16	crg	0.594892	159.574
	16	del	0.596471	159.991
	16	crl	0.599799	160.869
	16	del	0.600633	161.089
	16	crg	0.603058	161.729
	16	dup	0.608111	163.063
	16	dup	0.619644	166.108
	16	del	0.621028	166.473
	16	del	0.625849	167.746
	16	dup	0.642017	172.013
	16	crl	0.64922	173.915
	16	del	0.666799	178.555
	16	dup	0.668822	179.089
	16	crg	0.679621	181.939
	16	crl	0.685424	183.471
	16	crg	0.705255	188.706
	16	crg	0.765138	204.513
	16	del	0.771062	206.076
	16	crl	0.776131	207.414
	16	crg	0.78036	208.531
	16	crl	0.781602	208.858
	16	del	0.804008	214.773
	16	crl	0.8121	216.909
	16	crg	0.813924	217.39
	16	crg	0.815736	217.869
	16	del	0.836151	223.257
	16	del	0.840047	224.286
	16	crl	0.887295	236.757
	16	del	0.892833	238.219
	16	del	0.907381	242.059
	16	crg	0.912913	243.52
	16	crg	0.915068	244.088
	16	crg	0.924413	246.555
	16	crg	0.926982	247.233
	16	crl	0.928699	247.687
	16	crl	0.963933	256.987
	16	crl	0.969425	258.437
	16	dup	0.979372	261.062
	16	crg	0.993201	264.713
	16	del	0.998333	266.067

MUTATIONS   (8)  dup, deln, crl, crg, wgd:	31	27	19	12	1
	eid	type	time
	14	dup	0.00307412	3.51186
	14	crl	0.00640664	4.391
	14	del	0.0189493	7.69985
	14	del	0.0327519	11.3411
	14	dup	0.0429986	14.0442
	14	wgd	0.0486269	15.529
	14	del	0.0533725	16.7809
	14	dup	0.0626647	19.2323
	14	crg	0.063054	19.335
	14	del	0.0631333	19.3559
	14	del	0.0749047	22.4612
	14	crl	0.0785111	23.4126
	14	dup	0.0964668	28.1495
	14	crl	0.102093	29.6336
	14	crg	0.103051	29.8863
	14	dup	0.104293	30.2141
	14	dup	0.112375	32.3461
	14	del	0.12942	36.8428
	14	crg	0.153317	43.147
	14	crg	0.169892	47.5195
	14	dup	0.180414	50.2954
	14	crl	0.181736	50.644
	14	crg	0.218967	60.4658
	14	del	0.221099	61.0282
	14	del	0.222767	61.4683
	14	del	0.229479	63.2389
	14	del	0.229837	63.3334
	14	dup	0.230213	63.4326
	14	dup	0.235686	64.8763
	14	del	0.25226	69.2486
	14	dup	0.261158	71.5961
	14	del	0.279736	76.4971
	14	del	0.289412	79.0497
	14	crg	0.294357	80.3543
	14	crg	0.296595	80.9445
	14	dup	0.314305	85.6166
	14	dup	0.316899	86.3009
	14	del	0.374353	101.458
	14	crl	0.395393	107.008
	14	crl	0.401538	108.629
	14	crg	0.418751	113.17
	14	crl	0.42634	115.172
	14	dup	0.433073	116.948
	14	crl	0.443012	119.57
	14	dup	0.445953	120.346
	14	dup	0.447516	120.758
	14	dup	0.448344	120.977
	14	crl	0.462554	124.726
	14	crl	0.492374	132.592
	14	del	0.500177	134.651
	14	crg	0.516408	138.933
	14	del	0.530184	142.567
	14	crl	0.535555	143.984
	14	dup	0.557573	149.792
	14	crl	0.587145	157.594
	14	dup	0.588928	158.064
	14	del	0.602766	161.714
	14	dup	0.611957	164.139
	14	del	0.612129	164.184
	14	del	0.634938	170.202
	14	dup	0.637426	170.858
	14	dup	0.643852	172.553
	14	crl	0.678283	181.636
	14	crg	0.678837	181.782
	14	del	0.683445	182.998
	14	dup	0.690509	184.862
	14	del	0.696087	186.333
	14	crl	0.707534	189.353
	14	del	0.729543	195.159
	14	dup	0.743012	198.712
	14	del	0.760817	203.409
	14	del	0.764093	204.274
	14	crl	0.790778	211.313
	14	dup	0.795766	212.629
	14	crl	0.808224	215.916
	14	dup	0.818624	218.659
	14	dup	0.820129	219.056
	14	crl	0.841606	224.722
	14	dup	0.889532	237.365
	14	dup	0.892134	238.052
	14	crg	0.902604	240.814
	14	crl	0.907762	242.174
	14	del	0.926391	247.089
	14	crg	0.930432	248.155
	14	dup	0.960996	256.218
	14	dup	0.971494	258.987
	14	crl	0.982413	261.868
	14	del	0.983984	262.282
	14	dup	0.987866	263.306
	14	del	0.996222	265.511

MUTATIONS   (9)  dup, deln, crl, crg, wgd:	31	21	36	28	0
	eid	type	time
	9	dup	0.0107176	9.59367
	9	dup	0.0221766	11.3667
	9	del	0.0409866	14.2771
	9	crl	0.0657186	18.1039
	9	crl	0.0709579	18.9146
	9	del	0.0860645	21.252
	9	del	0.118929	26.3371
	9	crg	0.156049	32.0806
	9	crl	0.156249	32.1116
	9	crg	0.170449	34.3086
	9	dup	0.174511	34.9371
	9	crl	0.177508	35.4008
	9	crl	0.18305	36.2585
	9	del	0.203504	39.4231
	9	dup	0.209925	40.4167
	9	dup	0.223818	42.5664
	9	crl	0.244151	45.7124
	9	dup	0.246173	46.0253
	9	crg	0.246876	46.1341
	9	crl	0.308961	55.7404
	9	del	0.310985	56.0535
	9	crg	0.327461	58.6028
	9	del	0.348408	61.8439
	9	crl	0.355075	62.8755
	9	del	0.385558	67.5921
	9	crl	0.39606	69.2171
	9	crg	0.396102	69.2235
	9	dup	0.397114	69.3801
	9	dup	0.432781	74.8988
	9	crg	0.444979	76.7862
	9	dup	0.462018	79.4227
	9	del	0.473746	81.2373
	9	dup	0.485363	83.0348
	9	crl	0.489785	83.719
	9	dup	0.491955	84.0548
	9	crg	0.494832	84.4999
	9	crg	0.4966	84.7735
	9	dup	0.497367	84.8921
	9	crg	0.539029	91.3384
	9	crl	0.544823	92.235
	9	crg	0.578429	97.4348
	9	crl	0.578823	97.4958
	9	dup	0.581118	97.8507
	9	crg	0.613049	102.791
	9	dup	0.613554	102.87
	9	crl	0.619101	103.728
	9	crg	0.629439	105.327
	9	del	0.645789	107.857
	9	del	0.650832	108.637
	9	crl	0.659891	110.039
	9	dup	0.666111	111.002
	9	del	0.687908	114.374
	9	dup	0.694117	115.335
	9	dup	0.694901	115.456
	9	crl	0.698919	116.078
	9	crg	0.713174	118.284
	9	crl	0.75269	124.398
	9	crl	0.761941	125.829
	9	del	0.797231	131.29
	9	dup	0.813349	133.783
	9	dup	0.830801	136.484
	9	crl	0.836284	137.332
	9	del	0.850615	139.55
	9	dup	0.879603	144.035
	9	crl	0.899228	147.071
	9	dup	0.925968	151.209
	9	dup	0.969913	158.008
	9	crl	0.983653	160.134
	9	crl	0.992747	161.541
	4	dup	0.0648852	165.857
	4	crg	0.071529	166.184
	4	del	0.100715	167.621
	4	crl	0.12546	168.839
	4	crl	0.159368	170.507
	4	crl	0.347701	179.777
	4	del	0.367018	180.727
	4	crg	0.396065	182.157
	4	dup	0.417793	183.226
	4	crg	0.447631	184.695
	4	crg	0.466269	185.612
	4	crg	0.476607	186.121
	4	crl	0.50685	187.61
	4	crl	0.519857	188.25
	4	crl	0.556319	190.044
	4	dup	0.637424	194.036
	4	crg	0.645637	194.44
	4	crl	0.74961	199.558
	4	del	0.77737	200.924
	4	crl	0.791163	201.603
	4	crg	0.82258	203.149
	4	dup	0.876975	205.826
	1	crg	0.012326	212.554
	1	crl	0.0183198	212.882
	1	crl	0.0846948	216.508
	1	del	0.131755	219.078
	1	dup	0.149949	220.072
	1	dup	0.184707	221.971
	1	crl	0.230401	224.467
	1	del	0.291053	227.78
	1	del	0.322399	229.493
	1	crg	0.372214	232.214
	1	crg	0.436051	235.701
	1	dup	0.458967	236.953
	1	crg	0.477551	237.968
	1	crg	0.496975	239.029
	1	crl	0.501768	239.291
	1	crl	0.700067	250.123
	1	crl	0.743028	252.47
	1	dup	0.762602	253.539
	1	dup	0.767759	253.821
	1	del	0.782632	254.633
	1	del	0.911422	261.669
	1	crg	0.923545	262.331
	1	crl	0.924512	262.384
	1	crg	0.939111	263.181
	1	crg	0.963753	264.527

MUTATIONS   (10)  dup, deln, crl, crg, wgd:	33	20	23	28	0
	eid	type	time
	13	crg	0.0639543	3.57162
	13	del	0.443026	8.73266
	13	del	0.55715	10.2864
	13	del	0.647355	11.5146
	13	crl	0.692198	12.1251
	13	dup	0.858601	14.3907
	8	crg	0.0150373	20.078
	8	crg	0.0435785	27.2188
	8	crl	0.0599856	31.3237
	8	crl	0.07249	34.4522
	8	del	0.0833155	37.1606
	8	crg	0.109171	43.6295
	8	del	0.125034	47.5982
	8	dup	0.135648	50.2538
	8	crl	0.140879	51.5626
	8	crl	0.152491	54.4678
	8	crg	0.158032	55.8541
	8	crl	0.162595	56.9957
	8	crl	0.169807	58.8001
	8	crl	0.197191	65.6513
	8	del	0.230671	74.0277
	8	dup	0.236179	75.4057
	8	crg	0.24795	78.3508
	8	crg	0.249543	78.7493
	8	dup	0.270287	83.9393
	8	dup	0.277591	85.7668
	8	del	0.278258	85.9335
	8	crl	0.279364	86.2103
	8	dup	0.282893	87.0931
	8	dup	0.283986	87.3667
	8	dup	0.304595	92.5229
	8	crg	0.305007	92.6261
	8	dup	0.316418	95.481
	8	del	0.321272	96.6954
	8	del	0.326735	98.0621
	8	crl	0.349739	103.817
	8	crg	0.35605	105.396
	8	crg	0.356462	105.5
	8	dup	0.362378	106.98
	8	crl	0.382658	112.054
	8	crg	0.404874	117.612
	8	crg	0.409603	118.795
	8	crg	0.411017	119.149
	8	crg	0.418782	121.091
	8	crl	0.425297	122.721
	8	crg	0.427515	123.276
	8	dup	0.429799	123.848
	8	del	0.449319	128.732
	8	dup	0.453335	129.736
	8	dup	0.460554	131.543
	8	crg	0.467816	133.359
	8	del	0.47984	136.368
	8	dup	0.480821	136.613
	8	crg	0.480904	136.634
	8	dup	0.492852	139.623
	8	crl	0.504555	142.551
	8	crg	0.509434	143.772
	8	crl	0.510151	143.951
	8	crl	0.51035	144.001
	8	dup	0.510886	144.135
	8	dup	0.516795	145.614
	8	crl	0.539685	151.34
	8	dup	0.542543	152.056
	8	crg	0.552765	154.613
	8	crg	0.559307	156.25
	8	del	0.562328	157.006
	8	crg	0.648994	178.689
	8	del	0.674085	184.966
	8	dup	0.675898	185.42
	8	dup	0.692774	189.642
	8	dup	0.714137	194.987
	8	dup	0.716609	195.605
	8	crl	0.721266	196.77
	8	del	0.730781	199.151
	8	dup	0.735497	200.331
	8	crl	0.743666	202.375
	8	dup	0.747489	203.331
	8	crg	0.756335	205.544
	8	dup	0.758469	206.078
	8	del	0.768781	208.658
	8	crg	0.801532	216.852
	8	dup	0.81273	219.654
	8	dup	0.817087	220.744
	8	crl	0.835403	225.327
	8	dup	0.837833	225.935
	8	del	0.847113	228.256
	8	crg	0.850253	229.042
	8	del	0.852625	229.635
	8	del	0.868145	233.518
	8	del	0.874206	235.035
	8	crl	0.887294	238.309
	8	dup	0.89924	241.298
	8	crl	0.918465	246.108
	8	dup	0.929169	248.786
	8	crg	0.930675	249.163
	8	crl	0.939638	251.405
	8	del	0.939986	251.492
	8	crg	0.94429	252.569
	8	crl	0.946352	253.085
	8	dup	0.962143	257.036
	8	crg	0.975401	260.353
	8	dup	0.980348	261.591
	8	dup	0.98576	262.945
	8	crg	0.993966	264.998

MUTATIONS   (11)  dup, deln, crl, crg, wgd:	0	0	0	0	0
	eid	type	time

