1	17	3	0.104094	2.87374
1	17	0	0.363144	5.89712
1	17	2	0.486593	7.33789
1	17	2	0.561709	8.21457
1	17	0	0.582721	8.4598
1	17	0	0.658078	9.3393
1	17	2	0.810502	11.1182
1	13	1	0.0209422	15.5268
1	13	1	0.0245164	15.9017
1	13	0	0.0386094	17.3801
1	13	1	0.0506051	18.6385
1	13	2	0.145549	28.5985
1	13	2	0.231359	37.6003
1	13	0	0.255504	40.1332
1	13	1	0.286669	43.4025
1	13	1	0.345281	49.5511
1	13	2	0.346614	49.691
1	13	2	0.360385	51.1356
1	13	1	0.379339	53.124
1	13	0	0.415701	56.9384
1	13	0	0.431555	58.6016
1	13	2	0.432425	58.6929
1	13	2	0.470843	62.7231
1	13	1	0.488725	64.599
1	13	3	0.535453	69.5009
1	13	0	0.541221	70.106
1	13	2	0.554948	71.546
1	13	2	0.580094	74.184
1	13	2	0.584466	74.6425
1	13	1	0.625632	78.961
1	13	3	0.633616	79.7985
1	13	2	0.640126	80.4815
1	13	0	0.667824	83.3871
1	13	0	0.688249	85.5298
1	13	0	0.72283	89.1574
1	13	1	0.755787	92.6148
1	13	1	0.776577	94.7957
1	13	2	0.897795	107.512
1	13	1	0.937149	111.64
1	13	3	0.941854	112.134
1	13	3	0.968639	114.944
1	13	1	0.98576	116.74
1	13	1	0.988124	116.988
1	1	1	0.0371562	120.191
1	1	1	0.0717445	122.013
1	1	0	0.285017	133.249
1	1	3	0.339935	136.143
1	1	2	0.348212	136.579
1	1	1	0.518675	145.559
1	1	0	0.563182	147.904
1	1	1	0.590199	149.327
1	1	2	0.652188	152.593
1	1	2	0.656187	152.804
1	1	1	0.680195	154.069
1	1	2	0.732922	156.847
1	1	3	0.755735	158.048
1	1	3	0.783457	159.509
1	1	1	0.788032	159.75
1	1	3	0.836676	162.313
1	1	1	0.840504	162.514
1	1	2	0.936955	167.596
2	15	0	0.0890534	3.72527
2	15	2	0.445806	9.63571
2	15	1	0.4497	9.70022
2	15	1	0.60959	12.3492
2	15	3	0.821776	15.8645
2	8	2	0.0265236	19.4018
2	8	2	0.0437283	19.781
2	8	1	0.467098	29.1115
2	8	1	0.481988	29.4397
2	8	3	0.528048	30.4548
2	8	0	0.593346	31.8939
2	8	0	0.775789	35.9147
2	8	2	0.790763	36.2447
2	8	3	0.802941	36.5131
2	8	3	0.98058	40.4281
2	6	1	0.00590748	41.6244
2	6	3	0.00688817	41.752
2	6	3	0.0359158	45.5273
2	6	0	0.0389277	45.9191
2	6	3	0.0662974	49.4788
2	6	3	0.0704045	50.013
2	6	1	0.077923	50.9908
2	6	2	0.0964486	53.4003
2	6	2	0.106831	54.7506
2	6	0	0.118344	56.248
2	6	3	0.145575	59.7897
2	6	1	0.161705	61.8876
2	6	2	0.164055	62.1933
2	6	2	0.193655	66.0431
2	6	0	0.2255	70.1848
2	6	3	0.257284	74.3187
2	6	1	0.262289	74.9697
2	6	1	0.312113	81.4498
2	6	3	0.320495	82.54
2	6	3	0.332322	84.0782
2	6	1	0.340351	85.1226
2	6	2	0.372477	89.3009
2	6	0	0.388097	91.3323
2	6	3	0.397931	92.6115
2	6	2	0.409818	94.1574
2	6	1	0.41139	94.3618
2	6	1	0.450349	99.429
2	6	3	0.553834	112.888
2	6	2	0.579522	116.229
2	6	3	0.604041	119.418
2	6	1	0.606224	119.702
2	6	3	0.620502	121.559
2	6	3	0.621758	121.723
2	6	1	0.685651	130.033
2	6	2	0.740155	137.122
2	6	0	0.741831	137.339
2	6	2	0.74615	137.901
2	6	3	0.777524	141.982
2	6	2	0.807317	145.857
2	6	2	0.808192	145.97
2	6	1	0.808675	146.033
2	6	0	0.826932	148.408
2	6	2	0.836026	149.591
2	6	1	0.839026	149.981
2	6	0	0.842006	150.368
2	6	2	0.84808	151.158
2	6	2	0.854572	152.003
2	6	3	0.86514	153.377
2	6	3	0.912252	159.505
2	6	3	0.957898	165.441
3	16	2	0.00294916	2.29162
3	16	3	0.104197	3.7241
3	16	2	0.336637	7.01272
3	16	3	0.354593	7.26676
3	16	1	0.390089	7.76897
3	16	2	0.658744	11.57
3	16	0	0.679738	11.867
3	16	3	0.698723	12.1356
3	16	0	0.738392	12.6968
3	16	3	0.73853	12.6988
3	16	0	0.914786	15.1925
3	9	2	0.00887028	19.5942
3	9	1	0.0228266	21.725
3	9	2	0.0277017	22.4693
3	9	2	0.0461843	25.2912
3	9	2	0.0550232	26.6407
3	9	3	0.0668439	28.4455
3	9	0	0.0927917	32.4071
3	9	1	0.0977638	33.1662
3	9	3	0.131718	38.3503
3	9	1	0.157717	42.3197
3	9	3	0.184062	46.3421
3	9	0	0.193428	47.7719
3	9	0	0.210702	50.4093
3	9	1	0.266181	58.8797
3	9	0	0.290444	62.5842
3	9	3	0.30218	64.376
3	9	3	0.307992	65.2633
3	9	1	0.343157	70.6322
3	9	2	0.352701	72.0894
3	9	3	0.357175	72.7725
3	9	2	0.376504	75.7236
3	9	0	0.392387	78.1485
3	9	2	0.392982	78.2393
3	9	0	0.402656	79.7163
3	9	2	0.403732	79.8806
3	9	1	0.426991	83.4317
3	9	3	0.43318	84.3767
3	9	0	0.433892	84.4853
3	9	0	0.434769	84.6192
3	9	2	0.435333	84.7054
3	9	0	0.439379	85.3231
3	9	3	0.452358	87.3047
3	9	0	0.457025	88.0173
3	9	1	0.484676	92.239
3	9	2	0.494182	93.6902
3	9	1	0.513438	96.6302
3	9	2	0.517055	97.1825
3	9	3	0.532782	99.5836
3	9	1	0.541502	100.915
3	9	1	0.551965	102.512
3	9	0	0.566256	104.694
3	9	1	0.573397	105.785
3	9	0	0.604247	110.495
3	9	3	0.60467	110.559
3	9	2	0.604851	110.587
3	9	2	0.609938	111.364
3	9	1	0.613104	111.847
3	9	1	0.616659	112.39
3	9	0	0.641853	116.236
3	9	1	0.68123	122.248
3	9	1	0.697248	124.694
3	9	0	0.708307	126.382
3	9	3	0.737964	130.91
3	9	2	0.739144	131.09
3	9	3	0.739533	131.15
3	9	3	0.74158	131.462
3	9	1	0.763975	134.881
3	9	1	0.771564	136.04
3	9	3	0.779036	137.181
3	9	2	0.793301	139.359
3	9	0	0.817113	142.995
3	9	1	0.828607	144.749
3	9	1	0.838807	146.307
3	9	1	0.850829	148.142
3	9	3	0.860837	149.67
3	9	2	0.898539	155.426
3	9	1	0.913047	157.641
3	9	0	0.920512	158.781
3	9	1	0.924064	159.323
3	9	0	0.932222	160.569
3	9	2	0.933113	160.705
3	9	0	0.94722	162.859
3	9	3	0.972407	166.704
3	9	2	0.988446	169.153
3	9	2	0.996122	170.325
4	16	2	0.00294916	2.29162
4	16	3	0.104197	3.7241
4	16	2	0.336637	7.01272
4	16	3	0.354593	7.26676
4	16	1	0.390089	7.76897
4	16	2	0.658744	11.57
4	16	0	0.679738	11.867
4	16	3	0.698723	12.1356
4	16	0	0.738392	12.6968
4	16	3	0.73853	12.6988
4	16	0	0.914786	15.1925
4	10	0	0.0153221	20.5793
4	10	1	0.0286593	22.6155
4	10	3	0.0295663	22.754
4	10	0	0.0510148	26.0287
4	10	0	0.0540986	26.4995
4	10	0	0.0774018	30.0574
4	10	3	0.0903202	32.0298
4	10	0	0.0929727	32.4347
4	10	1	0.128769	37.9
4	10	3	0.135564	38.9374
4	10	3	0.192366	47.6098
4	10	2	0.258798	57.7525
4	10	3	0.266813	58.9762
4	10	2	0.279745	60.9506
4	10	0	0.28183	61.2689
4	10	3	0.318384	66.8499
4	10	2	0.320201	67.1273
4	10	2	0.337338	69.7438
4	10	2	0.34314	70.6297
4	10	0	0.347626	71.3144
4	10	2	0.357794	72.8669
4	10	1	0.378117	75.9697
4	10	3	0.380351	76.3108
4	10	1	0.433704	84.4566
4	10	0	0.44211	85.74
4	10	2	0.442304	85.7696
4	10	2	0.447119	86.5048
4	10	1	0.514157	96.7399
4	10	2	0.561102	103.907
4	10	0	0.568861	105.092
4	10	2	0.571901	105.556
4	10	2	0.588402	108.075
4	10	3	0.596887	109.371
4	10	0	0.605576	110.698
4	10	3	0.605671	110.712
4	10	0	0.609527	111.301
4	10	1	0.618778	112.713
4	10	3	0.622758	113.321
4	10	2	0.630353	114.481
4	10	2	0.650053	117.488
4	10	1	0.673157	121.016
4	10	1	0.692424	123.957
4	10	3	0.70332	125.621
4	10	1	0.717111	127.726
4	10	1	0.77105	135.962
4	10	1	0.786495	138.32
4	10	3	0.810298	141.954
4	10	0	0.813175	142.393
4	10	3	0.815158	142.696
4	10	2	0.815874	142.805
4	10	2	0.824354	144.1
4	10	1	0.836476	145.951
4	10	3	0.856596	149.023
4	10	1	0.870338	151.121
4	10	1	0.87709	152.152
4	10	3	0.887342	153.717
4	10	3	0.905302	156.459
4	10	3	0.933244	160.725
4	10	0	0.935285	161.037
4	10	2	0.93992	161.744
4	10	3	0.96733	165.929
4	10	2	0.981416	168.08
5	17	3	0.104094	2.87374
5	17	0	0.363144	5.89712
5	17	2	0.486593	7.33789
5	17	2	0.561709	8.21457
5	17	0	0.582721	8.4598
5	17	0	0.658078	9.3393
5	17	2	0.810502	11.1182
5	13	1	0.0209422	15.5268
5	13	1	0.0245164	15.9017
5	13	0	0.0386094	17.3801
5	13	1	0.0506051	18.6385
5	13	2	0.145549	28.5985
5	13	2	0.231359	37.6003
5	13	0	0.255504	40.1332
5	13	1	0.286669	43.4025
5	13	1	0.345281	49.5511
5	13	2	0.346614	49.691
5	13	2	0.360385	51.1356
5	13	1	0.379339	53.124
5	13	0	0.415701	56.9384
5	13	0	0.431555	58.6016
5	13	2	0.432425	58.6929
5	13	2	0.470843	62.7231
5	13	1	0.488725	64.599
5	13	3	0.535453	69.5009
5	13	0	0.541221	70.106
5	13	2	0.554948	71.546
5	13	2	0.580094	74.184
5	13	2	0.584466	74.6425
5	13	1	0.625632	78.961
5	13	3	0.633616	79.7985
5	13	2	0.640126	80.4815
5	13	0	0.667824	83.3871
5	13	0	0.688249	85.5298
5	13	0	0.72283	89.1574
5	13	1	0.755787	92.6148
5	13	1	0.776577	94.7957
5	13	2	0.897795	107.512
5	13	1	0.937149	111.64
5	13	3	0.941854	112.134
5	13	3	0.968639	114.944
5	13	1	0.98576	116.74
5	13	1	0.988124	116.988
5	2	1	0.1068	123.86
5	2	2	0.121435	124.631
5	2	3	0.262673	132.072
5	2	0	0.306173	134.364
5	2	0	0.417072	140.206
5	2	1	0.550838	147.254
5	2	0	0.591697	149.406
5	2	1	0.789296	159.817
5	2	0	0.798045	160.277
5	2	3	0.798799	160.317
5	2	0	0.825984	161.749
5	2	0	0.913224	166.345
6	15	0	0.0890534	3.72527
6	15	2	0.445806	9.63571
6	15	1	0.4497	9.70022
6	15	1	0.60959	12.3492
6	15	3	0.821776	15.8645
6	7	3	0.122548	22.0073
6	7	2	0.131699	22.2455
6	7	3	0.156902	22.9015
6	7	0	0.248301	25.2808
6	7	1	0.524363	32.4669
6	7	3	0.525059	32.4851
6	7	1	0.604345	34.549
6	7	3	0.649614	35.7274
6	7	3	0.650864	35.7599
6	7	2	0.669357	36.2413
6	7	0	0.934979	43.1557
6	7	3	0.964313	43.9193
6	4	3	0.0149023	46.727
6	4	2	0.0256907	48.0871
6	4	2	0.0308336	48.7354
6	4	2	0.0318401	48.8623
6	4	0	0.0522203	51.4316
6	4	0	0.0649181	53.0324
6	4	2	0.0918452	56.4271
6	4	2	0.105673	58.1703
6	4	2	0.170692	66.3673
6	4	3	0.178832	67.3935
6	4	2	0.218241	72.3616
6	4	1	0.268279	78.6699
6	4	3	0.270694	78.9744
6	4	0	0.278987	80.0198
6	4	3	0.295534	82.1059
6	4	3	0.301948	82.9145
6	4	0	0.308047	83.6834
6	4	2	0.308121	83.6928
6	4	3	0.320165	85.2112
6	4	2	0.32259	85.5168
6	4	1	0.338026	87.4628
6	4	2	0.358414	90.0332
6	4	3	0.424436	98.3565
6	4	1	0.429939	99.0502
6	4	1	0.435913	99.8033
6	4	1	0.492262	106.907
6	4	1	0.516019	109.902
6	4	0	0.534305	112.207
6	4	2	0.545845	113.662
6	4	0	0.56113	115.589
6	4	2	0.561234	115.602
6	4	0	0.575092	117.35
6	4	2	0.576406	117.515
6	4	0	0.592105	119.494
6	4	3	0.606303	121.284
6	4	3	0.607281	121.407
6	4	0	0.68953	131.777
6	4	0	0.702783	133.447
6	4	0	0.734112	137.397
6	4	2	0.764297	141.202
6	4	1	0.787561	144.135
6	4	3	0.796151	145.218
6	4	1	0.809881	146.949
6	4	2	0.815203	147.62
6	4	3	0.878884	155.648
6	4	2	0.88171	156.004
6	4	0	0.890403	157.1
6	4	0	0.897366	157.978
6	4	1	0.912591	159.898
6	4	3	0.927884	161.826
6	4	3	0.944721	163.948
6	4	3	0.949467	164.547
7	15	0	0.0890534	3.72527
7	15	2	0.445806	9.63571
7	15	1	0.4497	9.70022
7	15	1	0.60959	12.3492
7	15	3	0.821776	15.8645
7	7	3	0.122548	22.0073
7	7	2	0.131699	22.2455
7	7	3	0.156902	22.9015
7	7	0	0.248301	25.2808
7	7	1	0.524363	32.4669
7	7	3	0.525059	32.4851
7	7	1	0.604345	34.549
7	7	3	0.649614	35.7274
7	7	3	0.650864	35.7599
7	7	2	0.669357	36.2413
7	7	0	0.934979	43.1557
7	7	3	0.964313	43.9193
7	3	1	0.00920452	46.0087
7	3	0	0.0679434	53.4138
7	3	3	0.0726337	54.0051
7	3	0	0.0812777	55.0949
7	3	2	0.0914699	56.3798
7	3	0	0.114822	59.3238
7	3	3	0.188819	68.6525
7	3	1	0.191624	69.0061
7	3	2	0.207742	71.0381
7	3	0	0.209696	71.2844
7	3	2	0.258197	77.3989
7	3	0	0.276147	79.6618
7	3	2	0.28177	80.3708
7	3	3	0.312974	84.3045
7	3	3	0.317687	84.8988
7	3	1	0.332995	86.8286
7	3	3	0.349693	88.9337
7	3	2	0.387009	93.638
7	3	1	0.393855	94.5012
7	3	0	0.409914	96.5257
7	3	3	0.410407	96.5879
7	3	2	0.416347	97.3366
7	3	0	0.444229	100.852
7	3	2	0.509472	109.077
7	3	3	0.530976	111.788
7	3	2	0.561852	115.68
7	3	1	0.567707	116.418
7	3	2	0.567719	116.42
7	3	1	0.582367	118.267
7	3	3	0.61084	121.856
7	3	2	0.640003	125.533
7	3	0	0.642605	125.861
7	3	1	0.667512	129.001
7	3	0	0.700357	133.142
7	3	3	0.701381	133.271
7	3	2	0.711192	134.507
7	3	3	0.712441	134.665
7	3	1	0.752556	139.722
7	3	3	0.79725	145.357
7	3	1	0.805193	146.358
7	3	2	0.810626	147.043
7	3	3	0.820353	148.269
7	3	2	0.825282	148.891
7	3	3	0.841002	150.873
7	3	0	0.865481	153.959
7	3	1	0.904459	158.872
7	3	3	0.90931	159.484
7	3	1	0.958259	165.655
7	3	1	0.968895	166.996
8	17	3	0.104094	2.87374
8	17	0	0.363144	5.89712
8	17	2	0.486593	7.33789
8	17	2	0.561709	8.21457
8	17	0	0.582721	8.4598
8	17	0	0.658078	9.3393
8	17	2	0.810502	11.1182
8	14	1	0.00291511	13.7893
8	14	1	0.0108397	15.0381
8	14	1	0.0145625	15.6247
8	14	1	0.0338594	18.6657
8	14	0	0.0465631	20.6676
8	14	2	0.0498803	21.1904
8	14	0	0.0797713	25.9008
8	14	1	0.0959986	28.458
8	14	1	0.128883	33.6401
8	14	0	0.131333	34.0263
8	14	3	0.14781	36.6228
8	14	0	0.165748	39.4496
8	14	1	0.176187	41.0947
8	14	2	0.222591	48.4074
8	14	1	0.225033	48.7922
8	14	2	0.23747	50.7521
8	14	0	0.249704	52.68
8	14	1	0.269584	55.8128
8	14	1	0.277787	57.1056
8	14	1	0.287104	58.5738
8	14	2	0.290051	59.0383
8	14	2	0.290389	59.0915
8	14	1	0.304167	61.2627
8	14	1	0.31907	63.6112
8	14	3	0.331811	65.6192
8	14	1	0.356724	69.545
8	14	1	0.368442	71.3917
8	14	3	0.386595	74.2524
8	14	2	0.395313	75.6262
8	14	2	0.417726	79.1582
8	14	2	0.448773	84.0509
8	14	2	0.449918	84.2312
8	14	1	0.478947	88.8058
8	14	0	0.486593	90.0107
8	14	0	0.491034	90.7105
8	14	1	0.511279	93.901
8	14	0	0.512172	94.0417
8	14	2	0.552949	100.468
8	14	3	0.558431	101.331
8	14	2	0.597829	107.54
8	14	2	0.603591	108.448
8	14	3	0.606593	108.921
8	14	2	0.614687	110.197
8	14	0	0.616408	110.468
8	14	1	0.621554	111.279
8	14	0	0.640987	114.341
8	14	3	0.667802	118.567
8	14	0	0.668516	118.68
8	14	2	0.678797	120.3
8	14	0	0.695204	122.885
8	14	1	0.728539	128.138
8	14	1	0.76817	134.384
8	14	0	0.806155	140.37
8	14	2	0.821804	142.836
8	14	2	0.826515	143.578
8	14	2	0.848516	147.045
8	14	2	0.849701	147.232
8	14	0	0.865681	149.75
8	14	3	0.892976	154.052
8	14	3	0.894956	154.364
8	14	0	0.91809	158.009
8	14	3	0.932106	160.218
8	14	1	0.949279	162.924
8	14	3	0.95379	163.635
8	14	1	0.985526	168.636
8	14	1	0.98589	168.694
8	14	3	0.986008	168.712
9	15	0	0.0890534	3.72527
9	15	2	0.445806	9.63571
9	15	1	0.4497	9.70022
9	15	1	0.60959	12.3492
9	15	3	0.821776	15.8645
9	8	2	0.0265236	19.4018
9	8	2	0.0437283	19.781
9	8	1	0.467098	29.1115
9	8	1	0.481988	29.4397
9	8	3	0.528048	30.4548
9	8	0	0.593346	31.8939
9	8	0	0.775789	35.9147
9	8	2	0.790763	36.2447
9	8	3	0.802941	36.5131
9	8	3	0.98058	40.4281
9	5	0	0.0185154	43.2642
9	5	3	0.0213354	43.631
9	5	2	0.0312366	44.9187
9	5	1	0.0383964	45.85
9	5	2	0.0767147	50.8337
9	5	0	0.106722	54.7364
9	5	2	0.126977	57.3709
9	5	2	0.145803	59.8194
9	5	3	0.211919	68.4185
9	5	2	0.236924	71.6707
9	5	1	0.259998	74.6717
9	5	0	0.273615	76.4428
9	5	3	0.282195	77.5587
9	5	3	0.283359	77.7101
9	5	1	0.31337	81.6134
9	5	0	0.363719	88.1618
9	5	1	0.389347	91.495
9	5	1	0.393671	92.0573
9	5	1	0.408996	94.0505
9	5	0	0.413224	94.6005
9	5	0	0.425153	96.1519
9	5	1	0.429438	96.7093
9	5	2	0.431048	96.9187
9	5	2	0.436268	97.5975
9	5	2	0.464717	101.298
9	5	1	0.471271	102.15
9	5	0	0.474467	102.566
9	5	2	0.495406	105.289
9	5	2	0.49559	105.313
9	5	2	0.505323	106.579
9	5	2	0.511526	107.386
9	5	0	0.55631	113.21
9	5	1	0.565396	114.392
9	5	2	0.577952	116.025
9	5	1	0.580498	116.356
9	5	3	0.585905	117.06
9	5	1	0.586208	117.099
9	5	2	0.625384	122.194
9	5	3	0.663607	127.165
9	5	1	0.681428	129.483
9	5	1	0.709402	133.122
9	5	1	0.726084	135.291
9	5	2	0.760117	139.718
9	5	2	0.763205	140.119
9	5	1	0.809248	146.108
9	5	1	0.830831	148.915
9	5	0	0.898367	157.699
9	5	0	0.921573	160.717
9	5	0	0.945852	163.875
9	5	1	0.98803	169.36
10	16	2	0.00294916	2.29162
10	16	3	0.104197	3.7241
10	16	2	0.336637	7.01272
10	16	3	0.354593	7.26676
10	16	1	0.390089	7.76897
10	16	2	0.658744	11.57
10	16	0	0.679738	11.867
10	16	3	0.698723	12.1356
10	16	0	0.738392	12.6968
10	16	3	0.73853	12.6988
10	16	0	0.914786	15.1925
10	12	3	0.0251821	20.2892
10	12	2	0.0382126	22.3027
10	12	1	0.0383914	22.3303
10	12	3	0.0592657	25.5558
10	12	3	0.0594247	25.5804
10	12	2	0.0700085	27.2158
10	12	0	0.0875232	29.9221
10	12	3	0.105715	32.7331
10	12	3	0.124266	35.5995
10	12	3	0.135136	37.2792
10	12	2	0.142798	38.4632
10	12	2	0.239687	53.4344
10	12	0	0.244779	54.2211
10	12	0	0.248039	54.7249
10	12	1	0.332918	67.8402
10	12	2	0.360718	72.1359
10	12	3	0.383297	75.6248
10	12	1	0.385591	75.9792
10	12	1	0.401602	78.4533
10	12	1	0.433918	83.4467
10	12	1	0.465587	88.3403
10	12	2	0.472077	89.343
10	12	1	0.495394	92.946
10	12	2	0.503784	94.2424
10	12	2	0.581446	106.243
10	12	2	0.585115	106.81
10	12	3	0.604018	109.73
10	12	1	0.609776	110.62
10	12	1	0.622876	112.644
10	12	2	0.648865	116.66
10	12	1	0.655008	117.609
10	12	3	0.674854	120.676
10	12	1	0.67805	121.17
10	12	2	0.683303	121.982
10	12	3	0.705107	125.351
10	12	2	0.716011	127.035
10	12	3	0.763252	134.335
10	12	1	0.764136	134.472
10	12	2	0.764173	134.477
10	12	3	0.769254	135.262
10	12	1	0.772647	135.787
10	12	0	0.851801	148.018
10	12	3	0.87889	152.203
10	12	2	0.90955	156.941
10	12	3	0.912963	157.468
10	12	1	0.917563	158.179
10	12	2	0.922337	158.917
10	12	3	0.928081	159.804
10	12	0	0.9525	163.577
10	12	0	0.972438	166.658
