NODE TIMES:	nid	time
	1	331.927
	2	331.927
	3	331.927
	4	331.927
	5	331.927
	6	331.927
	7	331.927
	8	331.927
	9	331.927
	10	331.927
	11	0
	12	0
	13	74.7876
	14	51.3391
	15	37.5692
	16	21.9351
	17	14.7868
	18	11.7954
	19	4.22659
	20	1.93279
	21	1.5733

ANCESTRY    (1)	19 (12 -> 21) 	18 (21 -> 20) 	16 (20 -> 19) 	13 (19 -> 17) 	10 (17 -> 16) 	8 (16 -> 14) 	3 (14 -> 1) 
ANCESTRY    (2)	19 (12 -> 21) 	18 (21 -> 20) 	16 (20 -> 19) 	13 (19 -> 17) 	10 (17 -> 16) 	8 (16 -> 14) 	4 (14 -> 2) 
ANCESTRY    (3)	19 (12 -> 21) 	18 (21 -> 20) 	15 (20 -> 18) 	12 (18 -> 15) 	5 (15 -> 13) 	1 (13 -> 3) 
ANCESTRY    (4)	19 (12 -> 21) 	18 (21 -> 20) 	15 (20 -> 18) 	12 (18 -> 15) 	5 (15 -> 13) 	2 (13 -> 4) 
ANCESTRY    (5)	19 (12 -> 21) 	17 (21 -> 5) 
ANCESTRY    (6)	19 (12 -> 21) 	18 (21 -> 20) 	16 (20 -> 19) 	14 (19 -> 6) 
ANCESTRY    (7)	19 (12 -> 21) 	18 (21 -> 20) 	15 (20 -> 18) 	12 (18 -> 15) 	6 (15 -> 7) 
ANCESTRY    (8)	19 (12 -> 21) 	18 (21 -> 20) 	15 (20 -> 18) 	11 (18 -> 8) 
ANCESTRY    (9)	19 (12 -> 21) 	18 (21 -> 20) 	16 (20 -> 19) 	13 (19 -> 17) 	10 (17 -> 16) 	7 (16 -> 9) 
ANCESTRY    (10)	19 (12 -> 21) 	18 (21 -> 20) 	16 (20 -> 19) 	13 (19 -> 17) 	9 (17 -> 10) 
ANCESTRY    (11)	20 (12 -> 11) 

MUTATIONS   (1)  dup, deln, crl, crg, wgd:	21	26	30	36	0
	eid	type	time
	13	crg	0.078147	5.05184
	13	dup	0.212968	6.47558
	13	crl	0.370084	8.13475
	8	del	0.218178	28.3504
	8	del	0.401472	33.7399
	8	del	0.694552	42.3577
	8	dup	0.850322	46.938
	8	dup	0.884429	47.9408
	8	crl	0.947601	49.7983
	8	crl	0.995766	51.2146
	3	crl	0.0064206	53.1406
	3	del	0.0190805	56.6928
	3	dup	0.0334101	60.7136
	3	del	0.0462628	64.3199
	3	crl	0.0705687	71.1398
	3	crl	0.0707967	71.2038
	3	crg	0.0727041	71.739
	3	crg	0.0776158	73.1171
	3	dup	0.0906371	76.7708
	3	del	0.103371	80.3438
	3	dup	0.120262	85.083
	3	crg	0.131371	88.2001
	3	crl	0.135563	89.3764
	3	del	0.141419	91.0196
	3	crg	0.144196	91.7987
	3	crg	0.152363	94.0904
	3	del	0.155341	94.9257
	3	del	0.159265	96.027
	3	crg	0.162572	96.9547
	3	crl	0.181629	102.302
	3	crg	0.204313	108.667
	3	crl	0.220439	113.192
	3	crl	0.225377	114.577
	3	crg	0.235054	117.292
	3	crg	0.25368	122.519
	3	crl	0.272563	127.817
	3	del	0.293801	133.776
	3	dup	0.320268	141.202
	3	crl	0.33354	144.926
	3	del	0.337288	145.978
	3	crg	0.355176	150.997
	3	crg	0.359762	152.284
	3	del	0.363271	153.268
	3	del	0.366963	154.304
	3	del	0.386858	159.887
	3	crl	0.389302	160.572
	3	crl	0.399481	163.428
	3	crg	0.399766	163.509
	3	dup	0.41676	168.277
	3	crg	0.427755	171.362
	3	dup	0.434701	173.311
	3	crl	0.437806	174.182
	3	dup	0.438143	174.277
	3	del	0.452372	178.269
	3	crg	0.454704	178.923
	3	del	0.461601	180.859
	3	crg	0.468675	182.844
	3	crl	0.494471	190.081
	3	crl	0.502096	192.221
	3	crg	0.514131	195.598
	3	del	0.514403	195.674
	3	dup	0.521599	197.693
	3	crg	0.521817	197.755
	3	crg	0.52951	199.913
	3	dup	0.531997	200.611
	3	del	0.532958	200.88
	3	crg	0.534818	201.403
	3	crl	0.547306	204.906
	3	crg	0.565009	209.874
	3	dup	0.571944	211.82
	3	dup	0.574458	212.525
	3	crg	0.62986	228.07
	3	dup	0.631337	228.484
	3	del	0.644933	232.299
	3	crg	0.660092	236.553
	3	del	0.682967	242.971
	3	crg	0.688968	244.655
	3	crg	0.694053	246.082
	3	crl	0.700274	247.827
	3	crl	0.713142	251.438
	3	del	0.717038	252.531
	3	crg	0.72231	254.01
	3	del	0.727274	255.403
	3	crg	0.729329	255.98
	3	crl	0.733099	257.038
	3	del	0.735117	257.604
	3	crl	0.739732	258.899
	3	crg	0.740166	259.021
	3	dup	0.752253	262.412
	3	crl	0.752669	262.529
	3	crg	0.778961	269.906
	3	dup	0.784374	271.425
	3	dup	0.786414	271.997
	3	crl	0.794715	274.326
	3	crl	0.798244	275.317
	3	del	0.800787	276.03
	3	crl	0.809047	278.348
	3	crg	0.82313	282.299
	3	crg	0.843622	288.049
	3	crl	0.846756	288.928
	3	crg	0.858915	292.34
	3	crg	0.875958	297.122
	3	crl	0.879401	298.088
	3	crl	0.897426	303.146
	3	dup	0.902019	304.435
	3	del	0.932	312.847
	3	del	0.940246	315.16
	3	dup	0.950667	318.084
	3	crg	0.955624	319.475
	3	crl	0.97196	324.059
	3	dup	0.978148	325.795
	3	crg	0.996644	330.985
	3	crg	0.99747	331.217

MUTATIONS   (2)  dup, deln, crl, crg, wgd:	25	37	37	21	1
	eid	type	time
	13	crg	0.078147	5.05184
	13	dup	0.212968	6.47558
	13	crl	0.370084	8.13475
	8	del	0.218178	28.3504
	8	del	0.401472	33.7399
	8	del	0.694552	42.3577
	8	dup	0.850322	46.938
	8	dup	0.884429	47.9408
	8	crl	0.947601	49.7983
	8	crl	0.995766	51.2146
	4	del	0.0015541	51.7752
	4	del	0.0336654	60.7852
	4	crg	0.0495176	65.2331
	4	dup	0.0587799	67.832
	4	dup	0.0718387	71.4962
	4	crg	0.0811515	74.1092
	4	crl	0.084287	74.989
	4	crl	0.122182	85.6219
	4	del	0.144066	91.7624
	4	crl	0.145098	92.0518
	4	dup	0.166074	97.9375
	4	del	0.166825	98.1482
	4	crg	0.169463	98.8882
	4	crl	0.179206	101.622
	4	crl	0.182899	102.658
	4	crg	0.185359	103.348
	4	del	0.191031	104.94
	4	del	0.20521	108.918
	4	del	0.21284	111.059
	4	dup	0.215753	111.877
	4	crl	0.217396	112.338
	4	crl	0.220016	113.073
	4	dup	0.220219	113.13
	4	crl	0.249893	121.456
	4	crl	0.25714	123.489
	4	crg	0.257665	123.637
	4	crl	0.266419	126.093
	4	crl	0.2812	130.24
	4	crl	0.299965	135.506
	4	del	0.306482	137.334
	4	del	0.308816	137.989
	4	crg	0.313577	139.325
	4	dup	0.317439	140.409
	4	crg	0.321788	141.629
	4	crl	0.338982	146.453
	4	crl	0.348751	149.194
	4	del	0.350534	149.695
	4	crl	0.363336	153.287
	4	del	0.381056	158.259
	4	dup	0.382033	158.533
	4	del	0.382209	158.582
	4	wgd	0.387886	160.175
	4	crg	0.40155	164.009
	4	del	0.407539	165.689
	4	del	0.421383	169.574
	4	del	0.423982	170.303
	4	del	0.426355	170.969
	4	crl	0.427298	171.234
	4	del	0.44471	176.119
	4	crl	0.461387	180.798
	4	dup	0.467177	182.423
	4	del	0.471023	183.502
	4	del	0.480851	186.26
	4	crl	0.483703	187.06
	4	del	0.490665	189.014
	4	crl	0.491636	189.286
	4	del	0.516603	196.291
	4	dup	0.52029	197.326
	4	dup	0.524185	198.419
	4	crl	0.538131	202.332
	4	crg	0.539671	202.764
	4	crg	0.540623	203.031
	4	crl	0.544949	204.245
	4	crl	0.553268	206.579
	4	del	0.561186	208.801
	4	del	0.572078	211.857
	4	crl	0.573298	212.199
	4	crl	0.58104	214.372
	4	crl	0.583584	215.086
	4	del	0.584264	215.276
	4	dup	0.623121	226.179
	4	dup	0.625778	226.925
	4	crg	0.635662	229.698
	4	dup	0.636429	229.913
	4	dup	0.643729	231.962
	4	crl	0.653172	234.611
	4	crl	0.660354	236.626
	4	crg	0.672512	240.038
	4	del	0.687162	244.148
	4	dup	0.705881	249.401
	4	crg	0.712879	251.364
	4	dup	0.719446	253.207
	4	crg	0.723545	254.357
	4	crg	0.735658	257.756
	4	crl	0.756195	263.518
	4	dup	0.756559	263.62
	4	del	0.76194	265.13
	4	crg	0.7644	265.82
	4	dup	0.77254	268.104
	4	del	0.790795	273.226
	4	dup	0.800402	275.922
	4	crl	0.814067	279.756
	4	crg	0.836069	285.93
	4	dup	0.840083	287.056
	4	crg	0.841079	287.336
	4	del	0.849258	289.63
	4	crl	0.86127	293.001
	4	del	0.888842	300.737
	4	crl	0.891293	301.425
	4	dup	0.89703	303.035
	4	dup	0.900338	303.963
	4	crl	0.9088	306.337
	4	del	0.917482	308.773
	4	del	0.918764	309.133
	4	del	0.926672	311.352
	4	crl	0.932848	313.085
	4	crl	0.946774	316.992
	4	crg	0.954248	319.089
	4	del	0.964391	321.935
	4	crg	0.991772	329.618
	4	del	0.996602	330.973

MUTATIONS   (3)  dup, deln, crl, crg, wgd:	26	34	28	31	0
	eid	type	time
	15	crl	0.115481	3.07174
	15	del	0.440181	6.27413
	15	crl	0.53637	7.2228
	15	del	0.593366	7.78493
	15	crl	0.594993	7.80097
	15	del	0.787715	9.70172
	12	dup	0.0401421	12.83
	12	crg	0.226911	17.6438
	12	dup	0.345009	20.6876
	12	del	0.455335	23.5311
	12	dup	0.672183	29.1201
	12	crg	0.884745	34.5986
	5	dup	0.0662386	40.0345
	5	dup	0.140884	42.8127
	5	dup	0.170219	43.9045
	5	del	0.17343	44.024
	5	crl	0.174768	44.0738
	5	del	0.263896	47.391
	5	dup	0.28113	48.0324
	5	crl	0.336829	50.1054
	5	crg	0.393443	52.2125
	5	dup	0.611584	60.3314
	5	dup	0.620969	60.6806
	5	crl	0.640392	61.4036
	5	crg	0.844139	68.9867
	5	crg	0.950581	72.9483
	5	del	0.979883	74.0388
	1	dup	0.00601259	76.3336
	1	crg	0.0129528	78.1182
	1	del	0.0187062	79.5977
	1	crg	0.0438564	86.0648
	1	crl	0.0770528	94.6008
	1	crg	0.0868866	97.1295
	1	crg	0.088797	97.6208
	1	crl	0.0893543	97.764
	1	crg	0.0974036	99.8338
	1	crg	0.1012	100.81
	1	dup	0.110927	103.311
	1	crg	0.13923	110.589
	1	del	0.15615	114.94
	1	crl	0.157893	115.388
	1	crl	0.158868	115.639
	1	crl	0.160258	115.996
	1	crg	0.190153	123.683
	1	crg	0.205452	127.617
	1	crg	0.23111	134.215
	1	crl	0.240624	136.662
	1	dup	0.249917	139.051
	1	crg	0.255669	140.53
	1	dup	0.274482	145.368
	1	crl	0.283724	147.744
	1	crl	0.290618	149.517
	1	crg	0.301633	152.349
	1	crg	0.302808	152.651
	1	del	0.302923	152.681
	1	dup	0.310132	154.535
	1	dup	0.316209	156.097
	1	dup	0.319384	156.914
	1	crl	0.341035	162.481
	1	del	0.368894	169.645
	1	crl	0.374785	171.159
	1	del	0.376214	171.527
	1	del	0.376984	171.725
	1	del	0.383851	173.491
	1	del	0.392403	175.69
	1	crg	0.406148	179.224
	1	dup	0.42579	184.275
	1	crg	0.428438	184.956
	1	crg	0.435106	186.67
	1	crg	0.438798	187.62
	1	crl	0.511803	206.392
	1	del	0.523182	209.318
	1	del	0.524177	209.574
	1	dup	0.534834	212.314
	1	del	0.538988	213.383
	1	crg	0.544709	214.853
	1	crg	0.546257	215.252
	1	dup	0.574291	222.46
	1	del	0.590146	226.537
	1	dup	0.5903	226.577
	1	del	0.593587	227.422
	1	del	0.633763	237.753
	1	dup	0.646081	240.92
	1	dup	0.64904	241.681
	1	del	0.655604	243.369
	1	del	0.706865	256.55
	1	crl	0.710318	257.438
	1	crl	0.717932	259.396
	1	crg	0.730314	262.58
	1	crg	0.733584	263.421
	1	del	0.793403	278.802
	1	crl	0.800992	280.754
	1	del	0.816941	284.855
	1	crg	0.81792	285.107
	1	crl	0.819616	285.543
	1	dup	0.822172	286.2
	1	del	0.828931	287.938
	1	del	0.830502	288.342
	1	crg	0.834754	289.436
	1	del	0.841527	291.177
	1	crl	0.843648	291.723
	1	del	0.847619	292.744
	1	crg	0.849324	293.182
	1	dup	0.854571	294.531
	1	dup	0.867225	297.785
	1	crl	0.880375	301.166
	1	crl	0.881904	301.56
	1	crg	0.902646	306.893
	1	crg	0.90528	307.571
	1	dup	0.91477	310.011
	1	del	0.924248	312.448
	1	del	0.925957	312.887
	1	del	0.969479	324.079
	1	crl	0.970788	324.415
	1	del	0.973731	325.172
	1	crl	0.983009	327.558
	1	del	0.983814	327.765
	1	crl	0.99137	329.707
	1	crl	0.999955	331.915

MUTATIONS   (4)  dup, deln, crl, crg, wgd:	33	30	32	37	0
	eid	type	time
	15	crl	0.115481	3.07174
	15	del	0.440181	6.27413
	15	crl	0.53637	7.2228
	15	del	0.593366	7.78493
	15	crl	0.594993	7.80097
	15	del	0.787715	9.70172
	12	dup	0.0401421	12.83
	12	crg	0.226911	17.6438
	12	dup	0.345009	20.6876
	12	del	0.455335	23.5311
	12	dup	0.672183	29.1201
	12	crg	0.884745	34.5986
	5	dup	0.0662386	40.0345
	5	dup	0.140884	42.8127
	5	dup	0.170219	43.9045
	5	del	0.17343	44.024
	5	crl	0.174768	44.0738
	5	del	0.263896	47.391
	5	dup	0.28113	48.0324
	5	crl	0.336829	50.1054
	5	crg	0.393443	52.2125
	5	dup	0.611584	60.3314
	5	dup	0.620969	60.6806
	5	crl	0.640392	61.4036
	5	crg	0.844139	68.9867
	5	crg	0.950581	72.9483
	5	del	0.979883	74.0388
	2	del	0.0353104	83.8672
	2	del	0.042884	85.8147
	2	del	0.0842878	96.4613
	2	crg	0.0866535	97.0696
	2	dup	0.0922411	98.5064
	2	crg	0.0926464	98.6106
	2	crg	0.0990473	100.257
	2	crg	0.10579	101.99
	2	del	0.111478	103.453
	2	crl	0.112524	103.722
	2	crl	0.123116	106.446
	2	crg	0.124648	106.84
	2	crl	0.141491	111.17
	2	crl	0.14197	111.294
	2	dup	0.142298	111.378
	2	dup	0.142522	111.436
	2	del	0.145336	112.159
	2	crg	0.14979	113.304
	2	dup	0.153329	114.215
	2	crg	0.161964	116.435
	2	del	0.163124	116.733
	2	crg	0.195832	125.144
	2	dup	0.204793	127.448
	2	crl	0.233461	134.819
	2	dup	0.244078	137.55
	2	del	0.247252	138.366
	2	dup	0.26488	142.898
	2	crl	0.271913	144.707
	2	dup	0.28621	148.383
	2	crg	0.28738	148.684
	2	del	0.293817	150.339
	2	del	0.297661	151.328
	2	crl	0.305929	153.454
	2	del	0.378125	172.018
	2	del	0.38574	173.976
	2	crg	0.396268	176.684
	2	crl	0.401854	178.12
	2	dup	0.407119	179.474
	2	dup	0.411264	180.54
	2	crg	0.420092	182.81
	2	crg	0.434143	186.423
	2	del	0.443671	188.873
	2	del	0.459536	192.952
	2	crl	0.462289	193.66
	2	dup	0.464931	194.339
	2	del	0.466846	194.832
	2	crl	0.468167	195.172
	2	crg	0.479341	198.045
	2	crl	0.481882	198.698
	2	crg	0.48356	199.13
	2	crg	0.488468	200.392
	2	dup	0.489361	200.621
	2	crl	0.48943	200.639
	2	crg	0.493087	201.58
	2	dup	0.501387	203.714
	2	crl	0.50152	203.748
	2	crg	0.506531	205.036
	2	crg	0.514145	206.994
	2	dup	0.521076	208.776
	2	dup	0.521389	208.857
	2	dup	0.528551	210.699
	2	crl	0.548656	215.869
	2	crg	0.551311	216.551
	2	crl	0.564273	219.884
	2	crg	0.596097	228.067
	2	dup	0.617873	233.667
	2	crl	0.628054	236.285
	2	crl	0.638495	238.97
	2	crl	0.640767	239.554
	2	crg	0.650144	241.965
	2	del	0.651127	242.218
	2	crg	0.680334	249.728
	2	dup	0.681082	249.92
	2	crl	0.689689	252.134
	2	crg	0.693751	253.178
	2	del	0.694911	253.477
	2	dup	0.70155	255.183
	2	dup	0.714613	258.543
	2	crl	0.743603	265.997
	2	crg	0.744305	266.177
	2	del	0.750262	267.709
	2	del	0.769796	272.732
	2	del	0.777474	274.706
	2	crg	0.787666	277.327
	2	dup	0.791306	278.263
	2	crl	0.808735	282.745
	2	crl	0.825511	287.059
	2	crg	0.836358	289.848
	2	dup	0.848789	293.044
	2	crg	0.850094	293.38
	2	crl	0.872711	299.196
	2	crg	0.893002	304.413
	2	del	0.895026	304.934
	2	crl	0.918197	310.892
	2	dup	0.935248	315.277
	2	crg	0.938806	316.191
	2	crg	0.941769	316.953
	2	del	0.94778	318.499
	2	crl	0.955405	320.46
	2	crg	0.963947	322.656
	2	del	0.974832	325.455
	2	del	0.979028	326.534
	2	crg	0.9949	330.615
	2	crl	0.996516	331.031
	2	dup	0.99712	331.186

MUTATIONS   (5)  dup, deln, crl, crg, wgd:	29	28	39	42	0
	eid	type	time
	17	crl	0.00621665	3.62699
	17	crg	0.0169567	7.17501
	17	crg	0.0277514	10.7411
	17	crg	0.0323861	12.2722
	17	dup	0.0669818	23.701
	17	del	0.0670795	23.7333
	17	del	0.0688231	24.3092
	17	crl	0.0913896	31.7642
	17	crl	0.0923047	32.0665
	17	crl	0.112752	38.8211
	17	crg	0.113404	39.0366
	17	crl	0.120337	41.3272
	17	crl	0.122115	41.9145
	17	dup	0.124161	42.5905
	17	del	0.14664	50.0162
	17	crl	0.150469	51.2812
	17	crg	0.153846	52.3968
	17	crl	0.181719	61.6047
	17	crl	0.184377	62.4828
	17	dup	0.184791	62.6195
	17	crg	0.199665	67.5333
	17	dup	0.207998	70.2862
	17	crl	0.2095	70.7825
	17	crg	0.213864	72.2239
	17	dup	0.217339	73.3721
	17	crg	0.226335	76.3439
	17	dup	0.229252	77.3073
	17	crg	0.231138	77.9305
	17	crg	0.238639	80.4085
	17	dup	0.250987	84.4876
	17	crg	0.259531	87.3104
	17	crg	0.268339	90.22
	17	crg	0.279907	94.0417
	17	crl	0.288404	96.8486
	17	crg	0.290029	97.3855
	17	crg	0.314559	105.489
	17	crl	0.320599	107.484
	17	crg	0.328991	110.257
	17	dup	0.333879	111.871
	17	del	0.353274	118.279
	17	del	0.362333	121.271
	17	crg	0.366813	122.751
	17	crg	0.385672	128.981
	17	del	0.389267	130.169
	17	crl	0.391177	130.8
	17	del	0.393312	131.505
	17	crl	0.39513	132.106
	17	crg	0.408746	136.604
	17	del	0.411723	137.587
	17	crg	0.413298	138.108
	17	del	0.426498	142.468
	17	crg	0.4352	145.343
	17	crl	0.435619	145.482
	17	crg	0.435705	145.51
	17	dup	0.436047	145.623
	17	dup	0.442849	147.87
	17	crl	0.446736	149.154
	17	crg	0.448255	149.656
	17	crg	0.451861	150.847
	17	dup	0.462137	154.242
	17	del	0.478028	159.492
	17	crl	0.484859	161.748
	17	dup	0.493999	164.768
	17	crg	0.497146	165.807
	17	crg	0.498218	166.161
	17	crg	0.498518	166.26
	17	del	0.512991	171.042
	17	crl	0.526583	175.532
	17	crl	0.533565	177.838
	17	crl	0.539576	179.824
	17	crg	0.541303	180.395
	17	del	0.54163	180.503
	17	crl	0.546844	182.225
	17	dup	0.552967	184.248
	17	del	0.553028	184.268
	17	crl	0.558526	186.084
	17	dup	0.572226	190.61
	17	crl	0.575312	191.63
	17	dup	0.580641	193.39
	17	crl	0.58792	195.795
	17	crg	0.588685	196.047
	17	dup	0.58946	196.303
	17	del	0.61536	204.86
	17	crg	0.619599	206.26
	17	crg	0.624897	208.01
	17	crg	0.635755	211.597
	17	crg	0.644044	214.335
	17	crg	0.653507	217.462
	17	crl	0.659117	219.315
	17	crg	0.66782	222.19
	17	del	0.669932	222.888
	17	del	0.708486	235.624
	17	dup	0.717698	238.667
	17	del	0.718819	239.038
	17	crg	0.720434	239.571
	17	crl	0.735153	244.434
	17	dup	0.73783	245.318
	17	del	0.743637	247.236
	17	dup	0.748031	248.688
	17	crl	0.756656	251.537
	17	crl	0.770895	256.241
	17	del	0.786801	261.496
	17	crl	0.799634	265.735
	17	crg	0.8274	274.908
	17	dup	0.833127	276.8
	17	crl	0.844866	280.678
	17	crl	0.844956	280.707
	17	dup	0.848499	281.878
	17	dup	0.852338	283.146
	17	dup	0.859363	285.467
	17	dup	0.860705	285.91
	17	del	0.863816	286.938
	17	del	0.874321	290.408
	17	del	0.876824	291.235
	17	crg	0.88135	292.73
	17	crl	0.881621	292.82
	17	crg	0.882913	293.247
	17	crl	0.893106	296.614
	17	crl	0.898234	298.308
	17	del	0.900995	299.22
	17	del	0.903583	300.075
	17	del	0.906841	301.151
	17	del	0.914804	303.782
	17	crl	0.917476	304.664
	17	crg	0.92665	307.695
	17	crl	0.929903	308.77
	17	del	0.930446	308.949
	17	dup	0.933657	310.01
	17	crl	0.941229	312.512
	17	dup	0.943106	313.132
	17	crl	0.943688	313.324
	17	dup	0.9579	318.019
	17	dup	0.964229	320.11
	17	crl	0.969082	321.713
	17	crg	0.976222	324.072
	17	crg	0.978951	324.973
	17	del	0.980321	325.426
	17	dup	0.989767	328.546

MUTATIONS   (6)  dup, deln, crl, crg, wgd:	41	41	33	31	1
	eid	type	time
	14	crl	0.00739524	6.65001
	14	crg	0.00983105	7.44822
	14	dup	0.0172198	9.86952
	14	crg	0.0181575	10.1768
	14	crg	0.0256684	12.6381
	14	crl	0.0292491	13.8115
	14	crl	0.0491977	20.3487
	14	del	0.0517942	21.1996
	14	dup	0.0543563	22.0392
	14	crg	0.0592795	23.6525
	14	dup	0.06624	25.9334
	14	crg	0.0689488	26.8211
	14	crg	0.072866	28.1048
	14	crl	0.0787977	30.0486
	14	crl	0.0910594	34.0668
	14	crg	0.093125	34.7437
	14	del	0.0949301	35.3352
	14	dup	0.102809	37.917
	14	dup	0.115441	42.0567
	14	dup	0.119274	43.3126
	14	crg	0.120223	43.6237
	14	dup	0.135944	48.7756
	14	del	0.153968	54.6818
	14	crg	0.156604	55.5457
	14	crg	0.156807	55.6123
	14	del	0.157725	55.9131
	14	del	0.165134	58.3409
	14	del	0.1662	58.6902
	14	crl	0.167224	59.026
	14	del	0.167954	59.2651
	14	dup	0.171134	60.3072
	14	crg	0.181545	63.7188
	14	del	0.181961	63.8552
	14	dup	0.192673	67.3656
	14	dup	0.197927	69.0874
	14	dup	0.206192	71.7957
	14	crl	0.211389	73.4988
	14	del	0.212382	73.8242
	14	crl	0.215926	74.9857
	14	crl	0.217186	75.3984
	14	dup	0.219431	76.1343
	14	del	0.220187	76.3821
	14	crl	0.222645	77.1873
	14	del	0.222863	77.2587
	14	dup	0.22625	78.3686
	14	dup	0.240767	83.126
	14	del	0.244557	84.3681
	14	crl	0.248835	85.7699
	14	crl	0.251657	86.6945
	14	crl	0.277327	95.1068
	14	dup	0.278679	95.5496
	14	crg	0.292658	100.131
	14	dup	0.295839	101.173
	14	dup	0.309966	105.803
	14	dup	0.311954	106.454
	14	del	0.320462	109.242
	14	dup	0.3362	114.399
	14	del	0.336348	114.448
	14	del	0.344508	117.122
	14	crg	0.346216	117.682
	14	crl	0.348199	118.331
	14	del	0.34851	118.433
	14	wgd	0.349429	118.735
	14	crl	0.350903	119.217
	14	crl	0.353105	119.939
	14	del	0.374103	126.82
	14	crl	0.377486	127.929
	14	crg	0.381772	129.333
	14	crg	0.381778	129.335
	14	del	0.400656	135.522
	14	dup	0.402434	136.104
	14	crg	0.409497	138.419
	14	dup	0.420756	142.108
	14	del	0.436711	147.337
	14	dup	0.446866	150.665
	14	crl	0.456613	153.859
	14	crl	0.459111	154.677
	14	del	0.469135	157.962
	14	crl	0.470519	158.416
	14	del	0.485032	163.172
	14	dup	0.496534	166.941
	14	crg	0.502393	168.861
	14	del	0.503748	169.305
	14	del	0.509617	171.228
	14	crg	0.511333	171.79
	14	dup	0.511808	171.946
	14	del	0.518652	174.189
	14	crg	0.556585	186.62
	14	dup	0.562188	188.456
	14	del	0.568592	190.554
	14	del	0.578404	193.77
	14	del	0.579549	194.145
	14	crl	0.583526	195.448
	14	del	0.588025	196.923
	14	dup	0.588296	197.011
	14	dup	0.592983	198.547
	14	dup	0.59603	199.546
	14	crg	0.605711	202.718
	14	crg	0.614977	205.755
	14	crg	0.62718	209.753
	14	crl	0.631467	211.159
	14	crl	0.633707	211.893
	14	del	0.636184	212.704
	14	crl	0.64144	214.426
	14	del	0.64813	216.619
	14	dup	0.653444	218.36
	14	crg	0.660563	220.693
	14	dup	0.668762	223.38
	14	dup	0.673803	225.032
	14	dup	0.674878	225.384
	14	del	0.675744	225.668
	14	crl	0.679564	226.92
	14	dup	0.685778	228.956
	14	crg	0.693972	231.641
	14	crl	0.6942	231.716
	14	crg	0.694934	231.957
	14	del	0.707764	236.161
	14	del	0.716148	238.908
	14	dup	0.730396	243.577
	14	del	0.733278	244.522
	14	dup	0.738298	246.167
	14	dup	0.740074	246.749
	14	del	0.758895	252.917
	14	crl	0.769382	256.353
	14	del	0.776207	258.59
	14	crl	0.782879	260.776
	14	crg	0.785188	261.533
	14	crg	0.791312	263.54
	14	dup	0.798447	265.878
	14	del	0.80612	268.392
	14	del	0.810647	269.876
	14	crg	0.813258	270.731
	14	crg	0.820465	273.093
	14	del	0.832889	277.164
	14	crg	0.836514	278.352
	14	crl	0.844865	281.089
	14	crl	0.861584	286.568
	14	del	0.866702	288.245
	14	dup	0.875784	291.221
	14	crl	0.886631	294.776
	14	dup	0.907023	301.458
	14	dup	0.933439	310.115
	14	crl	0.958221	318.236
	14	dup	0.960626	319.024
	14	crl	0.973563	323.263
	14	crg	0.976334	324.172
	14	del	0.984899	326.978

MUTATIONS   (7)  dup, deln, crl, crg, wgd:	38	37	24	38	0
	eid	type	time
	15	crl	0.115481	3.07174
	15	del	0.440181	6.27413
	15	crl	0.53637	7.2228
	15	del	0.593366	7.78493
	15	crl	0.594993	7.80097
	15	del	0.787715	9.70172
	12	dup	0.0401421	12.83
	12	crg	0.226911	17.6438
	12	dup	0.345009	20.6876
	12	del	0.455335	23.5311
	12	dup	0.672183	29.1201
	12	crg	0.884745	34.5986
	6	crg	0.00684821	39.585
	6	crg	0.0164067	42.3986
	6	del	0.0168489	42.5288
	6	del	0.0174395	42.7027
	6	crl	0.0175668	42.7401
	6	dup	0.0195008	43.3094
	6	crg	0.0280534	45.8269
	6	crg	0.02847	45.9495
	6	crg	0.0314014	46.8125
	6	dup	0.0340322	47.5868
	6	crg	0.0349555	47.8586
	6	dup	0.0485287	51.854
	6	crg	0.0514879	52.725
	6	crg	0.0538587	53.4229
	6	crg	0.0682874	57.6701
	6	dup	0.0836128	62.1813
	6	crl	0.0854881	62.7333
	6	crg	0.10005	67.0196
	6	dup	0.112286	70.6215
	6	crl	0.113854	71.0831
	6	dup	0.13644	77.7312
	6	crl	0.137677	78.0953
	6	crg	0.137698	78.1015
	6	dup	0.139645	78.6749
	6	crg	0.14137	79.1824
	6	dup	0.153834	82.8513
	6	del	0.184196	91.7887
	6	crg	0.198713	96.0618
	6	dup	0.204966	97.9024
	6	crl	0.21672	101.362
	6	crl	0.224151	103.55
	6	crg	0.231448	105.698
	6	dup	0.238397	107.743
	6	crg	0.240676	108.414
	6	del	0.271383	117.453
	6	del	0.279432	119.822
	6	crg	0.291068	123.247
	6	del	0.30479	127.287
	6	crg	0.307607	128.116
	6	dup	0.307855	128.189
	6	del	0.316777	130.815
	6	del	0.320032	131.773
	6	del	0.329506	134.562
	6	del	0.331234	135.07
	6	del	0.335019	136.184
	6	dup	0.343646	138.724
	6	del	0.347142	139.753
	6	crg	0.377872	148.799
	6	dup	0.378026	148.844
	6	crl	0.379237	149.2
	6	crl	0.381312	149.811
	6	crg	0.389787	152.306
	6	crg	0.399701	155.224
	6	del	0.403151	156.24
	6	dup	0.40589	157.046
	6	del	0.406819	157.319
	6	del	0.409783	158.192
	6	dup	0.410172	158.306
	6	del	0.425486	162.814
	6	crl	0.426475	163.105
	6	del	0.434628	165.505
	6	dup	0.447495	169.293
	6	crg	0.455143	171.544
	6	dup	0.467965	175.318
	6	crl	0.498096	184.187
	6	del	0.499519	184.606
	6	crl	0.500926	185.02
	6	crl	0.506569	186.682
	6	crg	0.51173	188.201
	6	dup	0.512152	188.325
	6	crg	0.520756	190.858
	6	crg	0.525398	192.224
	6	crl	0.528824	193.232
	6	dup	0.530487	193.722
	6	del	0.541261	196.893
	6	crg	0.556214	201.295
	6	crl	0.55934	202.215
	6	crg	0.560828	202.653
	6	crg	0.573869	206.492
	6	del	0.574696	206.735
	6	dup	0.57606	207.137
	6	del	0.585126	209.805
	6	del	0.585652	209.96
	6	crl	0.59116	211.582
	6	crl	0.59597	212.997
	6	crl	0.596772	213.234
	6	del	0.598599	213.771
	6	dup	0.598639	213.783
	6	del	0.602537	214.931
	6	dup	0.610757	217.35
	6	del	0.619712	219.986
	6	del	0.628058	222.443
	6	dup	0.638119	225.404
	6	dup	0.64412	227.171
	6	crg	0.647917	228.288
	6	crg	0.65451	230.229
	6	del	0.658831	231.501
	6	crl	0.658881	231.516
	6	dup	0.663598	232.904
	6	crg	0.667042	233.918
	6	dup	0.673328	235.768
	6	dup	0.705936	245.367
	6	del	0.709476	246.409
	6	del	0.715334	248.133
	6	dup	0.718445	249.049
	6	crg	0.719731	249.428
	6	dup	0.726291	251.358
	6	del	0.728988	252.152
	6	dup	0.729242	252.227
	6	dup	0.757409	260.518
	6	crl	0.759746	261.206
	6	crg	0.778191	266.635
	6	dup	0.781626	267.647
	6	crl	0.798885	272.727
	6	dup	0.813115	276.916
	6	dup	0.821377	279.348
	6	del	0.845612	286.482
	6	crg	0.853947	288.935
	6	del	0.878518	296.168
	6	dup	0.882627	297.377
	6	del	0.910821	305.676
	6	crg	0.915199	306.965
	6	crl	0.924083	309.58
	6	crg	0.957332	319.367
	6	crg	0.963782	321.266

MUTATIONS   (8)  dup, deln, crl, crg, wgd:	38	34	38	29	0
	eid	type	time
	15	crl	0.115481	3.07174
	15	del	0.440181	6.27413
	15	crl	0.53637	7.2228
	15	del	0.593366	7.78493
	15	crl	0.594993	7.80097
	15	del	0.787715	9.70172
	11	crg	0.00359497	12.9463
	11	del	0.0129759	15.9494
	11	crl	0.014464	16.4258
	11	crl	0.019369	17.996
	11	crg	0.0206237	18.3977
	11	crl	0.040183	24.6592
	11	dup	0.0421233	25.2804
	11	dup	0.0424108	25.3724
	11	crg	0.0454258	26.3376
	11	crg	0.0461846	26.5805
	11	del	0.0479572	27.148
	11	dup	0.0650581	32.6225
	11	crg	0.0663855	33.0475
	11	del	0.0664741	33.0759
	11	del	0.0681493	33.6121
	11	dup	0.077813	36.7058
	11	crl	0.0827226	38.2775
	11	crl	0.0832672	38.4518
	11	del	0.0915799	41.113
	11	del	0.103237	44.8449
	11	crl	0.125047	51.827
	11	del	0.129936	53.3921
	11	dup	0.131372	53.8515
	11	crg	0.140109	56.6487
	11	crl	0.151053	60.1521
	11	crl	0.166441	65.0784
	11	crl	0.180851	69.6914
	11	crg	0.192794	73.5148
	11	del	0.195062	74.2408
	11	crl	0.201578	76.3267
	11	crl	0.205315	77.5231
	11	crl	0.218836	81.8516
	11	dup	0.218848	81.8555
	11	del	0.22023	82.2979
	11	dup	0.223846	83.4556
	11	crg	0.227288	84.5574
	11	dup	0.228187	84.8451
	11	del	0.232286	86.1575
	11	crg	0.238153	88.0357
	11	crg	0.238188	88.0467
	11	dup	0.243973	89.8988
	11	crg	0.255034	93.4399
	11	crg	0.25649	93.9059
	11	dup	0.267565	97.4514
	11	del	0.281138	101.796
	11	dup	0.282139	102.117
	11	crl	0.282574	102.256
	11	crl	0.283759	102.635
	11	dup	0.289867	104.591
	11	del	0.301385	108.278
	11	crl	0.303007	108.797
	11	crl	0.309283	110.807
	11	del	0.322467	115.027
	11	crg	0.325882	116.12
	11	del	0.342583	121.467
	11	crl	0.34599	122.558
	11	dup	0.34638	122.683
	11	dup	0.360542	127.216
	11	crg	0.371785	130.815
	11	crl	0.378033	132.816
	11	dup	0.408713	142.637
	11	dup	0.415942	144.951
	11	crl	0.42239	147.016
	11	del	0.423774	147.459
	11	crl	0.432108	150.127
	11	crl	0.448517	155.38
	11	dup	0.452876	156.775
	11	del	0.453874	157.095
	11	dup	0.456501	157.936
	11	crl	0.456651	157.984
	11	crg	0.458877	158.696
	11	crg	0.468484	161.772
	11	crl	0.469223	162.008
	11	dup	0.470938	162.558
	11	crl	0.482353	166.212
	11	crl	0.48336	166.534
	11	dup	0.483459	166.566
	11	dup	0.485597	167.25
	11	dup	0.497136	170.944
	11	crg	0.498173	171.276
	11	del	0.508862	174.698
	11	dup	0.514766	176.588
	11	crl	0.518248	177.703
	11	crg	0.53965	184.554
	11	crg	0.550041	187.881
	11	crl	0.551327	188.292
	11	del	0.571639	194.795
	11	dup	0.577048	196.527
	11	crg	0.596055	202.611
	11	dup	0.596582	202.78
	11	dup	0.604378	205.276
	11	crg	0.622205	210.983
	11	crg	0.62395	211.541
	11	del	0.636562	215.579
	11	del	0.661048	223.417
	11	crl	0.664539	224.535
	11	crg	0.668533	225.814
	11	del	0.673689	227.464
	11	crg	0.675507	228.046
	11	dup	0.681686	230.024
	11	del	0.716474	241.161
	11	dup	0.727625	244.731
	11	crg	0.728919	245.145
	11	crg	0.730357	245.606
	11	dup	0.730543	245.665
	11	dup	0.745036	250.305
	11	crl	0.74619	250.674
	11	dup	0.746385	250.737
	11	crl	0.749432	251.712
	11	del	0.750499	252.054
	11	crl	0.755599	253.686
	11	del	0.768113	257.692
	11	dup	0.785563	263.279
	11	crg	0.793252	265.74
	11	dup	0.80419	269.242
	11	del	0.804687	269.401
	11	crl	0.804836	269.449
	11	crg	0.813686	272.282
	11	del	0.814344	272.493
	11	crl	0.815875	272.982
	11	del	0.818094	273.693
	11	crg	0.827517	276.709
	11	del	0.836356	279.539
	11	del	0.857045	286.162
	11	crl	0.858627	286.669
	11	dup	0.866344	289.139
	11	dup	0.881489	293.988
	11	dup	0.882044	294.165
	11	dup	0.892389	297.477
	11	del	0.922718	307.186
	11	crl	0.926202	308.302
	11	dup	0.936718	311.668
	11	del	0.954328	317.306

MUTATIONS   (9)  dup, deln, crl, crg, wgd:	38	35	27	36	0
	eid	type	time
	13	crg	0.078147	5.05184
	13	dup	0.212968	6.47558
	13	crl	0.370084	8.13475
	7	dup	0.0146813	26.4861
	7	del	0.0148058	26.5247
	7	crg	0.0151861	26.6426
	7	del	0.0155099	26.743
	7	del	0.0388488	33.9779
	7	dup	0.0575986	39.7901
	7	crg	0.0597062	40.4435
	7	crl	0.0660011	42.3949
	7	crg	0.0671434	42.7489
	7	crg	0.071042	43.9575
	7	crg	0.0794238	46.5558
	7	crg	0.0862584	48.6744
	7	del	0.087772	49.1436
	7	dup	0.0933459	50.8715
	7	dup	0.100911	53.2166
	7	dup	0.103168	53.9162
	7	crl	0.111597	56.5293
	7	del	0.116353	58.0036
	7	crl	0.116883	58.1677
	7	del	0.14398	66.5675
	7	crg	0.146506	67.3508
	7	del	0.148162	67.864
	7	dup	0.151431	68.8773
	7	dup	0.15422	69.742
	7	del	0.157959	70.9009
	7	crl	0.177737	77.0321
	7	crg	0.178173	77.1671
	7	dup	0.182261	78.4345
	7	dup	0.190262	80.9146
	7	del	0.190311	80.9299
	7	dup	0.192484	81.6034
	7	dup	0.195524	82.5458
	7	crg	0.205149	85.5296
	7	del	0.214379	88.3909
	7	crg	0.219679	90.0337
	7	crg	0.223769	91.3015
	7	crl	0.226044	92.0067
	7	crl	0.240177	96.3878
	7	del	0.242453	97.0935
	7	del	0.243124	97.3014
	7	dup	0.244016	97.5779
	7	del	0.244062	97.5922
	7	crl	0.250169	99.4852
	7	del	0.252285	100.141
	7	del	0.266114	104.428
	7	crl	0.271025	105.951
	7	crg	0.273041	106.576
	7	crl	0.275128	107.222
	7	dup	0.284654	110.176
	7	crg	0.292667	112.659
	7	dup	0.307985	117.408
	7	dup	0.33435	125.581
	7	crl	0.359946	133.515
	7	crg	0.361197	133.903
	7	crg	0.36371	134.682
	7	crl	0.403941	147.153
	7	del	0.411284	149.43
	7	del	0.412966	149.951
	7	dup	0.415796	150.828
	7	crl	0.437313	157.499
	7	crl	0.439796	158.268
	7	crg	0.446582	160.372
	7	crg	0.453716	162.583
	7	crl	0.455067	163.002
	7	crl	0.46693	166.68
	7	dup	0.471043	167.954
	7	crl	0.479606	170.609
	7	dup	0.48154	171.208
	7	del	0.48355	171.831
	7	crg	0.48569	172.495
	7	crg	0.501575	177.419
	7	dup	0.501654	177.444
	7	crg	0.502343	177.657
	7	crg	0.505534	178.646
	7	del	0.508623	179.604
	7	del	0.50879	179.656
	7	del	0.526964	185.289
	7	del	0.544832	190.828
	7	del	0.553061	193.379
	7	dup	0.561555	196.012
	7	crl	0.566786	197.634
	7	crg	0.567707	197.92
	7	dup	0.568385	198.13
	7	crg	0.580107	201.763
	7	crl	0.582515	202.51
	7	crg	0.593104	205.792
	7	crl	0.599001	207.62
	7	dup	0.599153	207.668
	7	dup	0.603237	208.934
	7	crg	0.611718	211.562
	7	del	0.61197	211.641
	7	crg	0.613045	211.974
	7	dup	0.614267	212.353
	7	dup	0.623849	215.323
	7	dup	0.625238	215.754
	7	dup	0.648375	222.926
	7	dup	0.655217	225.047
	7	crl	0.656856	225.555
	7	del	0.663389	227.58
	7	dup	0.671276	230.025
	7	crg	0.701121	239.277
	7	crl	0.701358	239.35
	7	dup	0.702992	239.857
	7	dup	0.707943	241.391
	7	del	0.714896	243.547
	7	crg	0.722639	245.947
	7	crl	0.72362	246.251
	7	crg	0.735628	249.973
	7	del	0.74931	254.215
	7	crl	0.757974	256.901
	7	dup	0.770456	260.77
	7	del	0.793084	267.784
	7	crl	0.794254	268.147
	7	dup	0.828252	278.686
	7	del	0.828819	278.862
	7	dup	0.832101	279.88
	7	del	0.835503	280.934
	7	del	0.845399	284.002
	7	crg	0.848241	284.883
	7	dup	0.85022	285.496
	7	del	0.850949	285.722
	7	crg	0.861431	288.971
	7	del	0.871372	292.053
	7	crg	0.879687	294.631
	7	del	0.881402	295.162
	7	dup	0.882385	295.467
	7	del	0.88561	296.467
	7	crg	0.894074	299.091
	7	crl	0.920326	307.228
	7	crg	0.933712	311.378
	7	crg	0.941106	313.67
	7	crl	0.966059	321.405
	7	dup	0.983332	326.76

MUTATIONS   (10)  dup, deln, crl, crg, wgd:	39	23	44	52	2
	eid	type	time
	13	crg	0.078147	5.05184
	13	dup	0.212968	6.47558
	13	crl	0.370084	8.13475
	9	crl	0.000499313	14.9452
	9	crl	0.0215338	21.616
	9	crg	0.0356301	26.0865
	9	crg	0.0372348	26.5955
	9	dup	0.0376475	26.7263
	9	crg	0.05923	33.571
	9	crl	0.0622329	34.5234
	9	crl	0.0633323	34.872
	9	dup	0.0686396	36.5552
	9	crl	0.0693387	36.7769
	9	del	0.0706115	37.1805
	9	crl	0.0707228	37.2158
	9	crl	0.0771483	39.2536
	9	crg	0.086135	42.1036
	9	crl	0.0965922	45.42
	9	crl	0.109275	49.4424
	9	crl	0.112793	50.558
	9	dup	0.113217	50.6924
	9	del	0.130169	56.0685
	9	dup	0.131063	56.352
	9	crl	0.136594	58.1062
	9	del	0.16733	67.8539
	9	crl	0.172672	69.5479
	9	dup	0.178272	71.3239
	9	crl	0.181375	72.3082
	9	crg	0.196757	77.1862
	9	crl	0.200721	78.4434
	9	crg	0.204588	79.6697
	9	crg	0.219434	84.378
	9	del	0.225474	86.2936
	9	crl	0.248196	93.4995
	9	crl	0.249402	93.882
	9	crg	0.260292	97.3358
	9	dup	0.269324	100.2
	9	crl	0.273997	101.682
	9	del	0.279154	103.318
	9	del	0.291637	107.277
	9	dup	0.293928	108.003
	9	crl	0.30482	111.457
	9	crg	0.307089	112.177
	9	dup	0.316403	115.131
	9	del	0.33186	120.033
	9	crl	0.333529	120.562
	9	del	0.334328	120.815
	9	crg	0.334872	120.988
	9	crg	0.337506	121.823
	9	dup	0.339336	122.404
	9	crg	0.350413	125.917
	9	crl	0.353841	127.004
	9	del	0.357384	128.128
	9	crl	0.358578	128.506
	9	crg	0.372635	132.964
	9	dup	0.376357	134.145
	9	crl	0.387407	137.649
	9	dup	0.388499	137.995
	9	dup	0.400652	141.85
	9	crg	0.408774	144.425
	9	crl	0.413465	145.913
	9	crg	0.413528	145.933
	9	crl	0.416351	146.828
	9	dup	0.435262	152.826
	9	crg	0.436974	153.369
	9	crg	0.4545	158.927
	9	crl	0.455549	159.26
	9	wgd	0.456256	159.484
	9	crl	0.457874	159.997
	9	dup	0.458243	160.114
	9	del	0.460599	160.861
	9	wgd	0.484425	168.417
	9	dup	0.493325	171.24
	9	dup	0.498736	172.956
	9	del	0.501782	173.922
	9	dup	0.505989	175.256
	9	crl	0.50666	175.469
	9	dup	0.510691	176.747
	9	crg	0.51929	179.474
	9	del	0.530531	183.039
	9	dup	0.534843	184.407
	9	crl	0.537571	185.272
	9	crl	0.539795	185.977
	9	del	0.544636	187.513
	9	dup	0.560354	192.498
	9	dup	0.560581	192.569
	9	crl	0.565215	194.039
	9	crg	0.566019	194.294
	9	crl	0.567503	194.765
	9	crl	0.574022	196.832
	9	del	0.57686	197.732
	9	crg	0.577055	197.794
	9	dup	0.581285	199.136
	9	del	0.58214	199.407
	9	crg	0.584418	200.129
	9	crl	0.585171	200.368
	9	del	0.592871	202.81
	9	crg	0.598565	204.616
	9	dup	0.605824	206.918
	9	dup	0.607865	207.565
	9	crl	0.610382	208.363
	9	crg	0.611304	208.656
	9	crg	0.612957	209.18
	9	dup	0.617423	210.596
	9	dup	0.619031	211.106
	9	crg	0.627813	213.891
	9	crg	0.629825	214.529
	9	del	0.633528	215.704
	9	crl	0.636646	216.693
	9	dup	0.647113	220.012
	9	crg	0.647692	220.196
	9	del	0.650293	221.021
	9	crg	0.650831	221.191
	9	crg	0.651343	221.354
	9	crg	0.666451	226.145
	9	crg	0.668834	226.901
	9	crg	0.681217	230.828
	9	crl	0.704408	238.183
	9	del	0.710912	240.245
	9	crg	0.714702	241.447
	9	dup	0.722022	243.769
	9	crl	0.725081	244.739
	9	crl	0.731768	246.86
	9	crg	0.732025	246.941
	9	crg	0.737053	248.536
	9	crg	0.74063	249.67
	9	dup	0.751225	253.03
	9	crg	0.756012	254.548
	9	crg	0.778242	261.598
	9	crg	0.791744	265.88
	9	dup	0.79759	267.735
	9	crl	0.806204	270.466
	9	crl	0.808928	271.33
	9	dup	0.816815	273.832
	9	dup	0.817354	274.002
	9	crg	0.820847	275.11
	9	crg	0.826566	276.924
	9	dup	0.838388	280.673
	9	crg	0.841982	281.813
	9	crg	0.853762	285.549
	9	crl	0.883378	294.941
	9	del	0.887603	296.281
	9	crg	0.888587	296.593
	9	del	0.895766	298.87
	9	crg	0.897554	299.437
	9	dup	0.903398	301.29
	9	dup	0.907363	302.548
	9	del	0.907431	302.569
	9	dup	0.910199	303.447
	9	crg	0.910443	303.524
	9	dup	0.923441	307.647
	9	del	0.929771	309.654
	9	crl	0.956709	318.197
	9	crg	0.960853	319.512
	9	crg	0.971283	322.819
	9	crg	0.974399	323.808
	9	dup	0.976024	324.323
	9	crg	0.991321	329.174
	9	crl	0.9925	329.548
	9	crg	0.993075	329.731

MUTATIONS   (11)  dup, deln, crl, crg, wgd:	0	0	0	0	0
	eid	type	time

