NODE TIMES:	nid	time
	1	195.74
	2	195.74
	3	195.74
	4	195.74
	5	195.74
	6	195.74
	7	195.74
	8	195.74
	9	195.74
	10	195.74
	11	0
	12	0
	13	158.674
	14	138.283
	15	36.9104
	16	27.9525
	17	25.028
	18	19.1392
	19	6.24483
	20	4.83799
	21	2.00781

ANCESTRY    (1)	19 (12 -> 21) 	18 (21 -> 19) 	13 (19 -> 15) 	6 (15 -> 1) 
ANCESTRY    (2)	19 (12 -> 21) 	18 (21 -> 19) 	14 (19 -> 2) 
ANCESTRY    (3)	19 (12 -> 21) 	17 (21 -> 20) 	16 (20 -> 18) 	12 (18 -> 14) 	4 (14 -> 3) 
ANCESTRY    (4)	19 (12 -> 21) 	17 (21 -> 20) 	15 (20 -> 17) 	10 (17 -> 16) 	7 (16 -> 4) 
ANCESTRY    (5)	19 (12 -> 21) 	17 (21 -> 20) 	15 (20 -> 17) 	9 (17 -> 5) 
ANCESTRY    (6)	19 (12 -> 21) 	18 (21 -> 19) 	13 (19 -> 15) 	5 (15 -> 13) 	1 (13 -> 6) 
ANCESTRY    (7)	19 (12 -> 21) 	17 (21 -> 20) 	15 (20 -> 17) 	10 (17 -> 16) 	8 (16 -> 7) 
ANCESTRY    (8)	19 (12 -> 21) 	17 (21 -> 20) 	16 (20 -> 18) 	11 (18 -> 8) 
ANCESTRY    (9)	19 (12 -> 21) 	17 (21 -> 20) 	16 (20 -> 18) 	12 (18 -> 14) 	3 (14 -> 9) 
ANCESTRY    (10)	19 (12 -> 21) 	18 (21 -> 19) 	13 (19 -> 15) 	5 (15 -> 13) 	2 (13 -> 10) 
ANCESTRY    (11)	20 (12 -> 11) 

MUTATIONS   (1)  dup, deln, crl, crg, wgd:	19	16	18	16	0
	eid	type	time
	18	crg	0.177176	2.75851
	18	crl	0.469111	3.99544
	18	dup	0.972698	6.12915
	13	dup	0.0273355	7.08309
	13	crg	0.0950655	9.16007
	13	crl	0.191492	12.1171
	13	crg	0.233092	13.3927
	13	dup	0.297652	15.3725
	13	del	0.371294	17.6308
	13	dup	0.461423	20.3946
	13	crl	0.839678	31.994
	13	crg	0.84796	32.248
	13	dup	0.895103	33.6937
	6	del	0.0314388	41.9038
	6	crl	0.0351443	42.4923
	6	crg	0.0699868	48.0263
	6	crg	0.0844352	50.3212
	6	crg	0.0878893	50.8698
	6	crg	0.136879	58.6507
	6	crg	0.172416	64.295
	6	dup	0.195666	67.9878
	6	crl	0.232954	73.9102
	6	dup	0.240959	75.1817
	6	del	0.249912	76.6037
	6	del	0.262828	78.6552
	6	crl	0.265024	79.0039
	6	dup	0.268124	79.4963
	6	dup	0.278289	81.1108
	6	del	0.318271	87.4611
	6	crl	0.365203	94.9153
	6	dup	0.368127	95.3797
	6	crl	0.423867	104.233
	6	del	0.429729	105.164
	6	dup	0.462477	110.365
	6	crg	0.473159	112.062
	6	dup	0.484401	113.847
	6	dup	0.49565	115.634
	6	crl	0.496082	115.703
	6	crl	0.532545	121.494
	6	crg	0.555049	125.068
	6	del	0.562634	126.273
	6	del	0.610665	133.902
	6	del	0.63647	138
	6	crg	0.639235	138.44
	6	dup	0.649567	140.081
	6	crl	0.656335	141.156
	6	crl	0.665689	142.641
	6	del	0.682441	145.302
	6	crg	0.6863	145.915
	6	del	0.692992	146.978
	6	crl	0.731367	153.073
	6	dup	0.736852	153.944
	6	del	0.750925	156.179
	6	del	0.770507	159.289
	6	dup	0.776601	160.257
	6	crg	0.778988	160.636
	6	crg	0.796248	163.378
	6	crl	0.79673	163.454
	6	dup	0.798344	163.711
	6	del	0.923209	183.543
	6	del	0.93052	184.704
	6	dup	0.941337	186.422
	6	crl	0.942328	186.58
	6	del	0.955229	188.629
	6	crl	0.955866	188.73
	6	crg	0.960053	189.395
	6	dup	0.977	192.086
	6	crl	0.986302	193.564
	6	crl	0.986903	193.659

MUTATIONS   (2)  dup, deln, crl, crg, wgd:	20	14	19	21	1
	eid	type	time
	18	crg	0.177176	2.75851
	18	crl	0.469111	3.99544
	18	dup	0.972698	6.12915
	14	crl	0.00422701	7.04583
	14	dup	0.00490534	7.17437
	14	dup	0.00685309	7.54346
	14	crg	0.0422406	14.2492
	14	del	0.048204	15.3792
	14	del	0.0620053	17.9945
	14	dup	0.0628465	18.1539
	14	crl	0.0649161	18.5461
	14	crl	0.114051	27.857
	14	crg	0.135966	32.0098
	14	crg	0.158803	36.3371
	14	wgd	0.171938	38.8262
	14	del	0.177616	39.9021
	14	dup	0.210115	46.0605
	14	del	0.235231	50.8198
	14	crl	0.240938	51.9012
	14	del	0.256531	54.8561
	14	del	0.265693	56.5922
	14	del	0.312627	65.486
	14	crg	0.351821	72.9131
	14	dup	0.357734	74.0335
	14	crl	0.358638	74.2048
	14	crl	0.359169	74.3055
	14	dup	0.360808	74.6161
	14	crg	0.364268	75.2717
	14	del	0.372015	76.7398
	14	dup	0.40045	82.1279
	14	del	0.40139	82.306
	14	dup	0.412016	84.3197
	14	crg	0.417668	85.3906
	14	crl	0.447273	91.0006
	14	crg	0.467063	94.7508
	14	dup	0.494104	99.8749
	14	del	0.504804	101.902
	14	crl	0.529253	106.535
	14	crg	0.540201	108.61
	14	dup	0.556461	111.691
	14	dup	0.577222	115.625
	14	crl	0.579733	116.101
	14	crg	0.588637	117.788
	14	dup	0.653134	130.01
	14	crl	0.662549	131.794
	14	dup	0.675839	134.313
	14	dup	0.678693	134.854
	14	crg	0.698284	138.566
	14	crg	0.705032	139.845
	14	crl	0.708575	140.516
	14	dup	0.740356	146.538
	14	crg	0.757101	149.711
	14	crl	0.763781	150.977
	14	crl	0.782335	154.493
	14	crg	0.786123	155.211
	14	dup	0.793751	156.656
	14	crg	0.797084	157.288
	14	del	0.803268	158.46
	14	crg	0.804424	158.679
	14	del	0.815984	160.869
	14	dup	0.825328	162.64
	14	crg	0.834877	164.45
	14	del	0.854328	168.135
	14	crl	0.858632	168.951
	14	crg	0.867288	170.591
	14	dup	0.880356	173.068
	14	crl	0.892651	175.397
	14	crl	0.916539	179.924
	14	dup	0.924328	181.4
	14	del	0.937978	183.987
	14	crg	0.94461	185.243
	14	crl	0.951258	186.503
	14	crg	0.962005	188.54
	14	crl	0.96863	189.795
	14	crg	0.971197	190.282

MUTATIONS   (3)  dup, deln, crl, crg, wgd:	23	25	14	17	0
	eid	type	time
	17	del	0.399478	3.1384
	16	crg	0.0672136	5.79922
	16	del	0.107402	6.37397
	16	del	0.328386	9.53429
	16	crg	0.336059	9.64403
	16	crg	0.402253	10.5907
	16	dup	0.627689	13.8147
	16	del	0.641321	14.0096
	16	dup	0.651694	14.158
	12	del	0.0181443	21.3009
	12	del	0.0290686	22.6025
	12	dup	0.0991768	30.9554
	12	crg	0.101089	31.1833
	12	dup	0.154285	37.5212
	12	dup	0.211784	44.3718
	12	del	0.268336	51.1097
	12	del	0.300285	54.9162
	12	del	0.304172	55.3793
	12	crl	0.309682	56.0357
	12	dup	0.314391	56.5968
	12	del	0.325665	57.94
	12	crg	0.342723	59.9725
	12	dup	0.355017	61.4371
	12	crg	0.372839	63.5605
	12	dup	0.373927	63.6902
	12	dup	0.399698	66.7606
	12	crl	0.406037	67.5159
	12	dup	0.419025	69.0633
	12	del	0.423101	69.5489
	12	del	0.457107	73.6005
	12	dup	0.461537	74.1283
	12	crl	0.463122	74.3172
	12	crg	0.500218	78.737
	12	crg	0.576262	87.7971
	12	del	0.587271	89.1087
	12	dup	0.611232	91.9635
	12	del	0.62865	94.0387
	12	crl	0.639915	95.3809
	12	crl	0.665004	98.3702
	12	crl	0.753898	108.961
	12	crg	0.761465	109.863
	12	crl	0.834165	118.525
	12	del	0.842414	119.507
	12	del	0.864419	122.129
	12	crg	0.873336	123.191
	12	crg	0.886881	124.805
	12	del	0.900228	126.396
	12	crl	0.902374	126.651
	12	del	0.912086	127.808
	12	crl	0.912556	127.864
	12	dup	0.913829	128.016
	12	dup	0.919719	128.718
	12	crg	0.931119	130.076
	12	crl	0.933273	130.333
	12	crl	0.956404	133.089
	4	crg	0.080438	142.904
	4	dup	0.0951073	143.747
	4	crl	0.131735	145.852
	4	dup	0.175444	148.363
	4	del	0.223132	151.103
	4	del	0.251113	152.711
	4	crl	0.25525	152.949
	4	crg	0.280114	154.377
	4	dup	0.292006	155.06
	4	crg	0.348579	158.311
	4	dup	0.370771	159.586
	4	crl	0.471451	165.371
	4	del	0.544978	169.595
	4	dup	0.55127	169.957
	4	del	0.570274	171.049
	4	del	0.638977	174.996
	4	crg	0.641998	175.17
	4	del	0.718089	179.542
	4	dup	0.739389	180.766
	4	dup	0.760831	181.998
	4	dup	0.822587	185.546
	4	dup	0.866538	188.071
	4	crg	0.950207	192.879
	4	del	0.953909	193.091

MUTATIONS   (4)  dup, deln, crl, crg, wgd:	22	20	26	18	0
	eid	type	time
	17	del	0.399478	3.1384
	15	crl	0.187932	8.63233
	15	dup	0.412902	13.1745
	15	crl	0.610701	17.168
	15	crg	0.64996	17.9607
	15	crg	0.658941	18.142
	15	dup	0.712586	19.2251
	15	dup	0.789063	20.7692
	15	crl	0.909075	23.1922
	15	crl	0.918993	23.3925
	15	crl	0.977757	24.5789
	10	del	0.972231	27.8713
	7	dup	0.00641946	29.0296
	7	crl	0.0263166	32.3681
	7	crg	0.0558982	37.3315
	7	crl	0.0829181	41.8651
	7	dup	0.092259	43.4324
	7	dup	0.128833	49.569
	7	del	0.145119	52.3015
	7	crg	0.161671	55.0789
	7	crl	0.178742	57.9431
	7	crg	0.178932	57.9749
	7	crl	0.191584	60.0978
	7	crg	0.237008	67.7194
	7	del	0.2617	71.8623
	7	del	0.277194	74.462
	7	crl	0.288381	76.3392
	7	crl	0.296506	77.7024
	7	crl	0.31249	80.3843
	7	dup	0.312651	80.4112
	7	crg	0.314358	80.6976
	7	del	0.32638	82.7148
	7	del	0.327316	82.8719
	7	crl	0.337364	84.5578
	7	crl	0.355693	87.6332
	7	crg	0.3737	90.6545
	7	crl	0.375941	91.0305
	7	del	0.385306	92.6018
	7	crg	0.406712	96.1934
	7	dup	0.422664	98.87
	7	del	0.441122	101.967
	7	dup	0.441797	102.08
	7	crl	0.444475	102.53
	7	dup	0.4614	105.369
	7	del	0.490867	110.314
	7	del	0.506366	112.914
	7	crg	0.525973	116.204
	7	crl	0.537298	118.104
	7	crg	0.538022	118.226
	7	dup	0.543556	119.154
	7	dup	0.544461	119.306
	7	crl	0.559826	121.884
	7	crl	0.565362	122.813
	7	dup	0.582588	125.703
	7	dup	0.585258	126.151
	7	crg	0.603332	129.184
	7	crg	0.655873	138
	7	del	0.657993	138.355
	7	dup	0.684029	142.724
	7	del	0.686904	143.206
	7	crg	0.699294	145.285
	7	del	0.711046	147.257
	7	del	0.722661	149.206
	7	crl	0.733361	151.001
	7	crg	0.736162	151.471
	7	del	0.764681	156.256
	7	dup	0.770914	157.302
	7	del	0.77682	158.293
	7	crg	0.792131	160.862
	7	crl	0.800694	162.299
	7	del	0.825455	166.453
	7	crg	0.831641	167.491
	7	crg	0.844426	169.636
	7	crl	0.857846	171.888
	7	dup	0.876762	175.062
	7	dup	0.885336	176.5
	7	dup	0.898992	178.792
	7	del	0.913947	181.301
	7	crl	0.923104	182.837
	7	dup	0.929714	183.947
	7	crl	0.932008	184.331
	7	del	0.940896	185.823
	7	crl	0.9561	188.374
	7	crl	0.96057	189.124
	7	dup	0.965518	189.954
	7	dup	0.991538	194.32

MUTATIONS   (5)  dup, deln, crl, crg, wgd:	22	14	18	17	0
	eid	type	time
	17	del	0.399478	3.1384
	15	crl	0.187932	8.63233
	15	dup	0.412902	13.1745
	15	crl	0.610701	17.168
	15	crg	0.64996	17.9607
	15	crg	0.658941	18.142
	15	dup	0.712586	19.2251
	15	dup	0.789063	20.7692
	15	crl	0.909075	23.1922
	15	crl	0.918993	23.3925
	15	crl	0.977757	24.5789
	9	crg	0.0175032	28.016
	9	dup	0.0464277	32.9537
	9	dup	0.0582363	34.9696
	9	del	0.0766604	38.1148
	9	crg	0.122637	45.9636
	9	crl	0.126068	46.5492
	9	del	0.162972	52.8493
	9	del	0.175061	54.9129
	9	dup	0.190131	57.4856
	9	crg	0.193286	58.0242
	9	crl	0.217946	62.2339
	9	del	0.224729	63.3918
	9	dup	0.225598	63.5402
	9	dup	0.245922	67.0098
	9	crg	0.25248	68.1293
	9	dup	0.255429	68.6328
	9	crg	0.289134	74.3866
	9	crg	0.296398	75.6265
	9	del	0.341064	83.2516
	9	crl	0.362122	86.8465
	9	crl	0.382648	90.3505
	9	del	0.383581	90.5096
	9	crg	0.384415	90.6521
	9	crl	0.429805	98.4007
	9	dup	0.434149	99.1423
	9	dup	0.442875	100.632
	9	del	0.457003	103.044
	9	dup	0.484997	107.823
	9	del	0.48896	108.499
	9	crl	0.517098	113.303
	9	crg	0.524985	114.649
	9	dup	0.534703	116.308
	9	crl	0.534759	116.317
	9	dup	0.547227	118.446
	9	del	0.548053	118.587
	9	crl	0.553075	119.444
	9	crl	0.561154	120.823
	9	dup	0.582132	124.405
	9	del	0.585821	125.034
	9	dup	0.589742	125.704
	9	dup	0.597535	127.034
	9	crg	0.633212	133.125
	9	crg	0.658541	137.449
	9	crl	0.668586	139.163
	9	crl	0.674461	140.166
	9	del	0.696496	143.928
	9	dup	0.716975	147.424
	9	crl	0.717689	147.546
	9	crg	0.735495	150.586
	9	dup	0.738872	151.162
	9	dup	0.739711	151.305
	9	crg	0.766862	155.94
	9	dup	0.782794	158.66
	9	crg	0.849414	170.033
	9	crl	0.862058	172.191
	9	del	0.910659	180.488
	9	crg	0.938141	185.18
	9	dup	0.963961	189.587
	9	crg	0.967709	190.227
	9	del	0.999561	195.665

MUTATIONS   (6)  dup, deln, crl, crg, wgd:	27	17	14	17	0
	eid	type	time
	18	crg	0.177176	2.75851
	18	crl	0.469111	3.99544
	18	dup	0.972698	6.12915
	13	dup	0.0273355	7.08309
	13	crg	0.0950655	9.16007
	13	crl	0.191492	12.1171
	13	crg	0.233092	13.3927
	13	dup	0.297652	15.3725
	13	del	0.371294	17.6308
	13	dup	0.461423	20.3946
	13	crl	0.839678	31.994
	13	crg	0.84796	32.248
	13	dup	0.895103	33.6937
	5	crl	0.00481342	37.4965
	5	crg	0.0125235	38.4353
	5	del	0.0166373	38.9362
	5	dup	0.017383	39.027
	5	dup	0.0509321	43.1121
	5	del	0.0801754	46.6729
	5	dup	0.0828435	46.9977
	5	dup	0.112521	50.6114
	5	crl	0.155845	55.8867
	5	crl	0.176579	58.4113
	5	del	0.188924	59.9145
	5	dup	0.221711	63.9068
	5	crg	0.256645	68.1605
	5	crg	0.309736	74.6251
	5	crl	0.341798	78.529
	5	crg	0.342353	78.5966
	5	del	0.342443	78.6076
	5	del	0.365853	81.4581
	5	crl	0.421378	88.2191
	5	crg	0.429409	89.1969
	5	del	0.431291	89.4261
	5	crg	0.436952	90.1154
	5	crl	0.475055	94.755
	5	dup	0.481419	95.5299
	5	crg	0.508514	98.8291
	5	dup	0.509169	98.9089
	5	del	0.559067	104.985
	5	del	0.58601	108.265
	5	dup	0.591756	108.965
	5	dup	0.592747	109.086
	5	crl	0.6165	111.978
	5	del	0.631822	113.844
	5	crg	0.64344	115.258
	5	del	0.679612	119.663
	5	dup	0.699717	122.111
	5	dup	0.72718	125.455
	5	dup	0.742968	127.377
	5	dup	0.750388	128.281
	5	crl	0.751119	128.37
	5	del	0.751745	128.446
	5	dup	0.752892	128.586
	5	dup	0.763594	129.889
	5	dup	0.789053	132.989
	5	crl	0.832318	138.257
	5	crg	0.833976	138.459
	5	dup	0.840216	139.218
	5	dup	0.852679	140.736
	5	del	0.938506	151.187
	5	dup	0.978213	156.021
	5	dup	0.991348	157.621
	5	dup	0.995885	158.173
	1	del	0.0362714	160.019
	1	crg	0.0847038	161.814
	1	dup	0.0963443	162.245
	1	del	0.211193	166.502
	1	crl	0.234907	167.381
	1	crg	0.337092	171.169
	1	del	0.462712	175.825
	1	crl	0.579829	180.166
	1	del	0.640802	182.426
	1	crg	0.836229	189.669
	1	crg	0.974651	194.8

MUTATIONS   (7)  dup, deln, crl, crg, wgd:	23	26	20	22	0
	eid	type	time
	17	del	0.399478	3.1384
	15	crl	0.187932	8.63233
	15	dup	0.412902	13.1745
	15	crl	0.610701	17.168
	15	crg	0.64996	17.9607
	15	crg	0.658941	18.142
	15	dup	0.712586	19.2251
	15	dup	0.789063	20.7692
	15	crl	0.909075	23.1922
	15	crl	0.918993	23.3925
	15	crl	0.977757	24.5789
	10	del	0.972231	27.8713
	8	crg	0.00451601	28.7102
	8	dup	0.008553	29.3876
	8	del	0.0177499	30.9307
	8	crg	0.0201314	31.3303
	8	crg	0.037516	34.2472
	8	crl	0.052993	36.8441
	8	dup	0.0624602	38.4325
	8	del	0.0764086	40.7729
	8	crg	0.0805847	41.4736
	8	del	0.0807362	41.499
	8	del	0.0853867	42.2793
	8	del	0.105578	45.6671
	8	del	0.111862	46.7215
	8	dup	0.159536	54.7206
	8	del	0.165997	55.8046
	8	crl	0.168271	56.1862
	8	dup	0.171224	56.6816
	8	crl	0.174521	57.2348
	8	crl	0.184479	58.9057
	8	crl	0.191924	60.1548
	8	del	0.195603	60.7721
	8	del	0.219715	64.8178
	8	crl	0.22913	66.3976
	8	crl	0.236118	67.5701
	8	dup	0.245153	69.086
	8	del	0.250235	69.9387
	8	crg	0.262604	72.014
	8	crg	0.277415	74.4992
	8	crg	0.283964	75.5979
	8	crg	0.284133	75.6263
	8	dup	0.287292	76.1564
	8	crl	0.303095	78.8079
	8	dup	0.303197	78.825
	8	del	0.305621	79.2318
	8	crg	0.306858	79.4393
	8	crl	0.329017	83.1574
	8	dup	0.335181	84.1915
	8	dup	0.343854	85.6468
	8	crg	0.36889	89.8475
	8	del	0.37841	91.4449
	8	del	0.406895	96.2242
	8	del	0.414141	97.44
	8	crg	0.418093	98.1032
	8	del	0.433997	100.772
	8	crg	0.457488	104.713
	8	dup	0.464723	105.927
	8	dup	0.478132	108.177
	8	dup	0.479343	108.38
	8	del	0.490227	110.206
	8	del	0.491491	110.418
	8	del	0.506042	112.86
	8	crg	0.519203	115.068
	8	crg	0.550803	120.37
	8	crl	0.55271	120.69
	8	crg	0.561214	122.117
	8	dup	0.562843	122.39
	8	crg	0.571441	123.833
	8	crg	0.580436	125.342
	8	dup	0.585377	126.171
	8	del	0.585554	126.201
	8	dup	0.605336	129.52
	8	del	0.610856	130.446
	8	crl	0.617453	131.553
	8	dup	0.667144	139.891
	8	dup	0.711402	147.317
	8	crl	0.71865	148.533
	8	crg	0.727282	149.981
	8	crl	0.748169	153.486
	8	del	0.755407	154.7
	8	crg	0.762099	155.823
	8	del	0.772219	157.521
	8	del	0.7786	158.591
	8	dup	0.79404	161.182
	8	dup	0.826127	166.566
	8	crl	0.857719	171.867
	8	del	0.893998	177.954
	8	crg	0.929423	183.898
	8	crl	0.980995	192.551
	8	dup	0.995971	195.064

MUTATIONS   (8)  dup, deln, crl, crg, wgd:	18	19	16	16	0
	eid	type	time
	17	del	0.399478	3.1384
	16	crg	0.0672136	5.79922
	16	del	0.107402	6.37397
	16	del	0.328386	9.53429
	16	crg	0.336059	9.64403
	16	crg	0.402253	10.5907
	16	dup	0.627689	13.8147
	16	del	0.641321	14.0096
	16	dup	0.651694	14.158
	11	crg	0.0371203	25.6946
	11	crg	0.0488219	27.7611
	11	del	0.0557827	28.9904
	11	dup	0.117907	39.9616
	11	crl	0.134438	42.8809
	11	del	0.151567	45.9059
	11	dup	0.152397	46.0526
	11	del	0.153571	46.2599
	11	del	0.16996	49.1542
	11	crl	0.187168	52.1932
	11	del	0.197058	53.9397
	11	crg	0.228704	59.5284
	11	del	0.240153	61.5503
	11	del	0.243782	62.1911
	11	crg	0.298346	71.8272
	11	crg	0.317833	75.2687
	11	crg	0.356017	82.0119
	11	del	0.369826	84.4507
	11	del	0.398457	89.5068
	11	del	0.420159	93.3393
	11	dup	0.449833	98.5799
	11	dup	0.451521	98.8779
	11	crl	0.465277	101.307
	11	crl	0.466503	101.524
	11	crg	0.479234	103.772
	11	crl	0.51116	109.41
	11	dup	0.537856	114.125
	11	crl	0.538976	114.323
	11	dup	0.551961	116.616
	11	del	0.595853	124.367
	11	del	0.605708	126.107
	11	crg	0.606919	126.321
	11	crl	0.609155	126.716
	11	dup	0.611282	127.092
	11	crl	0.612452	127.298
	11	crl	0.650829	134.076
	11	dup	0.679233	139.092
	11	crg	0.703297	143.342
	11	crg	0.70929	144.4
	11	dup	0.728741	147.835
	11	dup	0.737503	149.383
	11	dup	0.737807	149.436
	11	dup	0.745679	150.826
	11	crl	0.749869	151.566
	11	crl	0.772095	155.491
	11	del	0.775502	156.093
	11	crg	0.79081	158.797
	11	del	0.796945	159.88
	11	dup	0.810691	162.307
	11	crl	0.841757	167.794
	11	dup	0.857213	170.523
	11	crl	0.858436	170.739
	11	dup	0.859605	170.946
	11	crg	0.860463	171.097
	11	crl	0.876411	173.914
	11	crg	0.881468	174.807
	11	crl	0.887321	175.84
	11	dup	0.90606	179.15
	11	crl	0.966057	189.745
	11	del	0.987672	193.562

MUTATIONS   (9)  dup, deln, crl, crg, wgd:	18	24	24	20	0
	eid	type	time
	17	del	0.399478	3.1384
	16	crg	0.0672136	5.79922
	16	del	0.107402	6.37397
	16	del	0.328386	9.53429
	16	crg	0.336059	9.64403
	16	crg	0.402253	10.5907
	16	dup	0.627689	13.8147
	16	del	0.641321	14.0096
	16	dup	0.651694	14.158
	12	del	0.0181443	21.3009
	12	del	0.0290686	22.6025
	12	dup	0.0991768	30.9554
	12	crg	0.101089	31.1833
	12	dup	0.154285	37.5212
	12	dup	0.211784	44.3718
	12	del	0.268336	51.1097
	12	del	0.300285	54.9162
	12	del	0.304172	55.3793
	12	crl	0.309682	56.0357
	12	dup	0.314391	56.5968
	12	del	0.325665	57.94
	12	crg	0.342723	59.9725
	12	dup	0.355017	61.4371
	12	crg	0.372839	63.5605
	12	dup	0.373927	63.6902
	12	dup	0.399698	66.7606
	12	crl	0.406037	67.5159
	12	dup	0.419025	69.0633
	12	del	0.423101	69.5489
	12	del	0.457107	73.6005
	12	dup	0.461537	74.1283
	12	crl	0.463122	74.3172
	12	crg	0.500218	78.737
	12	crg	0.576262	87.7971
	12	del	0.587271	89.1087
	12	dup	0.611232	91.9635
	12	del	0.62865	94.0387
	12	crl	0.639915	95.3809
	12	crl	0.665004	98.3702
	12	crl	0.753898	108.961
	12	crg	0.761465	109.863
	12	crl	0.834165	118.525
	12	del	0.842414	119.507
	12	del	0.864419	122.129
	12	crg	0.873336	123.191
	12	crg	0.886881	124.805
	12	del	0.900228	126.396
	12	crl	0.902374	126.651
	12	del	0.912086	127.808
	12	crl	0.912556	127.864
	12	dup	0.913829	128.016
	12	dup	0.919719	128.718
	12	crg	0.931119	130.076
	12	crl	0.933273	130.333
	12	crl	0.956404	133.089
	3	del	0.00742533	138.709
	3	del	0.0378983	140.46
	3	crg	0.0437848	140.798
	3	crl	0.1125	144.747
	3	crl	0.125454	145.491
	3	crl	0.134785	146.027
	3	del	0.143864	146.549
	3	crg	0.215342	150.656
	3	crg	0.266377	153.588
	3	dup	0.331054	157.304
	3	crl	0.336468	157.615
	3	crg	0.367463	159.396
	3	crl	0.437957	163.446
	3	dup	0.460606	164.748
	3	crl	0.466145	165.066
	3	crl	0.550381	169.906
	3	crl	0.594896	172.464
	3	del	0.62991	174.475
	3	crg	0.665482	176.519
	3	crg	0.726479	180.024
	3	crl	0.74029	180.817
	3	crg	0.766943	182.349
	3	crl	0.776304	182.887
	3	crl	0.802562	184.395
	3	del	0.913843	190.789
	3	del	0.93256	191.865
	3	dup	0.93455	191.979
	3	dup	0.936907	192.114
	3	crl	0.947978	192.751
	3	crg	0.968187	193.912
	3	crl	0.998646	195.662

MUTATIONS   (10)  dup, deln, crl, crg, wgd:	30	17	13	18	0
	eid	type	time
	18	crg	0.177176	2.75851
	18	crl	0.469111	3.99544
	18	dup	0.972698	6.12915
	13	dup	0.0273355	7.08309
	13	crg	0.0950655	9.16007
	13	crl	0.191492	12.1171
	13	crg	0.233092	13.3927
	13	dup	0.297652	15.3725
	13	del	0.371294	17.6308
	13	dup	0.461423	20.3946
	13	crl	0.839678	31.994
	13	crg	0.84796	32.248
	13	dup	0.895103	33.6937
	5	crl	0.00481342	37.4965
	5	crg	0.0125235	38.4353
	5	del	0.0166373	38.9362
	5	dup	0.017383	39.027
	5	dup	0.0509321	43.1121
	5	del	0.0801754	46.6729
	5	dup	0.0828435	46.9977
	5	dup	0.112521	50.6114
	5	crl	0.155845	55.8867
	5	crl	0.176579	58.4113
	5	del	0.188924	59.9145
	5	dup	0.221711	63.9068
	5	crg	0.256645	68.1605
	5	crg	0.309736	74.6251
	5	crl	0.341798	78.529
	5	crg	0.342353	78.5966
	5	del	0.342443	78.6076
	5	del	0.365853	81.4581
	5	crl	0.421378	88.2191
	5	crg	0.429409	89.1969
	5	del	0.431291	89.4261
	5	crg	0.436952	90.1154
	5	crl	0.475055	94.755
	5	dup	0.481419	95.5299
	5	crg	0.508514	98.8291
	5	dup	0.509169	98.9089
	5	del	0.559067	104.985
	5	del	0.58601	108.265
	5	dup	0.591756	108.965
	5	dup	0.592747	109.086
	5	crl	0.6165	111.978
	5	del	0.631822	113.844
	5	crg	0.64344	115.258
	5	del	0.679612	119.663
	5	dup	0.699717	122.111
	5	dup	0.72718	125.455
	5	dup	0.742968	127.377
	5	dup	0.750388	128.281
	5	crl	0.751119	128.37
	5	del	0.751745	128.446
	5	dup	0.752892	128.586
	5	dup	0.763594	129.889
	5	dup	0.789053	132.989
	5	crl	0.832318	138.257
	5	crg	0.833976	138.459
	5	dup	0.840216	139.218
	5	dup	0.852679	140.736
	5	del	0.938506	151.187
	5	dup	0.978213	156.021
	5	dup	0.991348	157.621
	5	dup	0.995885	158.173
	2	dup	0.0551138	160.717
	2	crg	0.170004	164.976
	2	dup	0.384804	172.937
	2	crg	0.442426	175.073
	2	del	0.522145	178.028
	2	crl	0.555262	179.255
	2	del	0.67024	183.517
	2	dup	0.675766	183.722
	2	crg	0.693247	184.37
	2	dup	0.730532	185.752
	2	crg	0.747234	186.371
	2	del	0.787449	187.861
	2	del	0.81374	188.836
	2	crg	0.899942	192.031

MUTATIONS   (11)  dup, deln, crl, crg, wgd:	0	0	0	0	0
	eid	type	time

