NODE TIMES:	nid	time
	1	159.429
	2	159.429
	3	159.429
	4	159.429
	5	159.429
	6	159.429
	7	159.429
	8	159.429
	9	159.429
	10	159.429
	11	0
	12	0
	13	117.541
	14	73.8799
	15	39.2202
	16	36.6866
	17	22.4419
	18	3.64012
	19	2.30023
	20	0.612309
	21	0.0688879

ANCESTRY    (1)	19 (12 -> 21) 	17 (21 -> 20) 	15 (20 -> 19) 	14 (19 -> 16) 	7 (16 -> 1) 
ANCESTRY    (2)	19 (12 -> 21) 	18 (21 -> 18) 	11 (18 -> 17) 	9 (17 -> 15) 	5 (15 -> 2) 
ANCESTRY    (3)	19 (12 -> 21) 	17 (21 -> 20) 	15 (20 -> 19) 	13 (19 -> 13) 	2 (13 -> 3) 
ANCESTRY    (4)	19 (12 -> 21) 	18 (21 -> 18) 	11 (18 -> 17) 	9 (17 -> 15) 	6 (15 -> 4) 
ANCESTRY    (5)	19 (12 -> 21) 	17 (21 -> 20) 	15 (20 -> 19) 	14 (19 -> 16) 	8 (16 -> 5) 
ANCESTRY    (6)	19 (12 -> 21) 	18 (21 -> 18) 	12 (18 -> 6) 
ANCESTRY    (7)	19 (12 -> 21) 	17 (21 -> 20) 	15 (20 -> 19) 	13 (19 -> 13) 	1 (13 -> 7) 
ANCESTRY    (8)	19 (12 -> 21) 	18 (21 -> 18) 	11 (18 -> 17) 	10 (17 -> 14) 	4 (14 -> 8) 
ANCESTRY    (9)	19 (12 -> 21) 	17 (21 -> 20) 	16 (20 -> 9) 
ANCESTRY    (10)	19 (12 -> 21) 	18 (21 -> 18) 	11 (18 -> 17) 	10 (17 -> 14) 	3 (14 -> 10) 
ANCESTRY    (11)	20 (12 -> 11) 

MUTATIONS   (1)  dup, deln, crl, crg, wgd:	12	16	13	15	0
	eid	type	time
	17	del	0.106286	0.126646
	14	crl	0.26217	11.3153
	14	dup	0.273995	11.7219
	14	crg	0.276908	11.8221
	14	crg	0.33598	13.8533
	14	crg	0.383884	15.5006
	14	del	0.505541	19.6839
	14	dup	0.535117	20.701
	14	crl	0.554403	21.3641
	14	del	0.602302	23.0112
	14	crg	0.607772	23.1993
	14	crl	0.811158	30.193
	14	crg	0.829081	30.8093
	7	dup	0.0372498	41.2587
	7	dup	0.0603715	44.0967
	7	crl	0.0609111	44.163
	7	dup	0.0646837	44.626
	7	crg	0.0867817	47.3384
	7	dup	0.104633	49.5295
	7	dup	0.154949	55.7054
	7	crl	0.191624	60.207
	7	del	0.22681	64.5258
	7	del	0.285526	71.7327
	7	dup	0.285684	71.7522
	7	crl	0.299431	73.4396
	7	del	0.303521	73.9416
	7	crl	0.315809	75.4499
	7	crl	0.328644	77.0253
	7	crg	0.408844	86.8692
	7	crl	0.444738	91.275
	7	crg	0.449972	91.9173
	7	crg	0.470648	94.4552
	7	del	0.475533	95.0548
	7	crl	0.527183	101.394
	7	dup	0.544023	103.461
	7	crg	0.554394	104.734
	7	dup	0.561989	105.667
	7	crg	0.635596	114.701
	7	del	0.642033	115.491
	7	del	0.648191	116.247
	7	crl	0.68346	120.576
	7	crg	0.711775	124.052
	7	dup	0.718568	124.886
	7	del	0.746226	128.28
	7	crl	0.798071	134.644
	7	crg	0.802387	135.174
	7	del	0.821518	137.522
	7	crl	0.840678	139.874
	7	del	0.855299	141.668
	7	del	0.891321	146.09
	7	dup	0.894205	146.444
	7	crg	0.904007	147.647
	7	del	0.907064	148.022
	7	del	0.943151	152.451
	7	crg	0.947613	152.999
	7	del	0.999582	159.378

MUTATIONS   (2)  dup, deln, crl, crg, wgd:	20	9	12	21	0
	eid	type	time
	18	crl	0.880571	3.21361
	11	crl	0.0247642	4.10573
	11	dup	0.418084	11.5008
	11	crl	0.480993	12.6836
	11	dup	0.578315	14.5134
	11	dup	0.66783	16.1965
	11	dup	0.819962	19.0568
	9	dup	0.0783559	23.7566
	9	crg	0.330304	27.9838
	9	crl	0.744933	34.9406
	9	crl	0.749644	35.0197
	9	crg	0.893467	37.4328
	9	dup	0.901621	37.5696
	5	crg	0.0241569	42.1241
	5	crg	0.0304639	42.8823
	5	dup	0.0397904	44.0034
	5	dup	0.064004	46.9141
	5	del	0.0806086	48.9101
	5	dup	0.0854912	49.4971
	5	crg	0.0927824	50.3735
	5	crg	0.117257	53.3156
	5	crg	0.13124	54.9965
	5	crg	0.133591	55.2791
	5	crg	0.181114	60.9918
	5	crg	0.183385	61.2647
	5	dup	0.205012	63.8645
	5	crg	0.212181	64.7263
	5	crg	0.230346	66.9099
	5	dup	0.245383	68.7175
	5	dup	0.255651	69.9518
	5	del	0.277558	72.5853
	5	crl	0.343346	80.4935
	5	del	0.399909	87.293
	5	dup	0.487697	97.8459
	5	crg	0.507206	100.191
	5	del	0.507884	100.272
	5	dup	0.509255	100.437
	5	del	0.518758	101.58
	5	crl	0.524502	102.27
	5	del	0.525727	102.417
	5	dup	0.577283	108.615
	5	crg	0.577284	108.615
	5	del	0.582319	109.22
	5	crg	0.609454	112.482
	5	del	0.636377	115.719
	5	crg	0.690117	122.179
	5	crg	0.716081	125.3
	5	del	0.736873	127.799
	5	crl	0.753269	129.77
	5	dup	0.754048	129.864
	5	crl	0.75658	130.168
	5	crl	0.771411	131.951
	5	crg	0.779923	132.974
	5	dup	0.789666	134.145
	5	dup	0.814867	137.175
	5	dup	0.829882	138.98
	5	dup	0.834467	139.531
	5	crg	0.86264	142.917
	5	crg	0.879938	144.997
	5	crl	0.930388	151.061
	5	crl	0.936825	151.835
	5	crg	0.972109	156.077

MUTATIONS   (3)  dup, deln, crl, crg, wgd:	16	18	23	18	0
	eid	type	time
	17	del	0.106286	0.126646
	13	crl	0.0115077	3.62639
	13	dup	0.0258791	5.28257
	13	del	0.04133	7.06315
	13	crl	0.044267	7.40161
	13	del	0.0466646	7.67791
	13	dup	0.118716	15.9812
	13	crg	0.118838	15.9953
	13	crl	0.193222	24.5673
	13	del	0.214342	27.0012
	13	dup	0.239584	29.9101
	13	crl	0.27186	33.6296
	13	crl	0.285687	35.2231
	13	crg	0.304551	37.397
	13	crg	0.318057	38.9535
	13	del	0.326079	39.878
	13	crl	0.332445	40.6115
	13	dup	0.338386	41.2961
	13	crg	0.388987	47.1275
	13	crg	0.424523	51.2227
	13	crg	0.426013	51.3944
	13	dup	0.432814	52.1781
	13	del	0.442752	53.3234
	13	del	0.451221	54.2994
	13	crl	0.492109	59.0114
	13	del	0.553105	66.0406
	13	crl	0.559129	66.7349
	13	del	0.564174	67.3162
	13	crl	0.571536	68.1646
	13	crl	0.580361	69.1816
	13	crg	0.653885	77.6546
	13	dup	0.686177	81.376
	13	crg	0.716504	84.8709
	13	crl	0.718758	85.1307
	13	del	0.719539	85.2206
	13	crg	0.722469	85.5583
	13	dup	0.737028	87.2361
	13	crg	0.744638	88.1131
	13	del	0.769521	90.9806
	13	crg	0.773214	91.4062
	13	crl	0.816254	96.3662
	13	crg	0.832312	98.2168
	13	crl	0.837448	98.8086
	13	crl	0.85251	100.544
	13	del	0.879092	103.608
	13	del	0.891916	105.086
	13	dup	0.892655	105.171
	13	crg	0.894303	105.361
	13	dup	0.895854	105.539
	13	crl	0.897955	105.782
	13	dup	0.946547	111.381
	13	crl	0.946912	111.423
	13	del	0.969384	114.013
	13	crg	0.990776	116.478
	2	dup	0.010916	117.999
	2	dup	0.116401	122.417
	2	del	0.292599	129.798
	2	del	0.300057	130.11
	2	crl	0.307542	130.424
	2	dup	0.361421	132.68
	2	dup	0.397183	134.178
	2	crg	0.421287	135.188
	2	crl	0.499313	138.457
	2	crl	0.55881	140.949
	2	crl	0.589454	142.232
	2	crg	0.597512	142.57
	2	dup	0.700237	146.873
	2	del	0.70431	147.043
	2	crl	0.70965	147.267
	2	crg	0.795258	150.853
	2	crl	0.8068	151.337
	2	del	0.823935	152.054
	2	crl	0.862403	153.666
	2	dup	0.910975	155.7
	2	crg	0.977391	158.482

MUTATIONS   (4)  dup, deln, crl, crg, wgd:	20	12	14	14	0
	eid	type	time
	18	crl	0.880571	3.21361
	11	crl	0.0247642	4.10573
	11	dup	0.418084	11.5008
	11	crl	0.480993	12.6836
	11	dup	0.578315	14.5134
	11	dup	0.66783	16.1965
	11	dup	0.819962	19.0568
	9	dup	0.0783559	23.7566
	9	crg	0.330304	27.9838
	9	crl	0.744933	34.9406
	9	crl	0.749644	35.0197
	9	crg	0.893467	37.4328
	9	dup	0.901621	37.5696
	6	del	0.00842672	40.2332
	6	del	0.036032	43.5516
	6	crg	0.0494287	45.162
	6	crg	0.0703763	47.6801
	6	del	0.131347	55.0093
	6	crg	0.165681	59.1366
	6	crl	0.176182	60.3989
	6	dup	0.182226	61.1255
	6	dup	0.242784	68.4051
	6	crl	0.244857	68.6542
	6	crg	0.251573	69.4616
	6	crg	0.253958	69.7483
	6	crg	0.2592	70.3784
	6	dup	0.276684	72.4802
	6	del	0.27678	72.4917
	6	dup	0.282133	73.1352
	6	crg	0.295803	74.7784
	6	del	0.309836	76.4654
	6	crl	0.319562	77.6345
	6	crl	0.327211	78.5539
	6	dup	0.342074	80.3406
	6	crg	0.344924	80.6832
	6	dup	0.368357	83.5001
	6	dup	0.407581	88.2152
	6	crl	0.433075	91.2798
	6	del	0.500618	99.3991
	6	crg	0.531737	103.14
	6	dup	0.542885	104.48
	6	crg	0.55939	106.464
	6	crg	0.608442	112.36
	6	del	0.613931	113.02
	6	del	0.616692	113.352
	6	dup	0.647754	117.086
	6	del	0.761179	130.721
	6	del	0.797555	135.094
	6	del	0.804499	135.928
	6	dup	0.809018	136.471
	6	dup	0.831432	139.166
	6	crl	0.862957	142.956
	6	dup	0.89128	146.36
	6	crl	0.921847	150.035
	6	crl	0.931276	151.168
	6	dup	0.932371	151.3
	6	del	0.951347	153.581
	6	dup	0.977188	156.687
	6	crl	0.984826	157.605
	6	crg	0.991694	158.431

MUTATIONS   (5)  dup, deln, crl, crg, wgd:	12	14	17	23	0
	eid	type	time
	17	del	0.106286	0.126646
	14	crl	0.26217	11.3153
	14	dup	0.273995	11.7219
	14	crg	0.276908	11.8221
	14	crg	0.33598	13.8533
	14	crg	0.383884	15.5006
	14	del	0.505541	19.6839
	14	dup	0.535117	20.701
	14	crl	0.554403	21.3641
	14	del	0.602302	23.0112
	14	crg	0.607772	23.1993
	14	crl	0.811158	30.193
	14	crg	0.829081	30.8093
	8	dup	0.0166249	38.7271
	8	crg	0.0315619	40.5606
	8	del	0.0460614	42.3403
	8	crg	0.129232	52.5489
	8	crg	0.180042	58.7854
	8	crl	0.282712	71.3874
	8	crg	0.300284	73.5442
	8	del	0.307225	74.3963
	8	crg	0.308502	74.5529
	8	del	0.317951	75.7127
	8	crg	0.32692	76.8136
	8	crl	0.333261	77.592
	8	dup	0.352945	80.0079
	8	dup	0.381911	83.5634
	8	del	0.386789	84.162
	8	crl	0.462771	93.4884
	8	crg	0.483921	96.0843
	8	crl	0.498805	97.9113
	8	dup	0.506208	98.82
	8	crl	0.521748	100.727
	8	crl	0.536234	102.505
	8	crl	0.538083	102.732
	8	crg	0.561266	105.578
	8	dup	0.566186	106.182
	8	crg	0.570773	106.745
	8	dup	0.593268	109.506
	8	del	0.606662	111.15
	8	crg	0.608601	111.388
	8	crg	0.630792	114.112
	8	crg	0.649169	116.367
	8	crg	0.660182	117.719
	8	crl	0.699785	122.58
	8	crg	0.699804	122.582
	8	del	0.747733	128.465
	8	crg	0.758219	129.752
	8	crg	0.764253	130.493
	8	dup	0.76786	130.936
	8	crg	0.813094	136.488
	8	crl	0.813872	136.583
	8	del	0.822487	137.641
	8	del	0.824222	137.854
	8	dup	0.82518	137.971
	8	dup	0.82708	138.205
	8	del	0.828212	138.344
	8	crl	0.863285	142.648
	8	del	0.864633	142.814
	8	crg	0.881158	144.842
	8	crl	0.915112	149.01
	8	del	0.922849	149.96
	8	crl	0.933858	151.311
	8	crl	0.938344	151.861
	8	dup	0.944012	152.557
	8	crl	0.964679	155.094

MUTATIONS   (6)  dup, deln, crl, crg, wgd:	16	18	19	22	0
	eid	type	time
	18	crl	0.880571	3.21361
	12	crl	0.0127457	5.62577
	12	del	0.0729819	15.0099
	12	dup	0.0823463	16.4688
	12	dup	0.0832302	16.6065
	12	crg	0.105351	20.0527
	12	del	0.110958	20.9262
	12	del	0.12381	22.9283
	12	dup	0.144161	26.0988
	12	dup	0.148222	26.7315
	12	crl	0.190588	33.3317
	12	crg	0.204013	35.4231
	12	del	0.224166	38.5628
	12	dup	0.225808	38.8186
	12	crg	0.262253	44.4964
	12	crg	0.26917	45.5739
	12	crg	0.295906	49.7391
	12	crl	0.298325	50.1159
	12	crg	0.305601	51.2495
	12	crg	0.326642	54.5274
	12	crg	0.327013	54.5852
	12	del	0.331095	55.2211
	12	del	0.373029	61.754
	12	crg	0.423671	69.6434
	12	dup	0.424796	69.8187
	12	crl	0.428939	70.4642
	12	del	0.440712	72.2982
	12	crg	0.460752	75.4204
	12	del	0.462551	75.7005
	12	dup	0.464327	75.9772
	12	crl	0.466516	76.3183
	12	crg	0.474486	77.56
	12	dup	0.474838	77.6147
	12	dup	0.499748	81.4955
	12	dup	0.500357	81.5904
	12	crg	0.5232	85.149
	12	crg	0.525468	85.5024
	12	dup	0.525877	85.5661
	12	crl	0.539944	87.7576
	12	crl	0.557406	90.478
	12	crg	0.578439	93.7546
	12	crg	0.582256	94.3493
	12	crg	0.595331	96.3862
	12	crl	0.604337	97.7893
	12	dup	0.614636	99.3938
	12	crl	0.615259	99.4909
	12	del	0.623486	100.773
	12	crg	0.625869	101.144
	12	crl	0.692254	111.486
	12	dup	0.702734	113.119
	12	crg	0.710768	114.37
	12	dup	0.718376	115.555
	12	crl	0.749193	120.356
	12	crl	0.784742	125.894
	12	crg	0.789617	126.654
	12	crl	0.789716	126.669
	12	crl	0.79968	128.222
	12	crl	0.810482	129.904
	12	del	0.812242	130.179
	12	dup	0.816384	130.824
	12	del	0.845222	135.317
	12	del	0.846816	135.565
	12	crg	0.848575	135.839
	12	del	0.849315	135.954
	12	crl	0.880219	140.769
	12	del	0.892075	142.616
	12	crg	0.901536	144.09
	12	crg	0.907541	145.025
	12	del	0.913216	145.909
	12	del	0.930988	148.678
	12	del	0.956772	152.695
	12	crl	0.95902	153.045
	12	del	0.968286	154.489
	12	crl	0.976402	155.753
	12	dup	0.992334	158.235

MUTATIONS   (7)  dup, deln, crl, crg, wgd:	14	19	18	17	0
	eid	type	time
	17	del	0.106286	0.126646
	13	crl	0.0115077	3.62639
	13	dup	0.0258791	5.28257
	13	del	0.04133	7.06315
	13	crl	0.044267	7.40161
	13	del	0.0466646	7.67791
	13	dup	0.118716	15.9812
	13	crg	0.118838	15.9953
	13	crl	0.193222	24.5673
	13	del	0.214342	27.0012
	13	dup	0.239584	29.9101
	13	crl	0.27186	33.6296
	13	crl	0.285687	35.2231
	13	crg	0.304551	37.397
	13	crg	0.318057	38.9535
	13	del	0.326079	39.878
	13	crl	0.332445	40.6115
	13	dup	0.338386	41.2961
	13	crg	0.388987	47.1275
	13	crg	0.424523	51.2227
	13	crg	0.426013	51.3944
	13	dup	0.432814	52.1781
	13	del	0.442752	53.3234
	13	del	0.451221	54.2994
	13	crl	0.492109	59.0114
	13	del	0.553105	66.0406
	13	crl	0.559129	66.7349
	13	del	0.564174	67.3162
	13	crl	0.571536	68.1646
	13	crl	0.580361	69.1816
	13	crg	0.653885	77.6546
	13	dup	0.686177	81.376
	13	crg	0.716504	84.8709
	13	crl	0.718758	85.1307
	13	del	0.719539	85.2206
	13	crg	0.722469	85.5583
	13	dup	0.737028	87.2361
	13	crg	0.744638	88.1131
	13	del	0.769521	90.9806
	13	crg	0.773214	91.4062
	13	crl	0.816254	96.3662
	13	crg	0.832312	98.2168
	13	crl	0.837448	98.8086
	13	crl	0.85251	100.544
	13	del	0.879092	103.608
	13	del	0.891916	105.086
	13	dup	0.892655	105.171
	13	crg	0.894303	105.361
	13	dup	0.895854	105.539
	13	crl	0.897955	105.782
	13	dup	0.946547	111.381
	13	crl	0.946912	111.423
	13	del	0.969384	114.013
	13	crg	0.990776	116.478
	1	del	0.0218492	118.456
	1	del	0.0339512	118.963
	1	crl	0.0734954	120.62
	1	dup	0.146836	123.692
	1	del	0.255937	128.262
	1	del	0.275975	129.101
	1	dup	0.335446	131.592
	1	del	0.777458	150.107
	1	dup	0.807453	151.364
	1	crg	0.849612	153.13
	1	crg	0.909204	155.626
	1	crl	0.939209	156.883
	1	crg	0.950551	157.358
	1	dup	0.999028	159.389

MUTATIONS   (8)  dup, deln, crl, crg, wgd:	16	14	18	16	1
	eid	type	time
	18	crl	0.880571	3.21361
	11	crl	0.0247642	4.10573
	11	dup	0.418084	11.5008
	11	crl	0.480993	12.6836
	11	dup	0.578315	14.5134
	11	dup	0.66783	16.1965
	11	dup	0.819962	19.0568
	10	crg	0.0228013	23.6147
	10	del	0.112531	28.2302
	10	dup	0.180104	31.7061
	10	crl	0.236265	34.5949
	10	crl	0.266538	36.1521
	10	dup	0.377956	41.8832
	10	del	0.42307	44.2038
	10	crg	0.531954	49.8045
	10	crg	0.569175	51.7191
	10	crl	0.584412	52.5029
	10	crl	0.60496	53.5598
	10	dup	0.680996	57.4709
	10	crg	0.690215	57.9452
	10	crl	0.694638	58.1727
	10	del	0.730838	60.0347
	10	crg	0.738682	60.4382
	10	crl	0.868735	67.1279
	10	del	0.922017	69.8686
	10	crl	0.947164	71.1621
	4	crl	0.0270105	76.1906
	4	crg	0.0450116	77.7306
	4	dup	0.0750462	80.3
	4	crl	0.107641	83.0885
	4	del	0.18999	90.1334
	4	crl	0.196211	90.6656
	4	del	0.196353	90.6778
	4	crl	0.202236	91.1811
	4	crl	0.22434	93.0721
	4	crg	0.236755	94.1341
	4	crg	0.261232	96.2281
	4	wgd	0.278535	97.7084
	4	crg	0.279384	97.781
	4	crl	0.293686	99.0045
	4	crl	0.30973	100.377
	4	crg	0.334042	102.457
	4	del	0.353003	104.079
	4	del	0.362832	104.92
	4	del	0.377371	106.164
	4	dup	0.389046	107.163
	4	dup	0.398294	107.954
	4	dup	0.421151	109.909
	4	del	0.443484	111.82
	4	dup	0.456787	112.958
	4	crg	0.521512	118.495
	4	crg	0.532286	119.417
	4	dup	0.565269	122.238
	4	del	0.609328	126.008
	4	crg	0.623353	127.207
	4	dup	0.667053	130.946
	4	del	0.672764	131.434
	4	del	0.714063	134.968
	4	crg	0.75245	138.252
	4	crl	0.765618	139.378
	4	crg	0.772737	139.987
	4	del	0.775249	140.202
	4	crg	0.780446	140.647
	4	dup	0.969295	156.802
	4	dup	0.984897	158.137

MUTATIONS   (9)  dup, deln, crl, crg, wgd:	16	14	13	16	1
	eid	type	time
	17	del	0.106286	0.126646
	16	del	0.00312497	1.10861
	16	crl	0.0155912	3.08846
	16	crg	0.0418482	7.25851
	16	crl	0.0429723	7.43703
	16	crg	0.0583539	9.8799
	16	crg	0.0881252	14.6081
	16	crl	0.106176	17.4749
	16	crg	0.135831	22.1846
	16	crl	0.144672	23.5888
	16	wgd	0.152393	24.8149
	16	del	0.167745	27.253
	16	del	0.176733	28.6805
	16	dup	0.186845	30.2865
	16	dup	0.188852	30.6053
	16	crg	0.218169	35.2612
	16	crg	0.221003	35.7114
	16	crg	0.231844	37.4331
	16	dup	0.256346	41.3244
	16	del	0.289679	46.6183
	16	dup	0.294241	47.3428
	16	crg	0.308698	49.6388
	16	crl	0.346912	55.7078
	16	crg	0.350512	56.2795
	16	crl	0.366838	58.8725
	16	crl	0.390129	62.5715
	16	dup	0.399146	64.0035
	16	del	0.438698	70.2849
	16	dup	0.439807	70.4611
	16	dup	0.465455	74.5345
	16	crl	0.472573	75.6649
	16	crg	0.475808	76.1787
	16	crg	0.489359	78.3308
	16	crl	0.492185	78.7796
	16	crl	0.503018	80.5002
	16	crg	0.509109	81.4674
	16	dup	0.527189	84.3389
	16	del	0.531554	85.032
	16	del	0.531618	85.0422
	16	crg	0.542293	86.7377
	16	dup	0.58033	92.7786
	16	dup	0.596953	95.4185
	16	del	0.634838	101.435
	16	crl	0.649688	103.794
	16	dup	0.68288	109.065
	16	del	0.683923	109.231
	16	dup	0.719113	114.82
	16	dup	0.73698	117.657
	16	del	0.793033	126.559
	16	dup	0.806197	128.65
	16	crg	0.807656	128.882
	16	del	0.808179	128.965
	16	del	0.817736	130.483
	16	del	0.890923	142.106
	16	crl	0.917941	146.397
	16	crl	0.947437	151.081
	16	crg	0.976965	155.771
	16	dup	0.982197	156.602
	16	dup	0.989892	157.824
	16	crg	0.996779	158.918

MUTATIONS   (10)  dup, deln, crl, crg, wgd:	21	9	18	15	0
	eid	type	time
	18	crl	0.880571	3.21361
	11	crl	0.0247642	4.10573
	11	dup	0.418084	11.5008
	11	crl	0.480993	12.6836
	11	dup	0.578315	14.5134
	11	dup	0.66783	16.1965
	11	dup	0.819962	19.0568
	10	crg	0.0228013	23.6147
	10	del	0.112531	28.2302
	10	dup	0.180104	31.7061
	10	crl	0.236265	34.5949
	10	crl	0.266538	36.1521
	10	dup	0.377956	41.8832
	10	del	0.42307	44.2038
	10	crg	0.531954	49.8045
	10	crg	0.569175	51.7191
	10	crl	0.584412	52.5029
	10	crl	0.60496	53.5598
	10	dup	0.680996	57.4709
	10	crg	0.690215	57.9452
	10	crl	0.694638	58.1727
	10	del	0.730838	60.0347
	10	crg	0.738682	60.4382
	10	crl	0.868735	67.1279
	10	del	0.922017	69.8686
	10	crl	0.947164	71.1621
	3	crl	0.0890776	81.5004
	3	del	0.107918	83.1122
	3	crg	0.167143	88.1788
	3	del	0.169842	88.4098
	3	dup	0.208382	91.7068
	3	crl	0.236342	94.0988
	3	crl	0.241638	94.5519
	3	crl	0.242396	94.6167
	3	dup	0.247812	95.08
	3	crg	0.266683	96.6945
	3	crg	0.275776	97.4724
	3	crl	0.327845	101.927
	3	dup	0.388847	107.146
	3	crg	0.414599	109.349
	3	dup	0.424165	110.167
	3	dup	0.469007	114.003
	3	dup	0.474462	114.47
	3	crg	0.481304	115.055
	3	crg	0.500494	116.697
	3	dup	0.56337	122.076
	3	del	0.578306	123.354
	3	dup	0.588181	124.198
	3	crg	0.636615	128.342
	3	crg	0.639186	128.562
	3	del	0.643269	128.911
	3	del	0.653669	129.801
	3	dup	0.676385	131.744
	3	dup	0.730777	136.397
	3	dup	0.757595	138.692
	3	crl	0.779774	140.589
	3	crg	0.786271	141.145
	3	dup	0.822238	144.222
	3	crg	0.830133	144.897
	3	dup	0.921138	152.683
	3	crl	0.94093	154.376
	3	dup	0.975247	157.312
	3	crl	0.985078	158.153

MUTATIONS   (11)  dup, deln, crl, crg, wgd:	0	0	0	0	0
	eid	type	time

