NODE TIMES:	nid	time
	1	144.192
	2	144.192
	3	144.192
	4	144.192
	5	144.192
	6	144.192
	7	144.192
	8	144.192
	9	144.192
	10	144.192
	11	0
	12	0
	13	69.5507
	14	57.9544
	15	48.78
	16	20.9741
	17	16.0223
	18	8.2505
	19	5.04225
	20	0.854093
	21	0.584987

ANCESTRY    (1)	19 (12 -> 21) 	17 (21 -> 18) 	12 (18 -> 13) 	1 (13 -> 1) 
ANCESTRY    (2)	19 (12 -> 21) 	18 (21 -> 20) 	15 (20 -> 19) 	14 (19 -> 17) 	9 (17 -> 15) 	6 (15 -> 2) 
ANCESTRY    (3)	19 (12 -> 21) 	18 (21 -> 20) 	15 (20 -> 19) 	14 (19 -> 17) 	9 (17 -> 15) 	5 (15 -> 14) 	4 (14 -> 3) 
ANCESTRY    (4)	19 (12 -> 21) 	17 (21 -> 18) 	11 (18 -> 4) 
ANCESTRY    (5)	19 (12 -> 21) 	18 (21 -> 20) 	15 (20 -> 19) 	14 (19 -> 17) 	9 (17 -> 15) 	5 (15 -> 14) 	3 (14 -> 5) 
ANCESTRY    (6)	19 (12 -> 21) 	17 (21 -> 18) 	12 (18 -> 13) 	2 (13 -> 6) 
ANCESTRY    (7)	19 (12 -> 21) 	18 (21 -> 20) 	15 (20 -> 19) 	14 (19 -> 17) 	10 (17 -> 16) 	7 (16 -> 7) 
ANCESTRY    (8)	19 (12 -> 21) 	18 (21 -> 20) 	16 (20 -> 8) 
ANCESTRY    (9)	19 (12 -> 21) 	18 (21 -> 20) 	15 (20 -> 19) 	14 (19 -> 17) 	10 (17 -> 16) 	8 (16 -> 9) 
ANCESTRY    (10)	19 (12 -> 21) 	18 (21 -> 20) 	15 (20 -> 19) 	13 (19 -> 10) 
ANCESTRY    (11)	20 (12 -> 11) 

MUTATIONS   (1)  dup, deln, crl, crg, wgd:	15	20	12	19	0
	eid	type	time
	17	crl	0.182067	1.98063
	17	crg	0.343575	3.21867
	17	crg	0.427249	3.86007
	17	del	0.480938	4.27162
	17	dup	0.522936	4.59356
	17	crg	0.873107	7.2778
	17	crg	0.928413	7.70175
	12	crg	0.0376838	10.5605
	12	del	0.0428281	10.8759
	12	crg	0.117245	15.4377
	12	crl	0.125563	15.9475
	12	crl	0.157017	17.8757
	12	crg	0.173957	18.9141
	12	crg	0.190748	19.9434
	12	crg	0.207729	20.9843
	12	crl	0.251455	23.6647
	12	crg	0.260808	24.2381
	12	crg	0.32973	28.463
	12	crg	0.374236	31.1912
	12	dup	0.431523	34.703
	12	crl	0.475741	37.4135
	12	dup	0.534764	41.0316
	12	del	0.556143	42.3422
	12	del	0.616897	46.0664
	12	dup	0.684019	50.181
	12	del	0.690854	50.6
	12	dup	0.743493	53.8268
	12	dup	0.768769	55.3762
	12	del	0.790291	56.6955
	12	crl	0.816214	58.2846
	12	del	0.849634	60.3333
	12	crg	0.962787	67.2696
	12	del	0.969827	67.7011
	12	crg	0.993743	69.1672
	1	dup	0.0261641	71.5036
	1	dup	0.050983	73.3562
	1	dup	0.0514191	73.3887
	1	del	0.0548115	73.6419
	1	dup	0.062787	74.2372
	1	del	0.0653677	74.4298
	1	crg	0.0740542	75.0782
	1	crl	0.0905509	76.3095
	1	del	0.183833	83.2723
	1	del	0.186008	83.4346
	1	crg	0.231553	86.8341
	1	crg	0.286283	90.9192
	1	del	0.433228	101.887
	1	crg	0.444759	102.748
	1	del	0.492866	106.339
	1	dup	0.511946	107.763
	1	crl	0.514227	107.933
	1	dup	0.520657	108.413
	1	crl	0.638873	117.237
	1	crg	0.670865	119.625
	1	del	0.696071	121.506
	1	del	0.722186	123.456
	1	del	0.75511	125.913
	1	crl	0.757162	126.066
	1	del	0.817744	130.588
	1	crl	0.858676	133.643
	1	dup	0.874513	134.825
	1	dup	0.891045	136.059
	1	del	0.911573	137.592
	1	dup	0.927688	138.794
	1	crl	0.941023	139.79
	1	del	0.994293	143.766

MUTATIONS   (2)  dup, deln, crl, crg, wgd:	22	17	10	11	0
	eid	type	time
	15	dup	0.0328989	0.991879
	14	del	0.0932322	6.06594
	14	del	0.112411	6.27653
	14	crl	0.170644	6.91593
	14	crl	0.409906	9.54302
	14	dup	0.453486	10.0215
	14	dup	0.665769	12.3524
	14	crg	0.868286	14.576
	9	del	0.0934677	19.0841
	9	crg	0.261747	24.5965
	9	dup	0.273041	24.9665
	9	dup	0.372931	28.2387
	9	del	0.395041	28.9629
	9	crl	0.482405	31.8248
	9	del	0.495508	32.254
	9	del	0.592437	35.4292
	9	del	0.715255	39.4524
	9	del	0.721242	39.6486
	9	crg	0.74556	40.4452
	9	del	0.75361	40.7089
	9	crl	0.802888	42.3231
	9	crl	0.982112	48.1941
	6	dup	0.0434926	52.9298
	6	crg	0.0473014	53.2932
	6	dup	0.0626049	54.7533
	6	dup	0.106444	58.936
	6	dup	0.11466	59.7199
	6	del	0.146813	62.7878
	6	crg	0.159223	63.9718
	6	dup	0.170185	65.0177
	6	dup	0.195007	67.3861
	6	dup	0.255994	73.2049
	6	crg	0.256466	73.25
	6	del	0.29631	77.0515
	6	crg	0.30992	78.3501
	6	crl	0.312429	78.5894
	6	crl	0.394279	86.399
	6	dup	0.400931	87.0337
	6	del	0.40294	87.2253
	6	del	0.414262	88.3056
	6	crl	0.419984	88.8515
	6	crg	0.449534	91.6709
	6	crl	0.46379	93.0311
	6	dup	0.473869	93.9928
	6	dup	0.517442	98.1502
	6	dup	0.592292	105.292
	6	crl	0.669771	112.684
	6	crg	0.682053	113.856
	6	dup	0.707105	116.246
	6	del	0.732206	118.641
	6	dup	0.742786	119.651
	6	crg	0.800276	125.136
	6	dup	0.861438	130.972
	6	del	0.863189	131.139
	6	dup	0.863441	131.163
	6	dup	0.902552	134.894
	6	dup	0.945315	138.974
	6	del	0.955279	139.925
	6	crg	0.984921	142.753
	6	del	0.995836	143.795

MUTATIONS   (3)  dup, deln, crl, crg, wgd:	18	22	15	12	1
	eid	type	time
	15	dup	0.0328989	0.991879
	14	del	0.0932322	6.06594
	14	del	0.112411	6.27653
	14	crl	0.170644	6.91593
	14	crl	0.409906	9.54302
	14	dup	0.453486	10.0215
	14	dup	0.665769	12.3524
	14	crg	0.868286	14.576
	9	del	0.0934677	19.0841
	9	crg	0.261747	24.5965
	9	dup	0.273041	24.9665
	9	dup	0.372931	28.2387
	9	del	0.395041	28.9629
	9	crl	0.482405	31.8248
	9	del	0.495508	32.254
	9	del	0.592437	35.4292
	9	del	0.715255	39.4524
	9	del	0.721242	39.6486
	9	crg	0.74556	40.4452
	9	del	0.75361	40.7089
	9	crl	0.802888	42.3231
	9	crl	0.982112	48.1941
	5	dup	0.0888791	49.5954
	5	crg	0.112182	49.8092
	5	crl	0.585697	54.1534
	5	del	0.744414	55.6096
	5	dup	0.786257	55.9934
	5	del	0.83096	56.4036
	4	crg	0.0198056	59.6624
	4	dup	0.0321313	60.7253
	4	del	0.0395991	61.3693
	4	crl	0.0508356	62.3383
	4	dup	0.0613436	63.2445
	4	crl	0.107822	67.2527
	4	dup	0.195249	74.7922
	4	dup	0.209093	75.986
	4	dup	0.221616	77.066
	4	del	0.230668	77.8466
	4	del	0.243177	78.9254
	4	del	0.272676	81.4693
	4	del	0.278283	81.9528
	4	crl	0.279096	82.0229
	4	wgd	0.28038	82.1337
	4	dup	0.293352	83.2524
	4	dup	0.322733	85.7861
	4	crl	0.351793	88.2922
	4	crg	0.375801	90.3626
	4	del	0.378385	90.5854
	4	del	0.403326	92.7362
	4	del	0.455972	97.2763
	4	crg	0.514004	102.281
	4	crg	0.539239	104.457
	4	dup	0.554219	105.749
	4	dup	0.588956	108.745
	4	del	0.661523	115.002
	4	crg	0.661928	115.037
	4	del	0.669141	115.659
	4	dup	0.734459	121.292
	4	crg	0.760026	123.497
	4	crl	0.784139	125.577
	4	dup	0.799813	126.928
	4	crg	0.800185	126.96
	4	crl	0.807185	127.564
	4	crg	0.851452	131.382
	4	crl	0.875811	133.482
	4	crl	0.901694	135.714
	4	crl	0.907806	136.241
	4	del	0.997955	144.016

MUTATIONS   (4)  dup, deln, crl, crg, wgd:	13	12	11	18	0
	eid	type	time
	17	crl	0.182067	1.98063
	17	crg	0.343575	3.21867
	17	crg	0.427249	3.86007
	17	del	0.480938	4.27162
	17	dup	0.522936	4.59356
	17	crg	0.873107	7.2778
	17	crg	0.928413	7.70175
	11	crl	0.0285816	12.1359
	11	crg	0.0307438	12.4299
	11	del	0.0346703	12.9636
	11	crg	0.0460072	14.5048
	11	crg	0.0477761	14.7453
	11	del	0.0595428	16.3448
	11	dup	0.0638031	16.924
	11	crg	0.0743828	18.3622
	11	crg	0.0768098	18.6921
	11	del	0.0912588	20.6564
	11	crg	0.0948424	21.1435
	11	dup	0.112636	23.5624
	11	crg	0.144144	27.8456
	11	crg	0.257009	43.1887
	11	del	0.261867	43.8491
	11	crl	0.281759	46.5532
	11	crl	0.283613	46.8053
	11	crl	0.310033	50.3968
	11	dup	0.390436	61.3269
	11	del	0.400517	62.6973
	11	dup	0.455722	70.202
	11	crl	0.475937	72.9501
	11	del	0.504878	76.8843
	11	crl	0.546792	82.5822
	11	dup	0.570123	85.7538
	11	dup	0.57627	86.5895
	11	dup	0.626222	93.38
	11	del	0.640298	95.2935
	11	crg	0.656393	97.4815
	11	del	0.662924	98.3693
	11	crg	0.682999	101.098
	11	del	0.683505	101.167
	11	crg	0.694127	102.611
	11	dup	0.790007	115.645
	11	dup	0.811932	118.626
	11	crg	0.881712	128.112
	11	del	0.88907	129.112
	11	dup	0.890818	129.35
	11	crl	0.893063	129.655
	11	del	0.899086	130.473
	11	dup	0.917239	132.941
	11	crl	0.918092	133.057
	11	crl	0.919287	133.22
	11	crl	0.925322	134.04
	11	crg	0.941265	136.207
	11	dup	0.945749	136.817
	11	crg	0.948984	137.257

MUTATIONS   (5)  dup, deln, crl, crg, wgd:	16	18	17	13	0
	eid	type	time
	15	dup	0.0328989	0.991879
	14	del	0.0932322	6.06594
	14	del	0.112411	6.27653
	14	crl	0.170644	6.91593
	14	crl	0.409906	9.54302
	14	dup	0.453486	10.0215
	14	dup	0.665769	12.3524
	14	crg	0.868286	14.576
	9	del	0.0934677	19.0841
	9	crg	0.261747	24.5965
	9	dup	0.273041	24.9665
	9	dup	0.372931	28.2387
	9	del	0.395041	28.9629
	9	crl	0.482405	31.8248
	9	del	0.495508	32.254
	9	del	0.592437	35.4292
	9	del	0.715255	39.4524
	9	del	0.721242	39.6486
	9	crg	0.74556	40.4452
	9	del	0.75361	40.7089
	9	crl	0.802888	42.3231
	9	crl	0.982112	48.1941
	5	dup	0.0888791	49.5954
	5	crg	0.112182	49.8092
	5	crl	0.585697	54.1534
	5	del	0.744414	55.6096
	5	dup	0.786257	55.9934
	5	del	0.83096	56.4036
	3	del	0.00729115	58.5832
	3	crg	0.0483718	62.1259
	3	dup	0.0719132	64.156
	3	crg	0.0929167	65.9673
	3	crl	0.141823	70.1849
	3	dup	0.163477	72.0522
	3	crl	0.171793	72.7694
	3	crg	0.265259	80.8297
	3	dup	0.33479	86.8259
	3	crl	0.341261	87.3839
	3	crl	0.380111	90.7343
	3	crl	0.380314	90.7517
	3	crl	0.411121	93.4085
	3	del	0.41156	93.4463
	3	crg	0.454626	97.1602
	3	crl	0.471582	98.6225
	3	dup	0.478792	99.2443
	3	crl	0.503008	101.333
	3	crg	0.549312	105.326
	3	dup	0.559639	106.216
	3	crl	0.57459	107.506
	3	crg	0.598781	109.592
	3	crg	0.632779	112.524
	3	del	0.681909	116.761
	3	dup	0.737392	121.545
	3	dup	0.738867	121.673
	3	crg	0.748547	122.507
	3	crl	0.816515	128.369
	3	del	0.83732	130.163
	3	dup	0.876753	133.563
	3	crg	0.8993	135.508
	3	del	0.905096	136.008
	3	del	0.930707	138.216
	3	dup	0.949588	139.845
	3	del	0.960021	140.744
	3	crl	0.988102	143.166

MUTATIONS   (6)  dup, deln, crl, crg, wgd:	14	16	9	18	0
	eid	type	time
	17	crl	0.182067	1.98063
	17	crg	0.343575	3.21867
	17	crg	0.427249	3.86007
	17	del	0.480938	4.27162
	17	dup	0.522936	4.59356
	17	crg	0.873107	7.2778
	17	crg	0.928413	7.70175
	12	crg	0.0376838	10.5605
	12	del	0.0428281	10.8759
	12	crg	0.117245	15.4377
	12	crl	0.125563	15.9475
	12	crl	0.157017	17.8757
	12	crg	0.173957	18.9141
	12	crg	0.190748	19.9434
	12	crg	0.207729	20.9843
	12	crl	0.251455	23.6647
	12	crg	0.260808	24.2381
	12	crg	0.32973	28.463
	12	crg	0.374236	31.1912
	12	dup	0.431523	34.703
	12	crl	0.475741	37.4135
	12	dup	0.534764	41.0316
	12	del	0.556143	42.3422
	12	del	0.616897	46.0664
	12	dup	0.684019	50.181
	12	del	0.690854	50.6
	12	dup	0.743493	53.8268
	12	dup	0.768769	55.3762
	12	del	0.790291	56.6955
	12	crl	0.816214	58.2846
	12	del	0.849634	60.3333
	12	crg	0.962787	67.2696
	12	del	0.969827	67.7011
	12	crg	0.993743	69.1672
	2	dup	0.0493859	73.2369
	2	del	0.0653713	74.4301
	2	crg	0.129908	79.2472
	2	del	0.138633	79.8984
	2	dup	0.148033	80.6001
	2	dup	0.170572	82.2824
	2	del	0.170629	82.2866
	2	crl	0.257244	88.7517
	2	del	0.364126	96.7295
	2	crg	0.382184	98.0774
	2	dup	0.501622	106.992
	2	del	0.521026	108.441
	2	dup	0.621027	115.905
	2	crg	0.62557	116.244
	2	dup	0.648384	117.947
	2	crl	0.658183	118.678
	2	del	0.669682	119.537
	2	dup	0.690108	121.061
	2	dup	0.826415	131.235
	2	crg	0.870284	134.51
	2	del	0.919761	138.203
	2	del	0.941064	139.793
	2	crl	0.978269	142.57

MUTATIONS   (7)  dup, deln, crl, crg, wgd:	13	14	16	15	1
	eid	type	time
	15	dup	0.0328989	0.991879
	14	del	0.0932322	6.06594
	14	del	0.112411	6.27653
	14	crl	0.170644	6.91593
	14	crl	0.409906	9.54302
	14	dup	0.453486	10.0215
	14	dup	0.665769	12.3524
	14	crg	0.868286	14.576
	7	del	0.00256538	21.2902
	7	crg	0.00813878	21.977
	7	dup	0.0345147	25.227
	7	del	0.0456864	26.6035
	7	del	0.0653708	29.029
	7	dup	0.150842	39.5606
	7	dup	0.158571	40.5129
	7	crg	0.160524	40.7536
	7	crg	0.18584	43.8729
	7	del	0.236658	50.1346
	7	crl	0.269545	54.1869
	7	crg	0.276498	55.0436
	7	crl	0.281945	55.7148
	7	crl	0.29294	57.0695
	7	crl	0.294246	57.2305
	7	del	0.294713	57.288
	7	dup	0.296696	57.5324
	7	crg	0.306591	58.7516
	7	crg	0.371999	66.811
	7	dup	0.387123	68.6746
	7	crl	0.439325	75.1068
	7	del	0.460111	77.668
	7	del	0.498519	82.4005
	7	crl	0.50858	83.6403
	7	crg	0.511236	83.9675
	7	dup	0.554635	89.3151
	7	crg	0.57339	91.626
	7	del	0.579951	92.4345
	7	crg	0.583448	92.8653
	7	crl	0.628153	98.3738
	7	dup	0.629387	98.5258
	7	del	0.633297	99.0076
	7	wgd	0.680865	104.869
	7	crl	0.689656	105.952
	7	crg	0.707309	108.127
	7	del	0.73699	111.784
	7	crl	0.744194	112.672
	7	crl	0.747488	113.078
	7	dup	0.765224	115.263
	7	crl	0.767001	115.482
	7	dup	0.786405	117.873
	7	crl	0.789937	118.308
	7	dup	0.822364	122.304
	7	crl	0.861816	127.165
	7	crg	0.868685	128.012
	7	del	0.886764	130.239
	7	crg	0.902526	132.181
	7	del	0.944588	137.364
	7	crg	0.948561	137.854
	7	crl	0.953134	138.417
	7	crg	0.97126	140.651

MUTATIONS   (8)  dup, deln, crl, crg, wgd:	13	22	19	13	0
	eid	type	time
	16	crg	0.0177924	3.40442
	16	del	0.0180701	3.44423
	16	crl	0.0227485	4.11481
	16	crg	0.0376537	6.25129
	16	crl	0.0515001	8.236
	16	crg	0.0680918	10.6142
	16	del	0.0749717	11.6004
	16	dup	0.082164	12.6313
	16	crg	0.0876767	13.4215
	16	del	0.093044	14.1908
	16	del	0.0966059	14.7014
	16	crg	0.100045	15.1943
	16	crg	0.111516	16.8385
	16	del	0.121329	18.2451
	16	dup	0.12331	18.529
	16	crg	0.124045	18.6345
	16	del	0.128845	19.3225
	16	dup	0.148988	22.2097
	16	dup	0.164298	24.4043
	16	del	0.167173	24.8163
	16	crl	0.176286	26.1225
	16	del	0.184027	27.2321
	16	dup	0.203113	29.9679
	16	crg	0.220648	32.4813
	16	crg	0.260902	38.2513
	16	crl	0.265228	38.8713
	16	del	0.265678	38.9358
	16	del	0.271628	39.7886
	16	dup	0.287666	42.0876
	16	del	0.288619	42.2241
	16	dup	0.294456	43.0608
	16	dup	0.328588	47.9532
	16	dup	0.334802	48.8439
	16	del	0.34866	50.8303
	16	del	0.353073	51.4628
	16	crg	0.357486	52.0954
	16	crl	0.393216	57.2169
	16	crl	0.399364	58.098
	16	del	0.411576	59.8485
	16	del	0.418657	60.8634
	16	crl	0.432038	62.7815
	16	crl	0.436675	63.4462
	16	dup	0.460146	66.8104
	16	crl	0.460342	66.8385
	16	del	0.475761	69.0486
	16	del	0.520721	75.4931
	16	crg	0.52794	76.5279
	16	crl	0.528605	76.6232
	16	crl	0.575239	83.3076
	16	dup	0.621504	89.9392
	16	del	0.62364	90.2454
	16	dup	0.640457	92.6558
	16	crl	0.6413	92.7766
	16	crl	0.658172	95.195
	16	crl	0.665958	96.311
	16	crl	0.681765	98.5768
	16	del	0.687609	99.4145
	16	dup	0.712027	102.915
	16	del	0.712863	103.034
	16	crl	0.761577	110.017
	16	crg	0.771804	111.483
	16	crl	0.80161	115.755
	16	crl	0.818484	118.174
	16	del	0.83743	120.89
	16	crl	0.842507	121.617
	16	crg	0.858475	123.906
	16	del	0.960762	138.568

MUTATIONS   (9)  dup, deln, crl, crg, wgd:	15	18	16	14	0
	eid	type	time
	15	dup	0.0328989	0.991879
	14	del	0.0932322	6.06594
	14	del	0.112411	6.27653
	14	crl	0.170644	6.91593
	14	crl	0.409906	9.54302
	14	dup	0.453486	10.0215
	14	dup	0.665769	12.3524
	14	crg	0.868286	14.576
	8	crl	0.0193102	23.3535
	8	dup	0.0291541	24.5664
	8	crl	0.0380656	25.6645
	8	dup	0.0487644	26.9828
	8	del	0.054108	27.6412
	8	del	0.0931232	32.4486
	8	crg	0.119944	35.7533
	8	crl	0.124643	36.3323
	8	crl	0.133213	37.3884
	8	dup	0.133366	37.4072
	8	del	0.143293	38.6304
	8	dup	0.17217	42.1886
	8	del	0.173806	42.3902
	8	crg	0.186138	43.9096
	8	crl	0.199948	45.6112
	8	crl	0.213682	47.3035
	8	del	0.231431	49.4906
	8	dup	0.233119	49.6986
	8	del	0.239913	50.5356
	8	crl	0.24032	50.5858
	8	crg	0.242125	50.8083
	8	crg	0.261298	53.1707
	8	del	0.271822	54.4674
	8	crl	0.338792	62.7193
	8	dup	0.395776	69.7408
	8	crl	0.408663	71.3287
	8	del	0.458884	77.5168
	8	crg	0.469662	78.8449
	8	crg	0.500189	82.6063
	8	crg	0.512348	84.1046
	8	dup	0.521662	85.2522
	8	dup	0.533939	86.765
	8	dup	0.537058	87.1493
	8	del	0.539875	87.4964
	8	dup	0.562938	90.3381
	8	crg	0.56592	90.7056
	8	del	0.59791	94.6473
	8	del	0.638338	99.6288
	8	del	0.675192	104.17
	8	crl	0.701773	107.445
	8	del	0.711515	108.645
	8	crl	0.726157	110.45
	8	crl	0.736568	111.732
	8	del	0.748749	113.233
	8	del	0.750404	113.437
	8	dup	0.801581	119.743
	8	crg	0.817376	121.689
	8	crg	0.83517	123.882
	8	crg	0.934235	136.089
	8	crg	0.934564	136.129
	8	crl	0.955356	138.691
	8	crg	0.961632	139.464
	8	del	0.982664	142.056
	8	crl	0.988171	142.734
	8	dup	0.994735	143.543

MUTATIONS   (10)  dup, deln, crl, crg, wgd:	20	12	12	9	0
	eid	type	time
	15	dup	0.0328989	0.991879
	13	crg	0.109576	20.2897
	13	crl	0.121243	21.9132
	13	crg	0.122166	22.0416
	13	dup	0.122525	22.0915
	13	dup	0.122777	22.1267
	13	crl	0.163281	27.7627
	13	dup	0.175863	29.5135
	13	del	0.185391	30.8394
	13	dup	0.199542	32.8085
	13	dup	0.23893	38.2893
	13	crl	0.240967	38.5728
	13	crg	0.299252	46.6831
	13	crg	0.30838	47.9533
	13	dup	0.336784	51.9057
	13	dup	0.360386	55.1898
	13	dup	0.364361	55.7429
	13	del	0.434914	65.5604
	13	crl	0.465012	69.7485
	13	dup	0.477796	71.5274
	13	dup	0.507804	75.703
	13	del	0.519766	77.3675
	13	dup	0.577409	85.3885
	13	del	0.585799	86.556
	13	crg	0.594372	87.7489
	13	dup	0.598553	88.3307
	13	dup	0.624738	91.9743
	13	dup	0.637531	93.7544
	13	crl	0.67899	99.5234
	13	del	0.680313	99.7076
	13	crg	0.708742	103.663
	13	del	0.742811	108.404
	13	dup	0.7544	110.017
	13	dup	0.773152	112.626
	13	dup	0.777633	113.25
	13	crl	0.789884	114.954
	13	crl	0.792383	115.302
	13	del	0.797446	116.007
	13	del	0.809184	117.64
	13	del	0.853738	123.84
	13	crg	0.861058	124.858
	13	del	0.87233	126.427
	13	crl	0.897013	129.861
	13	crl	0.898025	130.002
	13	dup	0.905298	131.014
	13	del	0.908068	131.4
	13	crl	0.914554	132.302
	13	dup	0.925555	133.833
	13	del	0.937663	135.518
	13	crg	0.942826	136.236
	13	crl	0.943337	136.307
	13	crl	0.991938	143.07
	13	crg	0.998937	144.044

MUTATIONS   (11)  dup, deln, crl, crg, wgd:	0	0	0	0	0
	eid	type	time

