NODE TIMES:	nid	time
	1	92.9091
	2	92.9091
	3	92.9091
	4	92.9091
	5	92.9091
	6	92.9091
	7	92.9091
	8	92.9091
	9	92.9091
	10	92.9091
	11	0
	12	0
	13	78.4204
	14	50.226
	15	27.3009
	16	24.2875
	17	18.6306
	18	17.4637
	19	3.75632
	20	2.05704
	21	0.723503

ANCESTRY    (1)	19 (12 -> 21) 	18 (21 -> 20) 	16 (20 -> 18) 	12 (18 -> 16) 	7 (16 -> 1) 
ANCESTRY    (2)	19 (12 -> 21) 	17 (21 -> 19) 	14 (19 -> 15) 	6 (15 -> 2) 
ANCESTRY    (3)	19 (12 -> 21) 	18 (21 -> 20) 	16 (20 -> 18) 	11 (18 -> 13) 	2 (13 -> 3) 
ANCESTRY    (4)	19 (12 -> 21) 	17 (21 -> 19) 	13 (19 -> 4) 
ANCESTRY    (5)	19 (12 -> 21) 	18 (21 -> 20) 	15 (20 -> 17) 	9 (17 -> 14) 	4 (14 -> 5) 
ANCESTRY    (6)	19 (12 -> 21) 	18 (21 -> 20) 	15 (20 -> 17) 	9 (17 -> 14) 	3 (14 -> 6) 
ANCESTRY    (7)	19 (12 -> 21) 	17 (21 -> 19) 	14 (19 -> 15) 	5 (15 -> 7) 
ANCESTRY    (8)	19 (12 -> 21) 	18 (21 -> 20) 	16 (20 -> 18) 	12 (18 -> 16) 	8 (16 -> 8) 
ANCESTRY    (9)	19 (12 -> 21) 	18 (21 -> 20) 	15 (20 -> 17) 	10 (17 -> 9) 
ANCESTRY    (10)	19 (12 -> 21) 	18 (21 -> 20) 	16 (20 -> 18) 	11 (18 -> 13) 	1 (13 -> 10) 
ANCESTRY    (11)	20 (12 -> 11) 

MUTATIONS   (1)  dup, deln, crl, crg, wgd:	9	9	7	6	0
	eid	type	time
	19	crl	0.240337	0.173885
	16	del	0.358374	7.57838
	16	crg	0.47496	9.37459
	16	crg	0.645353	11.9998
	16	crl	0.677648	12.4973
	16	del	0.913577	16.1322
	12	dup	0.0148396	17.565
	12	crl	0.209986	18.8966
	12	crg	0.826104	23.1008
	7	del	0.124287	32.8163
	7	crg	0.165221	35.6252
	7	dup	0.262479	42.2992
	7	del	0.268069	42.6828
	7	crg	0.284792	43.8303
	7	crl	0.302532	45.0477
	7	dup	0.316412	46.0002
	7	dup	0.341962	47.7535
	7	del	0.35817	48.8657
	7	crl	0.453364	55.3981
	7	del	0.516174	59.7082
	7	crl	0.574365	63.7014
	7	dup	0.588825	64.6936
	7	dup	0.602352	65.6219
	7	del	0.613333	66.3754
	7	dup	0.665151	69.9312
	7	dup	0.787709	78.3414
	7	crl	0.792433	78.6656
	7	del	0.81401	80.1462
	7	crg	0.827776	81.0908
	7	del	0.902932	86.2481
	7	dup	0.920252	87.4367

MUTATIONS   (2)  dup, deln, crl, crg, wgd:	9	6	16	12	0
	eid	type	time
	19	crl	0.240337	0.173885
	17	crg	0.224911	1.40562
	17	crl	0.981572	3.70043
	14	del	0.0846598	5.7496
	14	crg	0.159612	7.51431
	14	del	0.190379	8.23872
	14	crl	0.233297	9.2492
	14	dup	0.263422	9.95847
	14	dup	0.26893	10.0882
	14	del	0.375292	12.5924
	14	dup	0.376529	12.6215
	14	crg	0.496809	15.4535
	14	dup	0.610844	18.1384
	14	crl	0.611702	18.1586
	14	dup	0.630948	18.6117
	14	del	0.76752	21.8272
	14	crg	0.788439	22.3198
	14	del	0.81317	22.902
	14	crl	0.814324	22.9292
	14	crl	0.856712	23.9272
	6	dup	0.00534591	27.6516
	6	crg	0.00915537	27.9015
	6	dup	0.0757858	32.2731
	6	crl	0.118813	35.096
	6	crl	0.150193	37.1548
	6	crg	0.248812	43.625
	6	crg	0.310277	47.6576
	6	crg	0.314733	47.95
	6	crl	0.328828	48.8747
	6	crl	0.34471	49.9167
	6	crl	0.464431	57.7714
	6	crg	0.63243	68.7935
	6	crl	0.645315	69.6389
	6	crg	0.742763	76.0323
	6	crl	0.745544	76.2147
	6	dup	0.75189	76.631
	6	dup	0.776332	78.2347
	6	crg	0.836134	82.1582
	6	crl	0.878807	84.9579
	6	crl	0.888654	85.6039
	6	crl	0.904052	86.6142
	6	del	0.91717	87.4748
	6	crg	0.977107	91.4071

MUTATIONS   (3)  dup, deln, crl, crg, wgd:	3	7	13	10	0
	eid	type	time
	19	crl	0.240337	0.173885
	16	del	0.358374	7.57838
	16	crg	0.47496	9.37459
	16	crg	0.645353	11.9998
	16	crl	0.677648	12.4973
	16	del	0.913577	16.1322
	11	crl	0.0160374	18.4413
	11	crl	0.0385708	19.8148
	11	crg	0.0665041	21.5176
	11	crg	0.0869552	22.7642
	11	crg	0.0907873	22.9978
	11	crl	0.0919854	23.0708
	11	del	0.100427	23.5854
	11	crl	0.128038	25.2684
	11	crg	0.163289	27.4173
	11	crg	0.191863	29.159
	11	crl	0.212824	30.4368
	11	crg	0.275143	34.2355
	11	del	0.288056	35.0226
	11	crl	0.385383	40.9553
	11	dup	0.396158	41.6122
	11	del	0.480798	46.7716
	11	crg	0.610131	54.6553
	11	dup	0.689103	59.4691
	11	crl	0.768968	64.3375
	2	crg	0.358949	83.6211
	2	crl	0.389613	84.0654
	2	crl	0.497413	85.6273
	2	dup	0.566669	86.6307
	2	del	0.691712	88.4424
	2	crl	0.708453	88.685
	2	crl	0.751375	89.3069
	2	del	0.916188	91.6948

MUTATIONS   (4)  dup, deln, crl, crg, wgd:	11	10	16	7	0
	eid	type	time
	19	crl	0.240337	0.173885
	17	crg	0.224911	1.40562
	17	crl	0.981572	3.70043
	13	del	0.0243495	5.92715
	13	crl	0.0261591	6.08848
	13	dup	0.0984482	12.5333
	13	del	0.110115	13.5734
	13	del	0.115566	14.0594
	13	crl	0.17475	19.3358
	13	crl	0.180759	19.8715
	13	crl	0.201501	21.7207
	13	del	0.286069	29.2602
	13	dup	0.302289	30.7062
	13	dup	0.312043	31.5759
	13	crl	0.328834	33.0728
	13	del	0.330693	33.2386
	13	crg	0.344943	34.509
	13	crl	0.367716	36.5393
	13	crl	0.370188	36.7597
	13	crl	0.424862	41.634
	13	dup	0.425597	41.6995
	13	crg	0.426248	41.7576
	13	crl	0.463986	45.1219
	13	dup	0.483085	46.8247
	13	crl	0.487376	47.2073
	13	crg	0.498474	48.1967
	13	del	0.532598	51.2389
	13	crl	0.57159	54.7152
	13	dup	0.634431	60.3176
	13	del	0.63862	60.6911
	13	crg	0.703224	66.4507
	13	dup	0.704849	66.5956
	13	del	0.712689	67.2945
	13	dup	0.724806	68.3748
	13	crl	0.725644	68.4495
	13	crl	0.72678	68.5508
	13	dup	0.776154	72.9526
	13	crg	0.860752	80.4948
	13	crg	0.869883	81.3088
	13	dup	0.887939	82.9186
	13	del	0.889231	83.0337
	13	dup	0.892854	83.3568
	13	del	0.945412	88.0424
	13	crl	0.996261	92.5758

MUTATIONS   (5)  dup, deln, crl, crg, wgd:	2	4	9	15	0
	eid	type	time
	19	crl	0.240337	0.173885
	15	crl	0.136485	4.31908
	15	del	0.629887	12.4965
	15	crg	0.637199	12.6177
	15	crg	0.905747	17.0685
	9	del	0.00437803	18.7689
	9	crl	0.082998	21.253
	9	dup	0.125501	22.5959
	9	del	0.195489	24.8072
	9	crg	0.343304	29.4774
	9	crg	0.522868	35.1508
	9	crg	0.57792	36.8902
	9	crg	0.607617	37.8285
	9	crg	0.649537	39.153
	9	crl	0.702773	40.835
	4	crg	0.00812604	50.5729
	4	crg	0.154448	56.8184
	4	crg	0.239302	60.4402
	4	crg	0.240815	60.5048
	4	del	0.373124	66.1521
	4	crl	0.382213	66.5401
	4	crl	0.395486	67.1066
	4	dup	0.416628	68.009
	4	crg	0.603191	75.9721
	4	crg	0.627451	77.0076
	4	crg	0.634852	77.3235
	4	crl	0.682143	79.342
	4	crl	0.685739	79.4955
	4	crg	0.834524	85.8461
	4	crl	0.86999	87.3599

MUTATIONS   (6)  dup, deln, crl, crg, wgd:	5	5	6	11	0
	eid	type	time
	19	crl	0.240337	0.173885
	15	crl	0.136485	4.31908
	15	del	0.629887	12.4965
	15	crg	0.637199	12.6177
	15	crg	0.905747	17.0685
	9	del	0.00437803	18.7689
	9	crl	0.082998	21.253
	9	dup	0.125501	22.5959
	9	del	0.195489	24.8072
	9	crg	0.343304	29.4774
	9	crg	0.522868	35.1508
	9	crg	0.57792	36.8902
	9	crg	0.607617	37.8285
	9	crg	0.649537	39.153
	9	crl	0.702773	40.835
	3	dup	0.0375604	51.8292
	3	crg	0.172732	57.5988
	3	crg	0.184601	58.1054
	3	crl	0.256934	61.1928
	3	dup	0.408754	67.6729
	3	crg	0.483909	70.8808
	3	crg	0.56175	74.2032
	3	del	0.56396	74.2976
	3	dup	0.609655	76.248
	3	del	0.738085	81.7298
	3	dup	0.814502	84.9915
	3	crl	0.901978	88.7252

MUTATIONS   (7)  dup, deln, crl, crg, wgd:	12	9	12	9	0
	eid	type	time
	19	crl	0.240337	0.173885
	17	crg	0.224911	1.40562
	17	crl	0.981572	3.70043
	14	del	0.0846598	5.7496
	14	crg	0.159612	7.51431
	14	del	0.190379	8.23872
	14	crl	0.233297	9.2492
	14	dup	0.263422	9.95847
	14	dup	0.26893	10.0882
	14	del	0.375292	12.5924
	14	dup	0.376529	12.6215
	14	crg	0.496809	15.4535
	14	dup	0.610844	18.1384
	14	crl	0.611702	18.1586
	14	dup	0.630948	18.6117
	14	del	0.76752	21.8272
	14	crg	0.788439	22.3198
	14	del	0.81317	22.902
	14	crl	0.814324	22.9292
	14	crl	0.856712	23.9272
	5	crl	0.0580071	31.1066
	5	dup	0.0642266	31.5147
	5	crl	0.242842	43.2333
	5	del	0.285132	46.0079
	5	crg	0.302358	47.138
	5	crl	0.378588	52.1394
	5	dup	0.398437	53.4417
	5	crg	0.399848	53.5342
	5	crl	0.405599	53.9115
	5	crg	0.414233	54.478
	5	del	0.448736	56.7417
	5	crl	0.474825	58.4533
	5	dup	0.523106	61.6209
	5	crg	0.633861	68.8874
	5	dup	0.670703	71.3045
	5	dup	0.703616	73.4639
	5	dup	0.724472	74.8322
	5	del	0.775826	78.2014
	5	del	0.812123	80.5829
	5	dup	0.819492	81.0663
	5	crg	0.95319	89.838
	5	crl	0.977649	91.4428

MUTATIONS   (8)  dup, deln, crl, crg, wgd:	6	9	9	9	1
	eid	type	time
	19	crl	0.240337	0.173885
	16	del	0.358374	7.57838
	16	crg	0.47496	9.37459
	16	crg	0.645353	11.9998
	16	crl	0.677648	12.4973
	16	del	0.913577	16.1322
	12	dup	0.0148396	17.565
	12	crl	0.209986	18.8966
	12	crg	0.826104	23.1008
	8	crg	0.00877939	24.8899
	8	crg	0.038033	26.8974
	8	dup	0.0444873	27.3403
	8	del	0.0817497	29.8973
	8	del	0.0974621	30.9755
	8	del	0.102881	31.3473
	8	del	0.150124	34.5892
	8	del	0.252589	41.6205
	8	wgd	0.274457	43.1212
	8	crl	0.370271	49.6961
	8	crl	0.402928	51.9371
	8	dup	0.449117	55.1066
	8	crl	0.488699	57.8228
	8	crg	0.548421	61.921
	8	crl	0.588773	64.6901
	8	crg	0.601334	65.552
	8	del	0.672912	70.4638
	8	dup	0.714443	73.3137
	8	del	0.732933	74.5826
	8	crl	0.771503	77.2293
	8	dup	0.846853	82.3999
	8	crg	0.894605	85.6767
	8	dup	0.918618	87.3246
	8	crg	0.92328	87.6445
	8	crl	0.949805	89.4647

MUTATIONS   (9)  dup, deln, crl, crg, wgd:	4	5	7	11	0
	eid	type	time
	19	crl	0.240337	0.173885
	15	crl	0.136485	4.31908
	15	del	0.629887	12.4965
	15	crg	0.637199	12.6177
	15	crg	0.905747	17.0685
	10	crg	0.0847292	24.9242
	10	dup	0.100853	26.1218
	10	crg	0.142413	29.2088
	10	del	0.150305	29.795
	10	crg	0.160836	30.5773
	10	crl	0.223309	35.2177
	10	crg	0.228336	35.591
	10	crg	0.263841	38.2283
	10	dup	0.277677	39.2561
	10	del	0.297703	40.7435
	10	crl	0.341921	44.028
	10	dup	0.342019	44.0353
	10	crl	0.349223	44.5704
	10	crl	0.359074	45.3021
	10	dup	0.404665	48.6885
	10	crg	0.440484	51.3491
	10	crl	0.611916	64.0829
	10	crg	0.819413	79.4954
	10	del	0.886123	84.4505
	10	crg	0.886523	84.4802
	10	del	0.913785	86.5052
	10	crg	0.940244	88.4706

MUTATIONS   (10)  dup, deln, crl, crg, wgd:	3	7	13	12	0
	eid	type	time
	19	crl	0.240337	0.173885
	16	del	0.358374	7.57838
	16	crg	0.47496	9.37459
	16	crg	0.645353	11.9998
	16	crl	0.677648	12.4973
	16	del	0.913577	16.1322
	11	crl	0.0160374	18.4413
	11	crl	0.0385708	19.8148
	11	crg	0.0665041	21.5176
	11	crg	0.0869552	22.7642
	11	crg	0.0907873	22.9978
	11	crl	0.0919854	23.0708
	11	del	0.100427	23.5854
	11	crl	0.128038	25.2684
	11	crg	0.163289	27.4173
	11	crg	0.191863	29.159
	11	crl	0.212824	30.4368
	11	crg	0.275143	34.2355
	11	del	0.288056	35.0226
	11	crl	0.385383	40.9553
	11	dup	0.396158	41.6122
	11	del	0.480798	46.7716
	11	crg	0.610131	54.6553
	11	dup	0.689103	59.4691
	11	crl	0.768968	64.3375
	1	crl	0.285352	82.5548
	1	del	0.5272	86.0588
	1	crl	0.564489	86.5991
	1	del	0.567765	86.6466
	1	crg	0.634669	87.6159
	1	crg	0.708469	88.6852
	1	crl	0.718327	88.828
	1	crg	0.737265	89.1024
	1	crl	0.918174	91.7236
	1	dup	0.977226	92.5792

MUTATIONS   (11)  dup, deln, crl, crg, wgd:	0	0	0	0	0
	eid	type	time

