NODE TIMES:	nid	time
	1	62.3792
	2	62.3792
	3	62.3792
	4	62.3792
	5	62.3792
	6	62.3792
	7	62.3792
	8	62.3792
	9	62.3792
	10	62.3792
	11	0
	12	0
	13	54.0007
	14	51.7095
	15	41.8456
	16	14.6957
	17	9.06542
	18	5.62493
	19	4.92998
	20	2.48018
	21	1.28043

ANCESTRY    (1)	19 (12 -> 21) 	18 (21 -> 20) 	16 (20 -> 19) 	14 (19 -> 18) 	11 (18 -> 16) 	8 (16 -> 1) 
ANCESTRY    (2)	19 (12 -> 21) 	18 (21 -> 20) 	16 (20 -> 19) 	14 (19 -> 18) 	11 (18 -> 16) 	7 (16 -> 15) 	5 (15 -> 2) 
ANCESTRY    (3)	19 (12 -> 21) 	18 (21 -> 20) 	16 (20 -> 19) 	14 (19 -> 18) 	12 (18 -> 3) 
ANCESTRY    (4)	19 (12 -> 21) 	18 (21 -> 20) 	16 (20 -> 19) 	14 (19 -> 18) 	11 (18 -> 16) 	7 (16 -> 15) 	6 (15 -> 4) 
ANCESTRY    (5)	19 (12 -> 21) 	18 (21 -> 20) 	16 (20 -> 19) 	13 (19 -> 17) 	9 (17 -> 14) 	4 (14 -> 13) 	2 (13 -> 5) 
ANCESTRY    (6)	19 (12 -> 21) 	18 (21 -> 20) 	16 (20 -> 19) 	13 (19 -> 17) 	9 (17 -> 14) 	3 (14 -> 6) 
ANCESTRY    (7)	19 (12 -> 21) 	18 (21 -> 20) 	16 (20 -> 19) 	13 (19 -> 17) 	9 (17 -> 14) 	4 (14 -> 13) 	1 (13 -> 7) 
ANCESTRY    (8)	19 (12 -> 21) 	18 (21 -> 20) 	15 (20 -> 8) 
ANCESTRY    (9)	19 (12 -> 21) 	18 (21 -> 20) 	16 (20 -> 19) 	13 (19 -> 17) 	10 (17 -> 9) 
ANCESTRY    (10)	19 (12 -> 21) 	17 (21 -> 10) 
ANCESTRY    (11)	20 (12 -> 11) 

MUTATIONS   (1)  dup, deln, crl, crg, wgd:	8	9	5	3	1
	eid	type	time
	11	dup	0.0652403	6.21672
	11	del	0.259096	7.97514
	11	dup	0.609749	11.1559
	11	crg	0.755589	12.4787
	11	dup	0.978952	14.5048
	8	del	0.0604208	17.5768
	8	wgd	0.134578	21.1129
	8	del	0.182957	23.4198
	8	dup	0.185738	23.5524
	8	del	0.266979	27.4262
	8	crg	0.318486	29.8823
	8	del	0.320431	29.975
	8	crl	0.381328	32.8788
	8	dup	0.413487	34.4122
	8	crl	0.522963	39.6324
	8	crl	0.555167	41.168
	8	dup	0.572686	42.0034
	8	crl	0.593738	43.0073
	8	dup	0.645598	45.4801
	8	del	0.656639	46.0066
	8	crg	0.684506	47.3354
	8	del	0.740291	49.9954
	8	dup	0.845688	55.0211
	8	crl	0.922025	58.6611
	8	del	0.936938	59.3722
	8	del	0.981765	61.5097

MUTATIONS   (2)  dup, deln, crl, crg, wgd:	6	7	10	7	0
	eid	type	time
	11	dup	0.0652403	6.21672
	11	del	0.259096	7.97514
	11	dup	0.609749	11.1559
	11	crg	0.755589	12.4787
	11	dup	0.978952	14.5048
	7	del	0.0497848	16.0474
	7	del	0.0552222	16.195
	7	crl	0.237183	21.1352
	7	crg	0.241712	21.2582
	7	crl	0.294526	22.6921
	7	crg	0.389243	25.2636
	7	crl	0.486024	27.8912
	7	crl	0.562016	29.9544
	7	crg	0.572235	30.2319
	7	dup	0.602133	31.0436
	7	del	0.65779	32.5547
	7	crl	0.660255	32.6216
	7	crg	0.850924	37.7982
	7	del	0.956275	40.6585
	7	crg	0.976992	41.221
	5	del	0.0459917	42.79
	5	crg	0.117011	44.2483
	5	crl	0.247102	46.9195
	5	crl	0.26626	47.3129
	5	dup	0.34549	48.9398
	5	crl	0.484472	51.7936
	5	crl	0.724586	56.724
	5	crl	0.784342	57.951
	5	del	0.938996	61.1266
	5	dup	0.987702	62.1267

MUTATIONS   (3)  dup, deln, crl, crg, wgd:	5	8	9	7	1
	eid	type	time
	12	crl	0.0018104	5.72768
	12	crg	0.0137454	6.40505
	12	crg	0.124629	12.6982
	12	crl	0.181788	15.9422
	12	crl	0.184022	16.069
	12	crl	0.231993	18.7915
	12	dup	0.26557	20.6972
	12	del	0.288727	22.0115
	12	crl	0.363011	26.2274
	12	crg	0.397791	28.2013
	12	del	0.400141	28.3346
	12	crg	0.411752	28.9936
	12	crl	0.477838	32.7443
	12	del	0.484305	33.1113
	12	crg	0.559518	37.38
	12	dup	0.562989	37.577
	12	wgd	0.58985	39.1015
	12	crl	0.6045	39.9329
	12	dup	0.629229	41.3364
	12	del	0.63193	41.4897
	12	del	0.635697	41.7035
	12	del	0.706109	45.6997
	12	del	0.718704	46.4145
	12	crg	0.732471	47.1958
	12	crl	0.74447	47.8768
	12	crl	0.770789	49.3705
	12	crg	0.836786	53.1161
	12	dup	0.83963	53.2775
	12	dup	0.88055	55.5999
	12	del	0.948701	59.4678

MUTATIONS   (4)  dup, deln, crl, crg, wgd:	7	5	5	7	0
	eid	type	time
	11	dup	0.0652403	6.21672
	11	del	0.259096	7.97514
	11	dup	0.609749	11.1559
	11	crg	0.755589	12.4787
	11	dup	0.978952	14.5048
	7	del	0.0497848	16.0474
	7	del	0.0552222	16.195
	7	crl	0.237183	21.1352
	7	crg	0.241712	21.2582
	7	crl	0.294526	22.6921
	7	crg	0.389243	25.2636
	7	crl	0.486024	27.8912
	7	crl	0.562016	29.9544
	7	crg	0.572235	30.2319
	7	dup	0.602133	31.0436
	7	del	0.65779	32.5547
	7	crl	0.660255	32.6216
	7	crg	0.850924	37.7982
	7	del	0.956275	40.6585
	7	crg	0.976992	41.221
	6	dup	0.0648619	43.1775
	6	dup	0.126993	44.4532
	6	crg	0.942028	61.1888
	6	dup	0.971598	61.796

MUTATIONS   (5)  dup, deln, crl, crg, wgd:	1	4	9	7	0
	eid	type	time
	13	crg	0.0660468	5.20312
	13	crl	0.354219	6.39484
	9	crl	0.0435209	10.9213
	9	crl	0.155063	15.6779
	9	crg	0.200664	17.6226
	9	crl	0.26061	20.1789
	9	del	0.319269	22.6803
	9	del	0.334785	23.342
	9	crl	0.394114	25.872
	9	crl	0.446592	28.1099
	9	crl	0.448417	28.1878
	9	dup	0.452478	28.3609
	9	crg	0.500529	30.41
	9	crg	0.597513	34.5458
	9	crg	0.623623	35.6592
	9	del	0.702784	39.035
	9	crl	0.722529	39.877
	9	crg	0.908795	47.8201
	9	crl	0.956692	49.8626
	2	crg	0.168505	55.4125
	2	del	0.485658	58.0698

MUTATIONS   (6)  dup, deln, crl, crg, wgd:	2	4	10	8	0
	eid	type	time
	13	crg	0.0660468	5.20312
	13	crl	0.354219	6.39484
	9	crl	0.0435209	10.9213
	9	crl	0.155063	15.6779
	9	crg	0.200664	17.6226
	9	crl	0.26061	20.1789
	9	del	0.319269	22.6803
	9	del	0.334785	23.342
	9	crl	0.394114	25.872
	9	crl	0.446592	28.1099
	9	crl	0.448417	28.1878
	9	dup	0.452478	28.3609
	9	crg	0.500529	30.41
	9	crg	0.597513	34.5458
	9	crg	0.623623	35.6592
	9	del	0.702784	39.035
	9	crl	0.722529	39.877
	9	crg	0.908795	47.8201
	9	crl	0.956692	49.8626
	3	crg	0.274869	54.6422
	3	crg	0.34519	55.3926
	3	del	0.348158	55.4242
	3	crl	0.39434	55.917
	3	dup	0.507518	57.1246

MUTATIONS   (7)  dup, deln, crl, crg, wgd:	2	3	10	7	0
	eid	type	time
	13	crg	0.0660468	5.20312
	13	crl	0.354219	6.39484
	9	crl	0.0435209	10.9213
	9	crl	0.155063	15.6779
	9	crg	0.200664	17.6226
	9	crl	0.26061	20.1789
	9	del	0.319269	22.6803
	9	del	0.334785	23.342
	9	crl	0.394114	25.872
	9	crl	0.446592	28.1099
	9	crl	0.448417	28.1878
	9	dup	0.452478	28.3609
	9	crg	0.500529	30.41
	9	crg	0.597513	34.5458
	9	crg	0.623623	35.6592
	9	del	0.702784	39.035
	9	crl	0.722529	39.877
	9	crg	0.908795	47.8201
	9	crl	0.956692	49.8626
	1	dup	0.0187303	54.1576
	1	crl	0.506477	58.2442
	1	crg	0.548633	58.5974

MUTATIONS   (8)  dup, deln, crl, crg, wgd:	4	4	5	4	0
	eid	type	time
	15	crg	0.0219686	3.79608
	15	del	0.104972	8.76789
	15	crg	0.165729	12.4072
	15	crl	0.202443	14.6063
	15	dup	0.255038	17.7567
	15	dup	0.281306	19.3301
	15	del	0.326615	22.0441
	15	dup	0.378562	25.1557
	15	crg	0.436414	28.621
	15	del	0.487766	31.6969
	15	crl	0.596314	38.1988
	15	crl	0.608621	38.936
	15	dup	0.635402	40.5401
	15	crl	0.683861	43.4428
	15	crl	0.688264	43.7066
	15	crg	0.78342	49.4063
	15	del	0.823512	51.8078

MUTATIONS   (9)  dup, deln, crl, crg, wgd:	8	5	7	6	0
	eid	type	time
	13	crg	0.0660468	5.20312
	13	crl	0.354219	6.39484
	10	crg	0.0254933	10.4246
	10	crl	0.0628274	12.415
	10	del	0.0876913	13.7406
	10	crl	0.101972	14.5019
	10	dup	0.122521	15.5975
	10	del	0.165969	17.9139
	10	dup	0.248813	22.3306
	10	crl	0.287664	24.4019
	10	del	0.341367	27.265
	10	dup	0.374965	29.0563
	10	crl	0.378971	29.2698
	10	crg	0.567368	39.314
	10	dup	0.66525	44.5324
	10	dup	0.724289	47.68
	10	crg	0.770839	50.1618
	10	dup	0.774361	50.3495
	10	crl	0.828812	53.2525
	10	del	0.844592	54.0938
	10	dup	0.882027	56.0896
	10	crg	0.902961	57.2057
	10	dup	0.929149	58.6019
	10	crl	0.930858	58.693
	10	crg	0.956898	60.0813
	10	del	0.977752	61.1931

MUTATIONS   (10)  dup, deln, crl, crg, wgd:	2	10	6	4	0
	eid	type	time
	17	del	0.00841433	1.79453
	17	crg	0.0251678	2.81815
	17	crl	0.0258953	2.8626
	17	del	0.0284811	3.02059
	17	del	0.0385133	3.63354
	17	del	0.103882	7.6275
	17	crg	0.11791	8.48459
	17	crl	0.134183	9.47882
	17	crl	0.189221	12.8416
	17	del	0.210756	14.1574
	17	del	0.229502	15.3027
	17	dup	0.264858	17.463
	17	crl	0.471739	30.1031
	17	crg	0.510426	32.4668
	17	crl	0.544381	34.5415
	17	del	0.547248	34.7166
	17	del	0.601817	38.0507
	17	dup	0.73131	45.9626
	17	del	0.810584	50.8061
	17	crl	0.850015	53.2153
	17	crg	0.886122	55.4214
	17	del	0.893945	55.8994

MUTATIONS   (11)  dup, deln, crl, crg, wgd:	0	0	0	0	0
	eid	type	time

