NODE TIMES:	nid	time
	1	69.7912
	2	69.7912
	3	69.7912
	4	69.7912
	5	69.7912
	6	69.7912
	7	69.7912
	8	69.7912
	9	69.7912
	10	69.7912
	11	0
	12	0
	13	56.1185
	14	30.0742
	15	14.2447
	16	13.3749
	17	7.9795
	18	7.87899
	19	1.02872
	20	0.882174
	21	0.12583

ANCESTRY    (1)	19 (12 -> 21) 	17 (21 -> 18) 	12 (18 -> 17) 	9 (17 -> 15) 	6 (15 -> 1) 
ANCESTRY    (2)	19 (12 -> 21) 	18 (21 -> 20) 	16 (20 -> 19) 	14 (19 -> 16) 	8 (16 -> 2) 
ANCESTRY    (3)	19 (12 -> 21) 	18 (21 -> 20) 	16 (20 -> 19) 	14 (19 -> 16) 	7 (16 -> 3) 
ANCESTRY    (4)	19 (12 -> 21) 	17 (21 -> 18) 	12 (18 -> 17) 	9 (17 -> 15) 	5 (15 -> 13) 	2 (13 -> 4) 
ANCESTRY    (5)	19 (12 -> 21) 	17 (21 -> 18) 	11 (18 -> 5) 
ANCESTRY    (6)	19 (12 -> 21) 	17 (21 -> 18) 	12 (18 -> 17) 	10 (17 -> 14) 	4 (14 -> 6) 
ANCESTRY    (7)	19 (12 -> 21) 	18 (21 -> 20) 	15 (20 -> 7) 
ANCESTRY    (8)	19 (12 -> 21) 	18 (21 -> 20) 	16 (20 -> 19) 	13 (19 -> 8) 
ANCESTRY    (9)	19 (12 -> 21) 	17 (21 -> 18) 	12 (18 -> 17) 	9 (17 -> 15) 	5 (15 -> 13) 	1 (13 -> 9) 
ANCESTRY    (10)	19 (12 -> 21) 	17 (21 -> 18) 	12 (18 -> 17) 	10 (17 -> 14) 	3 (14 -> 10) 
ANCESTRY    (11)	20 (12 -> 11) 

MUTATIONS   (1)  dup, deln, crl, crg, wgd:	7	7	5	4	1
	eid	type	time
	17	dup	0.104188	0.933616
	17	crg	0.327066	2.66162
	6	crl	0.0034169	14.4344
	6	crg	0.0479903	16.9103
	6	dup	0.0927954	19.3991
	6	dup	0.116816	20.7334
	6	del	0.159543	23.1067
	6	del	0.168928	23.628
	6	dup	0.225612	26.7766
	6	dup	0.226331	26.8165
	6	del	0.281045	29.8557
	6	dup	0.375935	35.1266
	6	crl	0.380648	35.3883
	6	crl	0.416819	37.3975
	6	crl	0.604749	47.8364
	6	del	0.623595	48.8832
	6	del	0.652162	50.47
	6	crg	0.672078	51.5763
	6	del	0.721826	54.3396
	6	crg	0.74946	55.8745
	6	wgd	0.780443	57.5955
	6	del	0.881365	63.2014
	6	crl	0.912524	64.9322
	6	dup	0.969946	68.1218

MUTATIONS   (2)  dup, deln, crl, crg, wgd:	5	5	8	9	0
	eid	type	time
	18	crl	0.194164	0.272685
	14	dup	0.0102303	1.15502
	14	crg	0.403078	6.00518
	14	crl	0.512973	7.36196
	14	dup	0.612664	8.59276
	14	crg	0.856452	11.6026
	14	dup	0.901922	12.164
	8	del	0.00182685	13.4779
	8	crg	0.200348	24.6778
	8	crl	0.20361	24.8618
	8	crg	0.223849	26.0036
	8	crg	0.294582	29.9941
	8	dup	0.323291	31.6138
	8	crg	0.33332	32.1796
	8	del	0.337762	32.4302
	8	dup	0.456701	39.1403
	8	crl	0.521479	42.7948
	8	crl	0.566761	45.3494
	8	crg	0.618752	48.2826
	8	crg	0.651283	50.1179
	8	crl	0.669028	51.119
	8	del	0.741157	55.1882
	8	crl	0.831386	60.2786
	8	crg	0.927637	65.7087
	8	del	0.928541	65.7598
	8	del	0.947529	66.831
	8	crl	0.97266	68.2487

MUTATIONS   (3)  dup, deln, crl, crg, wgd:	7	4	9	14	0
	eid	type	time
	18	crl	0.194164	0.272685
	14	dup	0.0102303	1.15502
	14	crg	0.403078	6.00518
	14	crl	0.512973	7.36196
	14	dup	0.612664	8.59276
	14	crg	0.856452	11.6026
	14	dup	0.901922	12.164
	7	crg	0.0747132	17.5899
	7	crg	0.123526	20.3437
	7	dup	0.13035	20.7287
	7	crg	0.181544	23.6169
	7	dup	0.205112	24.9465
	7	crl	0.205221	24.9527
	7	dup	0.212077	25.3395
	7	crg	0.368197	34.1472
	7	del	0.412914	36.67
	7	del	0.542236	43.9658
	7	crg	0.557739	44.8405
	7	crl	0.587201	46.5026
	7	crl	0.620403	48.3757
	7	crg	0.643087	49.6555
	7	crl	0.648936	49.9854
	7	crg	0.65822	50.5092
	7	crl	0.670928	51.2261
	7	crg	0.692858	52.4634
	7	crg	0.705985	53.204
	7	crl	0.711589	53.5201
	7	crg	0.737319	54.9717
	7	crl	0.832776	60.357
	7	del	0.852965	61.496
	7	crg	0.859777	61.8803
	7	crg	0.896409	63.947
	7	del	0.920403	65.3006
	7	dup	0.9719	68.2059

MUTATIONS   (4)  dup, deln, crl, crg, wgd:	7	8	10	2	0
	eid	type	time
	17	dup	0.104188	0.933616
	17	crg	0.327066	2.66162
	5	dup	0.0249148	15.2879
	5	dup	0.10391	18.5958
	5	del	0.218268	23.3844
	5	crl	0.231469	23.9372
	5	del	0.256922	25.003
	5	crl	0.305668	27.0442
	5	crl	0.345708	28.7208
	5	crl	0.51261	35.7096
	5	crg	0.559311	37.6651
	5	crl	0.604345	39.5509
	5	dup	0.623504	40.3532
	5	crl	0.666305	42.1454
	5	del	0.703329	43.6958
	5	dup	0.736606	45.0892
	5	del	0.827206	48.883
	5	crl	0.829019	48.9589
	5	del	0.894134	51.6855
	5	dup	0.969655	54.8479
	2	crl	0.155018	58.238
	2	del	0.301451	60.2401
	2	dup	0.499137	62.943
	2	del	0.569351	63.9031
	2	crl	0.655496	65.0809
	2	del	0.691862	65.5781
	2	crl	0.949497	69.1007

MUTATIONS   (5)  dup, deln, crl, crg, wgd:	9	3	4	7	0
	eid	type	time
	17	dup	0.104188	0.933616
	17	crg	0.327066	2.66162
	11	dup	0.0105098	8.52968
	11	crg	0.0318564	9.85129
	11	crl	0.0941073	13.7054
	11	dup	0.157529	17.6319
	11	dup	0.21838	21.3994
	11	dup	0.391798	32.1361
	11	crg	0.592874	44.5851
	11	del	0.599656	45.005
	11	crg	0.604635	45.3133
	11	dup	0.612409	45.7946
	11	crg	0.695914	50.9646
	11	crl	0.71021	51.8496
	11	dup	0.728268	52.9677
	11	crg	0.740831	53.7455
	11	crl	0.763413	55.1435
	11	crg	0.802826	57.5837
	11	crl	0.848161	60.3905
	11	dup	0.87167	61.846
	11	del	0.930467	65.4862
	11	dup	0.93317	65.6536
	11	del	0.994678	69.4617

MUTATIONS   (6)  dup, deln, crl, crg, wgd:	7	6	6	4	0
	eid	type	time
	17	dup	0.104188	0.933616
	17	crg	0.327066	2.66162
	10	crl	0.0254101	8.54093
	10	dup	0.380221	16.3804
	10	crg	0.486014	18.7179
	10	crl	0.50561	19.1508
	10	del	0.53489	19.7978
	10	del	0.542354	19.9627
	4	crl	0.0211421	30.9139
	4	crl	0.107825	34.3567
	4	dup	0.228491	39.1492
	4	del	0.300137	41.9948
	4	del	0.334497	43.3595
	4	dup	0.442207	47.6374
	4	crl	0.461504	48.4038
	4	crg	0.49047	49.5542
	4	del	0.753068	59.9838
	4	crl	0.760953	60.297
	4	dup	0.802215	61.9358
	4	dup	0.842092	63.5196
	4	del	0.90947	66.1956
	4	crg	0.919886	66.6093
	4	dup	0.934808	67.202

MUTATIONS   (7)  dup, deln, crl, crg, wgd:	5	11	8	14	1
	eid	type	time
	18	crl	0.194164	0.272685
	15	crl	0.0242778	2.55513
	15	crg	0.0367308	3.41325
	15	del	0.0436585	3.89064
	15	del	0.0631685	5.23505
	15	del	0.116685	8.92284
	15	del	0.134168	10.1276
	15	wgd	0.145793	10.9286
	15	dup	0.149132	11.1587
	15	crg	0.154386	11.5208
	15	crg	0.160357	11.9322
	15	crg	0.168391	12.4858
	15	crl	0.2072	15.1601
	15	crg	0.208925	15.279
	15	del	0.222324	16.2023
	15	crl	0.23252	16.9049
	15	crg	0.311645	22.3573
	15	crg	0.31334	22.4741
	15	del	0.326748	23.3981
	15	del	0.363406	25.9241
	15	dup	0.482333	34.1192
	15	del	0.541184	38.1746
	15	dup	0.571907	40.2917
	15	crg	0.597498	42.0552
	15	del	0.653105	45.887
	15	crg	0.660542	46.3995
	15	crl	0.69599	48.8422
	15	crg	0.755874	52.9687
	15	dup	0.762922	53.4544
	15	crg	0.768909	53.867
	15	crg	0.770376	53.968
	15	crl	0.780417	54.6599
	15	del	0.810026	56.7002
	15	crg	0.827513	57.9053
	15	crl	0.874273	61.1275
	15	del	0.903148	63.1172
	15	dup	0.908358	63.4762
	15	crg	0.931692	65.0841
	15	crl	0.980258	68.4308

MUTATIONS   (8)  dup, deln, crl, crg, wgd:	7	8	9	6	0
	eid	type	time
	18	crl	0.194164	0.272685
	13	crg	0.0238565	2.66915
	13	dup	0.0239526	2.67576
	13	dup	0.0239894	2.67829
	13	del	0.127554	9.79967
	13	crg	0.170382	12.7446
	13	del	0.22097	16.2231
	13	crl	0.237758	17.3775
	13	crg	0.242132	17.6783
	13	dup	0.26189	19.0369
	13	del	0.313073	22.5564
	13	del	0.363439	26.0197
	13	crl	0.378565	27.0598
	13	del	0.384786	27.4876
	13	crg	0.421478	30.0106
	13	crg	0.425844	30.3108
	13	crl	0.44536	31.6528
	13	del	0.537943	38.019
	13	crl	0.583881	41.1778
	13	crl	0.60157	42.3942
	13	del	0.648243	45.6035
	13	dup	0.664179	46.6993
	13	dup	0.689157	48.4169
	13	crg	0.756767	53.0659
	13	crl	0.815663	57.1157
	13	crl	0.820081	57.4195
	13	crl	0.846389	59.2286
	13	dup	0.862694	60.3497
	13	del	0.869434	60.8131
	13	dup	0.996976	69.5833

MUTATIONS   (9)  dup, deln, crl, crg, wgd:	7	7	10	4	0
	eid	type	time
	17	dup	0.104188	0.933616
	17	crg	0.327066	2.66162
	5	dup	0.0249148	15.2879
	5	dup	0.10391	18.5958
	5	del	0.218268	23.3844
	5	crl	0.231469	23.9372
	5	del	0.256922	25.003
	5	crl	0.305668	27.0442
	5	crl	0.345708	28.7208
	5	crl	0.51261	35.7096
	5	crg	0.559311	37.6651
	5	crl	0.604345	39.5509
	5	dup	0.623504	40.3532
	5	crl	0.666305	42.1454
	5	del	0.703329	43.6958
	5	dup	0.736606	45.0892
	5	del	0.827206	48.883
	5	crl	0.829019	48.9589
	5	del	0.894134	51.6855
	5	dup	0.969655	54.8479
	1	crl	0.005099	56.1882
	1	crl	0.110155	57.6246
	1	crl	0.176353	58.5297
	1	crg	0.400468	61.594
	1	del	0.452923	62.3112
	1	del	0.609255	64.4487
	1	crg	0.742803	66.2746
	1	dup	0.849788	67.7374

MUTATIONS   (10)  dup, deln, crl, crg, wgd:	9	5	6	5	0
	eid	type	time
	17	dup	0.104188	0.933616
	17	crg	0.327066	2.66162
	10	crl	0.0254101	8.54093
	10	dup	0.380221	16.3804
	10	crg	0.486014	18.7179
	10	crl	0.50561	19.1508
	10	del	0.53489	19.7978
	10	del	0.542354	19.9627
	3	dup	0.00385898	30.2275
	3	del	0.071767	32.9246
	3	dup	0.100123	34.0508
	3	crg	0.104837	34.238
	3	dup	0.225302	39.0226
	3	dup	0.421265	46.8056
	3	dup	0.479248	49.1085
	3	del	0.65407	56.0519
	3	crl	0.660949	56.3251
	3	crl	0.662468	56.3854
	3	crl	0.721751	58.74
	3	del	0.752212	59.9498
	3	crg	0.833666	63.1849
	3	dup	0.867836	64.542
	3	dup	0.91296	66.3342
	3	crg	0.952649	67.9105
	3	crl	0.980955	69.0348

MUTATIONS   (11)  dup, deln, crl, crg, wgd:	0	0	0	0	0
	eid	type	time

