NODE TIMES:	nid	time
	1	172.872
	2	172.872
	3	172.872
	4	172.872
	5	172.872
	6	172.872
	7	172.872
	8	172.872
	9	172.872
	10	172.872
	11	0
	12	0
	13	108.838
	14	77.5782
	15	72.7731
	16	35.6781
	17	17.9565
	18	11.2631
	19	7.60315
	20	1.48818
	21	1.13521

ANCESTRY    (1)	19 (12 -> 21) 	18 (21 -> 20) 	16 (20 -> 19) 	14 (19 -> 1) 
ANCESTRY    (2)	19 (12 -> 21) 	18 (21 -> 20) 	15 (20 -> 18) 	11 (18 -> 17) 	9 (17 -> 2) 
ANCESTRY    (3)	19 (12 -> 21) 	18 (21 -> 20) 	15 (20 -> 18) 	12 (18 -> 3) 
ANCESTRY    (4)	19 (12 -> 21) 	18 (21 -> 20) 	15 (20 -> 18) 	11 (18 -> 17) 	10 (17 -> 16) 	8 (16 -> 4) 
ANCESTRY    (5)	19 (12 -> 21) 	17 (21 -> 15) 	5 (15 -> 5) 
ANCESTRY    (6)	19 (12 -> 21) 	18 (21 -> 20) 	16 (20 -> 19) 	13 (19 -> 14) 	4 (14 -> 13) 	2 (13 -> 6) 
ANCESTRY    (7)	19 (12 -> 21) 	18 (21 -> 20) 	16 (20 -> 19) 	13 (19 -> 14) 	3 (14 -> 7) 
ANCESTRY    (8)	19 (12 -> 21) 	18 (21 -> 20) 	16 (20 -> 19) 	13 (19 -> 14) 	4 (14 -> 13) 	1 (13 -> 8) 
ANCESTRY    (9)	19 (12 -> 21) 	18 (21 -> 20) 	15 (20 -> 18) 	11 (18 -> 17) 	10 (17 -> 16) 	7 (16 -> 9) 
ANCESTRY    (10)	19 (12 -> 21) 	17 (21 -> 15) 	6 (15 -> 10) 
ANCESTRY    (11)	20 (12 -> 11) 

MUTATIONS   (1)  dup, deln, crl, crg, wgd:	21	9	15	23	0
	eid	type	time
	16	crg	0.0797315	1.97574
	14	crg	0.00393092	8.2528
	14	crg	0.0183624	10.6379
	14	del	0.0295444	12.4859
	14	crl	0.0357204	13.5066
	14	crl	0.0501083	15.8845
	14	dup	0.0783217	20.5473
	14	del	0.120502	27.5183
	14	dup	0.123907	28.0812
	14	crl	0.123974	28.0922
	14	crl	0.134978	29.9108
	14	crg	0.151325	32.6124
	14	crg	0.167888	35.3497
	14	crg	0.183009	37.8488
	14	crg	0.19459	39.7628
	14	dup	0.200632	40.7613
	14	crg	0.215872	43.2801
	14	crg	0.21929	43.8449
	14	dup	0.252655	49.3592
	14	dup	0.253802	49.5487
	14	crl	0.266851	51.7052
	14	dup	0.268203	51.9288
	14	crl	0.339279	63.6753
	14	dup	0.350812	65.5815
	14	crg	0.390837	72.1964
	14	dup	0.408139	75.0558
	14	del	0.421051	77.1897
	14	dup	0.426472	78.0856
	14	dup	0.42766	78.2819
	14	del	0.443902	80.9663
	14	crg	0.447246	81.5189
	14	dup	0.464199	84.3208
	14	crg	0.466707	84.7352
	14	crl	0.489006	88.4206
	14	crg	0.496302	89.6263
	14	del	0.506595	91.3275
	14	crl	0.514139	92.5744
	14	crg	0.528815	94.9997
	14	crg	0.541112	97.032
	14	dup	0.557453	99.7327
	14	crl	0.605424	107.661
	14	crg	0.605478	107.67
	14	del	0.626377	111.124
	14	crl	0.641726	113.661
	14	crg	0.643034	113.877
	14	dup	0.643364	113.931
	14	del	0.712168	125.302
	14	crl	0.73576	129.201
	14	crg	0.787803	137.802
	14	crg	0.790048	138.173
	14	crg	0.80216	140.175
	14	crl	0.806678	140.922
	14	del	0.815797	142.429
	14	dup	0.818443	142.866
	14	dup	0.83438	145.5
	14	crg	0.834776	145.566
	14	del	0.853177	148.607
	14	dup	0.856489	149.154
	14	crg	0.85827	149.448
	14	crl	0.880001	153.04
	14	dup	0.880417	153.109
	14	crl	0.883751	153.66
	14	crl	0.885306	153.917
	14	dup	0.950123	164.629
	14	dup	0.968745	167.707
	14	dup	0.974418	168.644
	14	dup	0.977848	169.211
	14	crg	0.985428	170.464

MUTATIONS   (2)  dup, deln, crl, crg, wgd:	11	15	27	17	0
	eid	type	time
	15	crg	0.477954	6.16015
	15	crg	0.612699	7.47728
	15	crg	0.691135	8.24398
	15	crg	0.78012	9.1138
	11	del	0.02515	11.4315
	11	crl	0.129514	12.13
	11	del	0.340289	13.5408
	11	dup	0.801832	16.6301
	9	dup	0.00876704	19.3147
	9	del	0.0148901	20.2632
	9	dup	0.0641225	27.8901
	9	crg	0.0927845	32.3303
	9	crg	0.103502	33.9905
	9	crl	0.124166	37.1917
	9	crg	0.125785	37.4425
	9	del	0.12866	37.8879
	9	dup	0.161019	42.9009
	9	dup	0.204696	49.667
	9	crg	0.219051	51.8909
	9	crl	0.231056	53.7506
	9	crl	0.232867	54.0313
	9	crl	0.289316	62.776
	9	dup	0.310261	66.0207
	9	crl	0.311133	66.1558
	9	del	0.316997	67.0643
	9	crl	0.33344	69.6115
	9	crg	0.337985	70.3156
	9	del	0.388718	78.175
	9	crl	0.391476	78.6022
	9	dup	0.425541	83.8794
	9	crg	0.466353	90.2017
	9	crg	0.467021	90.3052
	9	crl	0.471147	90.9444
	9	crl	0.482444	92.6946
	9	crl	0.525406	99.35
	9	crl	0.545195	102.416
	9	crl	0.548176	102.877
	9	crl	0.563671	105.278
	9	del	0.588925	109.19
	9	dup	0.592497	109.743
	9	dup	0.593257	109.861
	9	crl	0.626286	114.978
	9	del	0.640975	117.253
	9	crl	0.649717	118.608
	9	dup	0.66911	121.612
	9	crl	0.703489	126.938
	9	del	0.705908	127.313
	9	crl	0.709426	127.858
	9	crg	0.718186	129.215
	9	crl	0.725669	130.374
	9	dup	0.779457	138.706
	9	crg	0.785558	139.652
	9	crl	0.789138	140.206
	9	del	0.819817	144.959
	9	crl	0.852198	149.975
	9	del	0.868133	152.444
	9	del	0.870161	152.758
	9	crg	0.876073	153.674
	9	crg	0.881322	154.487
	9	crl	0.890627	155.928
	9	crl	0.903836	157.975
	9	del	0.904949	158.147
	9	crl	0.918553	160.255
	9	crg	0.91999	160.477
	9	crl	0.957593	166.302
	9	crg	0.971015	168.382
	9	del	0.974848	168.975
	9	crl	0.9895	171.245
	9	crl	0.990298	171.369
	9	del	0.997188	172.436

MUTATIONS   (3)  dup, deln, crl, crg, wgd:	17	11	15	18	1
	eid	type	time
	15	crg	0.477954	6.16015
	15	crg	0.612699	7.47728
	15	crg	0.691135	8.24398
	15	crg	0.78012	9.1138
	12	wgd	0.00111564	11.4434
	12	crl	0.00289222	11.7305
	12	crl	0.0632718	21.4884
	12	crl	0.102135	27.7691
	12	dup	0.107253	28.5962
	12	crl	0.129567	32.2022
	12	crg	0.146081	34.8711
	12	dup	0.1476	35.1165
	12	dup	0.172176	39.0882
	12	crl	0.17338	39.2828
	12	del	0.173674	39.3303
	12	dup	0.188851	41.7832
	12	dup	0.192156	42.3171
	12	dup	0.206023	44.5582
	12	del	0.206032	44.5597
	12	del	0.206798	44.6834
	12	crl	0.21018	45.23
	12	dup	0.211168	45.3897
	12	crg	0.225663	47.7322
	12	crl	0.272196	55.2523
	12	crg	0.290237	58.1679
	12	dup	0.302564	60.1601
	12	crg	0.318474	62.7313
	12	crl	0.346302	67.2285
	12	crg	0.370634	71.1609
	12	crg	0.397389	75.4846
	12	crg	0.431481	80.9942
	12	dup	0.433477	81.3169
	12	crg	0.455244	84.8345
	12	del	0.471741	87.5006
	12	crl	0.48895	90.2818
	12	dup	0.495251	91.3
	12	crg	0.50142	92.297
	12	del	0.51298	94.1652
	12	crl	0.51836	95.0347
	12	dup	0.569322	103.271
	12	dup	0.580689	105.108
	12	crg	0.6011	108.406
	12	crl	0.637142	114.231
	12	crl	0.649088	116.161
	12	dup	0.745926	131.811
	12	crl	0.765772	135.019
	12	del	0.773643	136.291
	12	del	0.825631	144.692
	12	del	0.833357	145.941
	12	dup	0.843797	147.628
	12	crg	0.849125	148.489
	12	crg	0.862996	150.731
	12	del	0.867578	151.471
	12	del	0.896484	156.143
	12	crl	0.913562	158.903
	12	crg	0.932519	161.966
	12	dup	0.932624	161.983
	12	dup	0.949596	164.726
	12	crl	0.966676	167.486
	12	crg	0.969362	167.921
	12	dup	0.981312	169.852
	12	del	0.991599	171.514

MUTATIONS   (4)  dup, deln, crl, crg, wgd:	15	16	10	28	0
	eid	type	time
	15	crg	0.477954	6.16015
	15	crg	0.612699	7.47728
	15	crg	0.691135	8.24398
	15	crg	0.78012	9.1138
	11	del	0.02515	11.4315
	11	crl	0.129514	12.13
	11	del	0.340289	13.5408
	11	dup	0.801832	16.6301
	10	del	0.0272319	18.4391
	10	dup	0.312017	23.4859
	10	dup	0.550014	27.7036
	10	crg	0.559238	27.8671
	10	del	0.659662	29.6468
	10	del	0.806247	32.2445
	8	crg	0.0215003	38.6278
	8	del	0.0585112	43.7054
	8	crg	0.0895208	47.9598
	8	dup	0.0945288	48.6468
	8	del	0.108217	50.5247
	8	crg	0.108609	50.5785
	8	crg	0.134305	54.1038
	8	del	0.168747	58.8291
	8	crg	0.184758	61.0258
	8	crl	0.237513	68.2634
	8	dup	0.246482	69.4938
	8	crg	0.303437	77.3078
	8	crg	0.32483	80.2427
	8	crg	0.328561	80.7547
	8	crg	0.335552	81.7137
	8	crl	0.362268	85.3791
	8	del	0.364548	85.6918
	8	del	0.396237	90.0393
	8	crg	0.401007	90.6938
	8	crg	0.438266	95.8055
	8	dup	0.451219	97.5826
	8	crg	0.459354	98.6986
	8	del	0.459893	98.7726
	8	crg	0.465332	99.5188
	8	dup	0.472116	100.45
	8	crg	0.482591	101.887
	8	crg	0.521845	107.272
	8	crl	0.526503	107.911
	8	dup	0.64541	124.224
	8	crg	0.645633	124.255
	8	crl	0.656316	125.721
	8	crl	0.683824	129.495
	8	del	0.689753	130.308
	8	del	0.699894	131.699
	8	del	0.709912	133.074
	8	del	0.718514	134.254
	8	del	0.746468	138.089
	8	crl	0.747591	138.243
	8	dup	0.747922	138.288
	8	crg	0.785857	143.493
	8	dup	0.801154	145.592
	8	dup	0.825646	148.952
	8	crl	0.831878	149.807
	8	dup	0.834284	150.137
	8	crg	0.848775	152.125
	8	crg	0.856971	153.249
	8	crg	0.869397	154.954
	8	dup	0.873807	155.559
	8	crg	0.899419	159.073
	8	crg	0.900755	159.256
	8	crg	0.916291	161.388
	8	dup	0.91881	161.733
	8	crl	0.928921	163.12
	8	dup	0.960655	167.474
	8	crl	0.990578	171.579

MUTATIONS   (5)  dup, deln, crl, crg, wgd:	14	21	14	19	0
	eid	type	time
	17	del	0.0549412	5.07108
	17	crl	0.0727615	6.3477
	17	dup	0.078604	6.76624
	17	del	0.102803	8.49977
	17	crg	0.169636	13.2875
	17	del	0.260445	19.7929
	17	crg	0.317577	23.8858
	17	del	0.320895	24.1234
	17	crg	0.323422	24.3045
	17	dup	0.361008	26.9971
	17	dup	0.374168	27.9398
	17	del	0.375061	28.0038
	17	dup	0.38018	28.3705
	17	crg	0.412256	30.6684
	17	crl	0.429168	31.8799
	17	del	0.44138	32.7547
	17	crl	0.524584	38.7153
	17	crl	0.576851	42.4596
	17	dup	0.576935	42.4656
	17	crg	0.580597	42.728
	17	dup	0.659259	48.3632
	17	del	0.70677	51.7667
	17	del	0.707214	51.7986
	17	del	0.714508	52.321
	17	dup	0.738529	54.0419
	17	dup	0.741865	54.2809
	17	crl	0.797074	58.2359
	17	crg	0.812821	59.364
	17	dup	0.898973	65.5358
	17	del	0.955192	69.5631
	17	del	0.987033	71.8442
	17	crg	0.997481	72.5926
	17	del	0.998581	72.6714
	5	dup	0.0320849	75.9848
	5	del	0.0481078	77.5886
	5	crl	0.0565835	78.4371
	5	crg	0.0696573	79.7457
	5	del	0.075653	80.3459
	5	crg	0.117716	84.5563
	5	dup	0.140801	86.8671
	5	del	0.172927	90.0829
	5	dup	0.18103	90.894
	5	crl	0.198713	92.664
	5	crl	0.217263	94.5209
	5	crl	0.227858	95.5814
	5	crl	0.27808	100.609
	5	del	0.307499	103.553
	5	crg	0.32619	105.424
	5	del	0.340255	106.832
	5	del	0.364828	109.292
	5	crg	0.411566	113.97
	5	crl	0.46157	118.976
	5	crg	0.481421	120.963
	5	crl	0.518936	124.718
	5	crg	0.554308	128.259
	5	crg	0.558109	128.639
	5	crg	0.567288	129.558
	5	dup	0.584659	131.297
	5	crg	0.654464	138.284
	5	dup	0.683737	141.214
	5	crg	0.696093	142.451
	5	crl	0.732083	146.054
	5	crg	0.772354	150.085
	5	del	0.781811	151.032
	5	del	0.794387	152.29
	5	crg	0.832989	156.154
	5	crl	0.860884	158.947
	5	del	0.905577	163.42

MUTATIONS   (6)  dup, deln, crl, crg, wgd:	16	24	8	19	0
	eid	type	time
	16	crg	0.0797315	1.97574
	13	crg	0.0688365	12.42
	13	del	0.0702875	12.5215
	13	crl	0.0728505	12.7009
	13	dup	0.0761987	12.9352
	13	crg	0.117434	15.8206
	13	crg	0.162815	18.9961
	13	crl	0.208446	22.1892
	13	del	0.238192	24.2707
	13	del	0.295274	28.2649
	13	del	0.31806	29.8594
	13	crl	0.324531	30.3122
	13	del	0.333572	30.9449
	13	crg	0.391762	35.0167
	13	crg	0.403503	35.8383
	13	dup	0.41134	36.3867
	13	del	0.470343	40.5154
	13	dup	0.482996	41.4008
	13	dup	0.485764	41.5945
	13	del	0.505232	42.9568
	13	crg	0.584313	48.4905
	13	crg	0.662667	53.9733
	13	del	0.720918	58.0494
	13	crg	0.790615	62.9264
	13	crg	0.818062	64.8471
	13	crg	0.821186	65.0657
	13	crg	0.835803	66.0885
	13	dup	0.883458	69.4232
	13	crl	0.903778	70.845
	13	dup	0.912671	71.4673
	13	del	0.938815	73.2968
	13	crg	0.963821	75.0465
	13	crg	0.974409	75.7874
	4	crg	0.0912375	80.4302
	4	del	0.375848	89.327
	4	del	0.456994	91.8636
	4	dup	0.495753	93.0751
	4	dup	0.587522	95.9438
	4	del	0.590366	96.0327
	4	dup	0.641696	97.6373
	4	dup	0.757677	101.263
	4	del	0.781334	102.002
	4	del	0.81506	103.057
	4	dup	0.903581	105.824
	4	del	0.965258	107.752
	2	dup	0.0101113	109.485
	2	crl	0.126374	116.93
	2	del	0.134317	117.439
	2	del	0.148488	118.346
	2	dup	0.18567	120.727
	2	crg	0.229235	123.517
	2	dup	0.235045	123.889
	2	del	0.254697	125.147
	2	dup	0.264497	125.775
	2	del	0.302573	128.213
	2	del	0.426743	136.164
	2	crg	0.56687	145.137
	2	crl	0.567715	145.191
	2	del	0.584083	146.239
	2	crl	0.611289	147.981
	2	crg	0.626896	148.98
	2	dup	0.65325	150.668
	2	crg	0.720759	154.991
	2	del	0.733828	155.828
	2	del	0.780561	158.82
	2	del	0.836624	162.41
	2	crl	0.892051	165.96

MUTATIONS   (7)  dup, deln, crl, crg, wgd:	19	17	17	21	0
	eid	type	time
	16	crg	0.0797315	1.97574
	13	crg	0.0688365	12.42
	13	del	0.0702875	12.5215
	13	crl	0.0728505	12.7009
	13	dup	0.0761987	12.9352
	13	crg	0.117434	15.8206
	13	crg	0.162815	18.9961
	13	crl	0.208446	22.1892
	13	del	0.238192	24.2707
	13	del	0.295274	28.2649
	13	del	0.31806	29.8594
	13	crl	0.324531	30.3122
	13	del	0.333572	30.9449
	13	crg	0.391762	35.0167
	13	crg	0.403503	35.8383
	13	dup	0.41134	36.3867
	13	del	0.470343	40.5154
	13	dup	0.482996	41.4008
	13	dup	0.485764	41.5945
	13	del	0.505232	42.9568
	13	crg	0.584313	48.4905
	13	crg	0.662667	53.9733
	13	del	0.720918	58.0494
	13	crg	0.790615	62.9264
	13	crg	0.818062	64.8471
	13	crg	0.821186	65.0657
	13	crg	0.835803	66.0885
	13	dup	0.883458	69.4232
	13	crl	0.903778	70.845
	13	dup	0.912671	71.4673
	13	del	0.938815	73.2968
	13	crg	0.963821	75.0465
	13	crg	0.974409	75.7874
	3	crl	0.0151273	79.0197
	3	del	0.0324675	80.6721
	3	crl	0.0369989	81.1039
	3	crl	0.0403743	81.4256
	3	crg	0.0955914	86.6874
	3	dup	0.123849	89.3802
	3	del	0.125319	89.5203
	3	crl	0.168817	93.6654
	3	dup	0.177896	94.5306
	3	crg	0.191249	95.803
	3	crl	0.269228	103.234
	3	dup	0.291612	105.367
	3	del	0.304004	106.548
	3	del	0.312552	107.362
	3	dup	0.373149	113.137
	3	crl	0.382602	114.038
	3	dup	0.396377	115.35
	3	crl	0.443156	119.808
	3	crg	0.457739	121.198
	3	crl	0.459386	121.355
	3	del	0.520854	127.212
	3	crl	0.532789	128.35
	3	dup	0.540823	129.115
	3	del	0.568519	131.755
	3	dup	0.583704	133.202
	3	crg	0.614373	136.124
	3	crg	0.642058	138.762
	3	dup	0.654088	139.909
	3	crl	0.658715	140.35
	3	crg	0.669389	141.367
	3	del	0.699794	144.264
	3	dup	0.709093	145.15
	3	crl	0.721655	146.347
	3	dup	0.750871	149.132
	3	dup	0.795915	153.424
	3	dup	0.893248	162.699
	3	crl	0.904956	163.815
	3	del	0.914167	164.693
	3	crl	0.926036	165.824
	3	dup	0.977374	170.716
	3	crg	0.987208	171.653

MUTATIONS   (8)  dup, deln, crl, crg, wgd:	15	24	9	20	0
	eid	type	time
	16	crg	0.0797315	1.97574
	13	crg	0.0688365	12.42
	13	del	0.0702875	12.5215
	13	crl	0.0728505	12.7009
	13	dup	0.0761987	12.9352
	13	crg	0.117434	15.8206
	13	crg	0.162815	18.9961
	13	crl	0.208446	22.1892
	13	del	0.238192	24.2707
	13	del	0.295274	28.2649
	13	del	0.31806	29.8594
	13	crl	0.324531	30.3122
	13	del	0.333572	30.9449
	13	crg	0.391762	35.0167
	13	crg	0.403503	35.8383
	13	dup	0.41134	36.3867
	13	del	0.470343	40.5154
	13	dup	0.482996	41.4008
	13	dup	0.485764	41.5945
	13	del	0.505232	42.9568
	13	crg	0.584313	48.4905
	13	crg	0.662667	53.9733
	13	del	0.720918	58.0494
	13	crg	0.790615	62.9264
	13	crg	0.818062	64.8471
	13	crg	0.821186	65.0657
	13	crg	0.835803	66.0885
	13	dup	0.883458	69.4232
	13	crl	0.903778	70.845
	13	dup	0.912671	71.4673
	13	del	0.938815	73.2968
	13	crg	0.963821	75.0465
	13	crg	0.974409	75.7874
	4	crg	0.0912375	80.4302
	4	del	0.375848	89.327
	4	del	0.456994	91.8636
	4	dup	0.495753	93.0751
	4	dup	0.587522	95.9438
	4	del	0.590366	96.0327
	4	dup	0.641696	97.6373
	4	dup	0.757677	101.263
	4	del	0.781334	102.002
	4	del	0.81506	103.057
	4	dup	0.903581	105.824
	4	del	0.965258	107.752
	1	crg	0.0644081	112.962
	1	crg	0.125009	116.843
	1	del	0.135549	117.517
	1	del	0.154899	118.757
	1	crl	0.175241	120.059
	1	crl	0.184617	120.659
	1	dup	0.258766	125.408
	1	del	0.346885	131.05
	1	crl	0.435852	136.747
	1	crg	0.453745	137.893
	1	del	0.494903	140.528
	1	crl	0.510076	141.5
	1	del	0.526105	142.526
	1	dup	0.548112	143.936
	1	del	0.581686	146.085
	1	crl	0.62047	148.569
	1	del	0.623721	148.777
	1	crg	0.714435	154.586
	1	del	0.770287	158.162
	1	dup	0.771965	158.27
	1	dup	0.829721	161.968
	1	crg	0.943241	169.237
	1	del	0.963676	170.546

MUTATIONS   (9)  dup, deln, crl, crg, wgd:	14	17	14	15	0
	eid	type	time
	15	crg	0.477954	6.16015
	15	crg	0.612699	7.47728
	15	crg	0.691135	8.24398
	15	crg	0.78012	9.1138
	11	del	0.02515	11.4315
	11	crl	0.129514	12.13
	11	del	0.340289	13.5408
	11	dup	0.801832	16.6301
	10	del	0.0272319	18.4391
	10	dup	0.312017	23.4859
	10	dup	0.550014	27.7036
	10	crg	0.559238	27.8671
	10	del	0.659662	29.6468
	10	del	0.806247	32.2445
	7	dup	0.00736197	36.6881
	7	crg	0.0173295	38.0556
	7	del	0.0212503	38.5935
	7	dup	0.0231076	38.8483
	7	crg	0.0327005	40.1644
	7	del	0.0658424	44.7112
	7	crl	0.0904288	48.0843
	7	dup	0.0914261	48.2212
	7	dup	0.0928555	48.4173
	7	crg	0.102129	49.6895
	7	dup	0.114513	51.3885
	7	crl	0.13879	54.7192
	7	crg	0.16257	57.9817
	7	crg	0.164357	58.2269
	7	crl	0.167807	58.7002
	7	del	0.18933	61.653
	7	crg	0.195429	62.4898
	7	crl	0.209145	64.3714
	7	crl	0.215177	65.199
	7	del	0.230248	67.2667
	7	del	0.247138	69.5839
	7	crl	0.29943	76.758
	7	del	0.304912	77.5101
	7	del	0.30528	77.5606
	7	crl	0.328776	80.7841
	7	crl	0.360648	85.1567
	7	dup	0.39105	89.3277
	7	del	0.41317	92.3625
	7	dup	0.507665	105.327
	7	dup	0.57203	114.157
	7	dup	0.601812	118.243
	7	del	0.621643	120.964
	7	del	0.623014	121.152
	7	dup	0.646327	124.35
	7	crg	0.656858	125.795
	7	crl	0.660283	126.265
	7	crg	0.671139	127.754
	7	del	0.702473	132.053
	7	crg	0.71078	133.193
	7	crg	0.732462	136.167
	7	del	0.808217	146.561
	7	crl	0.81596	147.623
	7	crl	0.837167	150.532
	7	crl	0.95761	167.056
	7	dup	0.966828	168.321
	7	crl	0.967226	168.376

MUTATIONS   (10)  dup, deln, crl, crg, wgd:	20	24	15	15	0
	eid	type	time
	17	del	0.0549412	5.07108
	17	crl	0.0727615	6.3477
	17	dup	0.078604	6.76624
	17	del	0.102803	8.49977
	17	crg	0.169636	13.2875
	17	del	0.260445	19.7929
	17	crg	0.317577	23.8858
	17	del	0.320895	24.1234
	17	crg	0.323422	24.3045
	17	dup	0.361008	26.9971
	17	dup	0.374168	27.9398
	17	del	0.375061	28.0038
	17	dup	0.38018	28.3705
	17	crg	0.412256	30.6684
	17	crl	0.429168	31.8799
	17	del	0.44138	32.7547
	17	crl	0.524584	38.7153
	17	crl	0.576851	42.4596
	17	dup	0.576935	42.4656
	17	crg	0.580597	42.728
	17	dup	0.659259	48.3632
	17	del	0.70677	51.7667
	17	del	0.707214	51.7986
	17	del	0.714508	52.321
	17	dup	0.738529	54.0419
	17	dup	0.741865	54.2809
	17	crl	0.797074	58.2359
	17	crg	0.812821	59.364
	17	dup	0.898973	65.5358
	17	del	0.955192	69.5631
	17	del	0.987033	71.8442
	17	crg	0.997481	72.5926
	17	del	0.998581	72.6714
	6	del	0.0099723	73.7713
	6	crl	0.0490472	77.6827
	6	crl	0.0882471	81.6065
	6	dup	0.139617	86.7486
	6	crl	0.142837	87.0709
	6	dup	0.157414	88.5301
	6	del	0.15745	88.5337
	6	dup	0.222303	95.0254
	6	crl	0.285648	101.366
	6	crl	0.295412	102.344
	6	dup	0.299173	102.72
	6	del	0.305733	103.377
	6	dup	0.307913	103.595
	6	crl	0.325026	105.308
	6	del	0.334915	106.298
	6	dup	0.39862	112.675
	6	crg	0.402887	113.102
	6	crl	0.41186	114
	6	crl	0.420567	114.871
	6	del	0.45169	117.987
	6	dup	0.470269	119.846
	6	crl	0.490631	121.885
	6	crg	0.514809	124.305
	6	del	0.540487	126.875
	6	del	0.583957	131.227
	6	dup	0.606243	133.457
	6	crl	0.692153	142.057
	6	del	0.708044	143.648
	6	dup	0.718575	144.702
	6	del	0.759038	148.752
	6	del	0.804728	153.325
	6	crg	0.820622	154.916
	6	del	0.861444	159.003
	6	crg	0.889865	161.848
	6	del	0.901269	162.989
	6	crg	0.916042	164.468
	6	crg	0.920788	164.943
	6	crg	0.920829	164.947
	6	dup	0.947342	167.601
	6	dup	0.957286	168.596
	6	crg	0.969351	169.804

MUTATIONS   (11)  dup, deln, crl, crg, wgd:	0	0	0	0	0
	eid	type	time

