NODE TIMES:	nid	time
	1	385.758
	2	385.758
	3	385.758
	4	385.758
	5	385.758
	6	385.758
	7	385.758
	8	385.758
	9	385.758
	10	385.758
	11	0
	12	0
	13	306.507
	14	221.965
	15	99.3085
	16	96.4227
	17	18.5983
	18	15.1084
	19	4.0793
	20	2.06408
	21	0.737106

ANCESTRY    (1)	19 (12 -> 21) 	17 (21 -> 20) 	15 (20 -> 17) 	10 (17 -> 13) 	1 (13 -> 1) 
ANCESTRY    (2)	19 (12 -> 21) 	17 (21 -> 20) 	15 (20 -> 17) 	9 (17 -> 14) 	3 (14 -> 2) 
ANCESTRY    (3)	19 (12 -> 21) 	17 (21 -> 20) 	15 (20 -> 17) 	9 (17 -> 14) 	4 (14 -> 3) 
ANCESTRY    (4)	19 (12 -> 21) 	17 (21 -> 20) 	16 (20 -> 19) 	14 (19 -> 18) 	11 (18 -> 4) 
ANCESTRY    (5)	19 (12 -> 21) 	17 (21 -> 20) 	16 (20 -> 19) 	13 (19 -> 15) 	5 (15 -> 5) 
ANCESTRY    (6)	19 (12 -> 21) 	18 (21 -> 6) 
ANCESTRY    (7)	19 (12 -> 21) 	17 (21 -> 20) 	16 (20 -> 19) 	13 (19 -> 15) 	6 (15 -> 7) 
ANCESTRY    (8)	19 (12 -> 21) 	17 (21 -> 20) 	16 (20 -> 19) 	14 (19 -> 18) 	12 (18 -> 16) 	8 (16 -> 8) 
ANCESTRY    (9)	19 (12 -> 21) 	17 (21 -> 20) 	16 (20 -> 19) 	14 (19 -> 18) 	12 (18 -> 16) 	7 (16 -> 9) 
ANCESTRY    (10)	19 (12 -> 21) 	17 (21 -> 20) 	15 (20 -> 17) 	10 (17 -> 13) 	2 (13 -> 10) 
ANCESTRY    (11)	20 (12 -> 11) 

MUTATIONS   (1)  dup, deln, crl, crg, wgd:	36	34	41	57	0
	eid	type	time
	15	crg	0.0446561	2.80243
	15	dup	0.203465	5.4282
	15	dup	0.555401	11.2472
	15	dup	0.673754	13.204
	15	crg	0.713377	13.8592
	15	crg	0.760506	14.6384
	15	crl	0.941775	17.6356
	10	del	0.00121048	18.9468
	10	crl	0.00921439	21.2512
	10	del	0.0200771	24.3786
	10	dup	0.0250696	25.816
	10	dup	0.0274733	26.5081
	10	dup	0.0692844	38.5458
	10	crl	0.0803211	41.7234
	10	del	0.0814343	42.0439
	10	del	0.0874323	43.7708
	10	crl	0.0898688	44.4722
	10	dup	0.102388	48.0768
	10	dup	0.107786	49.6309
	10	crl	0.111257	50.63
	10	crg	0.112431	50.9682
	10	dup	0.120404	53.2635
	10	crg	0.137449	58.1711
	10	crl	0.141801	59.4238
	10	dup	0.144271	60.135
	10	crg	0.147259	60.9953
	10	crg	0.167872	66.9301
	10	crg	0.175229	69.0481
	10	dup	0.185684	72.0583
	10	dup	0.192907	74.1379
	10	crg	0.211035	79.3568
	10	crg	0.219267	81.7269
	10	crl	0.225884	83.6322
	10	crg	0.226452	83.7956
	10	del	0.22876	84.4602
	10	dup	0.231155	85.1497
	10	crg	0.255457	92.1465
	10	crl	0.255584	92.1829
	10	crg	0.25623	92.369
	10	crg	0.276275	98.14
	10	crl	0.282089	99.8141
	10	crl	0.287606	101.402
	10	crg	0.290019	102.097
	10	dup	0.29658	103.986
	10	crg	0.308265	107.35
	10	crg	0.312539	108.581
	10	crg	0.320468	110.864
	10	crl	0.324357	111.983
	10	crl	0.32831	113.122
	10	del	0.333038	114.483
	10	del	0.355037	120.816
	10	crg	0.358085	121.694
	10	del	0.361075	122.555
	10	crl	0.362119	122.855
	10	crl	0.36249	122.962
	10	crl	0.372499	125.844
	10	del	0.373815	126.223
	10	crg	0.377393	127.253
	10	crg	0.390756	131.1
	10	dup	0.393038	131.757
	10	del	0.401042	134.062
	10	dup	0.408018	136.07
	10	dup	0.408103	136.095
	10	crl	0.417894	138.913
	10	crl	0.431593	142.857
	10	dup	0.451588	148.614
	10	crl	0.453059	149.038
	10	del	0.454583	149.476
	10	crl	0.455753	149.813
	10	dup	0.461888	151.58
	10	del	0.466104	152.793
	10	crl	0.471555	154.363
	10	dup	0.476182	155.695
	10	dup	0.482103	157.4
	10	crg	0.483956	157.933
	10	crg	0.508004	164.857
	10	crg	0.516435	167.284
	10	del	0.534279	172.422
	10	crg	0.536332	173.013
	10	dup	0.542756	174.862
	10	crl	0.557267	179.04
	10	crl	0.580485	185.725
	10	crl	0.581889	186.129
	10	crl	0.590577	188.63
	10	crg	0.60026	191.418
	10	crl	0.602524	192.07
	10	crg	0.605814	193.017
	10	crl	0.619067	196.833
	10	crg	0.641165	203.195
	10	crl	0.64322	203.787
	10	del	0.660789	208.845
	10	crg	0.66353	209.634
	10	del	0.671269	211.862
	10	crg	0.689484	217.106
	10	crl	0.692276	217.91
	10	del	0.694052	218.422
	10	crg	0.700863	220.382
	10	dup	0.711888	223.557
	10	del	0.716664	224.932
	10	crl	0.729781	228.708
	10	dup	0.734111	229.955
	10	crg	0.741005	231.94
	10	crg	0.74248	232.364
	10	crl	0.742959	232.502
	10	crg	0.758812	237.067
	10	dup	0.766519	239.286
	10	crg	0.768284	239.794
	10	crg	0.783648	244.217
	10	del	0.799512	248.784
	10	del	0.802353	249.602
	10	dup	0.807752	251.157
	10	crg	0.809122	251.551
	10	crg	0.809567	251.679
	10	crg	0.810185	251.857
	10	del	0.82191	255.233
	10	crl	0.822836	255.5
	10	crl	0.849075	263.054
	10	del	0.855881	265.013
	10	del	0.866103	267.957
	10	dup	0.866872	268.178
	10	crg	0.877076	271.116
	10	del	0.88331	272.911
	10	crg	0.898825	277.377
	10	crg	0.906633	279.625
	10	dup	0.915647	282.221
	10	del	0.938568	288.82
	10	del	0.955503	293.696
	10	crg	0.957128	294.163
	10	crg	0.957707	294.33
	10	del	0.965446	296.558
	10	del	0.974116	299.054
	10	del	0.983992	301.898
	10	crg	0.986568	302.639
	10	crg	0.988119	303.086
	10	dup	0.988663	303.242
	10	dup	0.999293	306.303
	1	crg	0.00174859	306.645
	1	del	0.0111338	307.389
	1	crl	0.0359772	309.358
	1	crl	0.0498837	310.46
	1	crl	0.0641004	311.587
	1	crl	0.0802365	312.865
	1	crl	0.0880801	313.487
	1	dup	0.176341	320.482
	1	crg	0.190051	321.568
	1	crg	0.234212	325.068
	1	crl	0.299625	330.252
	1	crg	0.31198	331.231
	1	crg	0.337387	333.245
	1	dup	0.363337	335.301
	1	crg	0.383682	336.914
	1	crg	0.416299	339.499
	1	dup	0.47089	343.825
	1	del	0.503682	346.424
	1	del	0.510706	346.981
	1	del	0.516172	347.414
	1	crl	0.543834	349.606
	1	crg	0.646711	357.759
	1	crg	0.699877	361.973
	1	dup	0.733859	364.666
	1	crl	0.744432	365.504
	1	del	0.838651	372.971
	1	dup	0.844353	373.422
	1	crg	0.848375	373.741
	1	dup	0.953413	382.066
	1	crg	0.954128	382.122
	1	del	0.960345	382.615
	1	crl	0.985387	384.599

MUTATIONS   (2)  dup, deln, crl, crg, wgd:	50	30	35	40	0
	eid	type	time
	15	crg	0.0446561	2.80243
	15	dup	0.203465	5.4282
	15	dup	0.555401	11.2472
	15	dup	0.673754	13.204
	15	crg	0.713377	13.8592
	15	crg	0.760506	14.6384
	15	crl	0.941775	17.6356
	9	crl	0.0210934	22.888
	9	del	0.0458448	27.9216
	9	dup	0.066308	32.0831
	9	del	0.0814222	35.1569
	9	del	0.0825724	35.3908
	9	crl	0.105646	40.0831
	9	del	0.107059	40.3705
	9	crl	0.136505	46.3589
	9	dup	0.1484	48.7779
	9	crg	0.150926	49.2916
	9	crl	0.154069	49.9308
	9	crl	0.175464	54.2818
	9	dup	0.18457	56.1338
	9	crg	0.215483	62.4203
	9	del	0.217245	62.7787
	9	crl	0.220766	63.4947
	9	del	0.285479	76.6553
	9	dup	0.295085	78.6088
	9	dup	0.30982	81.6055
	9	del	0.311974	82.0435
	9	crl	0.318149	83.2993
	9	crg	0.324775	84.6469
	9	crg	0.345357	88.8325
	9	crl	0.3548	90.7528
	9	crg	0.36279	92.3778
	9	crl	0.417093	103.421
	9	dup	0.422027	104.425
	9	dup	0.424735	104.975
	9	del	0.436678	107.404
	9	dup	0.437418	107.555
	9	crg	0.46307	112.771
	9	dup	0.468767	113.93
	9	crg	0.496429	119.555
	9	crg	0.517702	123.882
	9	crl	0.519424	124.232
	9	dup	0.528358	126.049
	9	dup	0.542364	128.897
	9	del	0.54865	130.176
	9	dup	0.552563	130.971
	9	crg	0.556856	131.844
	9	dup	0.580746	136.703
	9	crl	0.603033	141.235
	9	del	0.613015	143.265
	9	crl	0.639306	148.612
	9	crl	0.644608	149.69
	9	crl	0.661232	153.071
	9	dup	0.668836	154.617
	9	dup	0.67132	155.123
	9	crg	0.685135	157.932
	9	crg	0.707303	162.44
	9	crg	0.710823	163.156
	9	del	0.732009	167.465
	9	del	0.742962	169.692
	9	crg	0.754924	172.125
	9	crg	0.763408	173.85
	9	del	0.77227	175.652
	9	crl	0.784457	178.131
	9	crl	0.795338	180.344
	9	crg	0.807942	182.907
	9	crl	0.808012	182.921
	9	dup	0.830056	187.404
	9	dup	0.840562	189.541
	9	dup	0.854226	192.32
	9	dup	0.872582	196.053
	9	del	0.881915	197.951
	9	dup	0.911656	203.999
	9	crg	0.919727	205.64
	9	crg	0.929516	207.631
	9	del	0.930562	207.844
	9	dup	0.93204	208.144
	9	crg	0.950938	211.988
	9	crg	0.961841	214.205
	9	crl	0.963833	214.61
	9	dup	0.973594	216.595
	9	dup	0.991827	220.303
	3	del	0.0215982	225.503
	3	crg	0.0341406	227.557
	3	crg	0.0408862	228.662
	3	del	0.0492679	230.035
	3	dup	0.069706	233.383
	3	crg	0.0824821	235.475
	3	del	0.104035	239.005
	3	dup	0.119718	241.574
	3	crl	0.126952	242.759
	3	del	0.139846	244.871
	3	crg	0.142	245.224
	3	del	0.142161	245.25
	3	del	0.150812	246.667
	3	dup	0.152211	246.896
	3	crl	0.172319	250.19
	3	dup	0.173276	250.347
	3	crg	0.181666	251.721
	3	dup	0.195454	253.979
	3	dup	0.204689	255.492
	3	crg	0.227549	259.236
	3	crg	0.232978	260.125
	3	crg	0.279502	267.746
	3	dup	0.279899	267.811
	3	dup	0.297177	270.641
	3	crl	0.32729	275.573
	3	crg	0.336295	277.048
	3	dup	0.363432	281.493
	3	dup	0.400145	287.506
	3	crg	0.404188	288.168
	3	crg	0.406039	288.471
	3	dup	0.409428	289.026
	3	del	0.42812	292.088
	3	dup	0.441282	294.244
	3	del	0.458485	297.061
	3	dup	0.461804	297.605
	3	dup	0.510422	305.568
	3	del	0.511052	305.672
	3	crg	0.540253	310.455
	3	dup	0.573444	315.891
	3	dup	0.578943	316.792
	3	del	0.586054	317.956
	3	crg	0.589456	318.514
	3	crl	0.598902	320.061
	3	crl	0.607689	321.5
	3	crl	0.612984	322.367
	3	del	0.614487	322.613
	3	crl	0.619037	323.359
	3	del	0.634095	325.825
	3	dup	0.649905	328.415
	3	dup	0.652875	328.901
	3	crl	0.659115	329.923
	3	crg	0.668084	331.392
	3	dup	0.752816	345.271
	3	crl	0.774685	348.853
	3	crl	0.797564	352.6
	3	del	0.821269	356.483
	3	crl	0.824359	356.989
	3	crg	0.830764	358.038
	3	del	0.854121	361.864
	3	dup	0.862204	363.188
	3	crl	0.863983	363.479
	3	dup	0.871082	364.642
	3	crg	0.8729	364.94
	3	crl	0.883672	366.704
	3	crl	0.888482	367.492
	3	crg	0.89081	367.873
	3	dup	0.91224	371.383
	3	crg	0.918017	372.329
	3	crl	0.945745	376.871
	3	del	0.952201	377.928
	3	dup	0.957881	378.859
	3	dup	0.978359	382.213
	3	crl	0.995784	385.067

MUTATIONS   (3)  dup, deln, crl, crg, wgd:	41	30	42	45	0
	eid	type	time
	15	crg	0.0446561	2.80243
	15	dup	0.203465	5.4282
	15	dup	0.555401	11.2472
	15	dup	0.673754	13.204
	15	crg	0.713377	13.8592
	15	crg	0.760506	14.6384
	15	crl	0.941775	17.6356
	9	crl	0.0210934	22.888
	9	del	0.0458448	27.9216
	9	dup	0.066308	32.0831
	9	del	0.0814222	35.1569
	9	del	0.0825724	35.3908
	9	crl	0.105646	40.0831
	9	del	0.107059	40.3705
	9	crl	0.136505	46.3589
	9	dup	0.1484	48.7779
	9	crg	0.150926	49.2916
	9	crl	0.154069	49.9308
	9	crl	0.175464	54.2818
	9	dup	0.18457	56.1338
	9	crg	0.215483	62.4203
	9	del	0.217245	62.7787
	9	crl	0.220766	63.4947
	9	del	0.285479	76.6553
	9	dup	0.295085	78.6088
	9	dup	0.30982	81.6055
	9	del	0.311974	82.0435
	9	crl	0.318149	83.2993
	9	crg	0.324775	84.6469
	9	crg	0.345357	88.8325
	9	crl	0.3548	90.7528
	9	crg	0.36279	92.3778
	9	crl	0.417093	103.421
	9	dup	0.422027	104.425
	9	dup	0.424735	104.975
	9	del	0.436678	107.404
	9	dup	0.437418	107.555
	9	crg	0.46307	112.771
	9	dup	0.468767	113.93
	9	crg	0.496429	119.555
	9	crg	0.517702	123.882
	9	crl	0.519424	124.232
	9	dup	0.528358	126.049
	9	dup	0.542364	128.897
	9	del	0.54865	130.176
	9	dup	0.552563	130.971
	9	crg	0.556856	131.844
	9	dup	0.580746	136.703
	9	crl	0.603033	141.235
	9	del	0.613015	143.265
	9	crl	0.639306	148.612
	9	crl	0.644608	149.69
	9	crl	0.661232	153.071
	9	dup	0.668836	154.617
	9	dup	0.67132	155.123
	9	crg	0.685135	157.932
	9	crg	0.707303	162.44
	9	crg	0.710823	163.156
	9	del	0.732009	167.465
	9	del	0.742962	169.692
	9	crg	0.754924	172.125
	9	crg	0.763408	173.85
	9	del	0.77227	175.652
	9	crl	0.784457	178.131
	9	crl	0.795338	180.344
	9	crg	0.807942	182.907
	9	crl	0.808012	182.921
	9	dup	0.830056	187.404
	9	dup	0.840562	189.541
	9	dup	0.854226	192.32
	9	dup	0.872582	196.053
	9	del	0.881915	197.951
	9	dup	0.911656	203.999
	9	crg	0.919727	205.64
	9	crg	0.929516	207.631
	9	del	0.930562	207.844
	9	dup	0.93204	208.144
	9	crg	0.950938	211.988
	9	crg	0.961841	214.205
	9	crl	0.963833	214.61
	9	dup	0.973594	216.595
	9	dup	0.991827	220.303
	4	crg	0.0156797	224.533
	4	crg	0.0197834	225.206
	4	crl	0.037615	228.126
	4	crl	0.0417134	228.798
	4	crl	0.0585336	231.553
	4	crg	0.0754399	234.322
	4	crg	0.0790935	234.92
	4	dup	0.121565	241.877
	4	crl	0.168919	249.633
	4	del	0.175281	250.675
	4	dup	0.203099	255.231
	4	del	0.203173	255.243
	4	crl	0.210902	256.509
	4	del	0.228558	259.401
	4	crl	0.242379	261.665
	4	crl	0.244401	261.996
	4	dup	0.251695	263.191
	4	crl	0.273019	266.684
	4	dup	0.277988	267.498
	4	crl	0.287365	269.033
	4	dup	0.30237	271.491
	4	crg	0.337608	277.263
	4	del	0.359495	280.848
	4	dup	0.366716	282.03
	4	crl	0.377699	283.829
	4	crg	0.391938	286.162
	4	dup	0.411757	289.408
	4	del	0.421922	291.073
	4	crl	0.427904	292.053
	4	crg	0.429539	292.32
	4	crl	0.460658	297.418
	4	crg	0.469486	298.863
	4	crl	0.494141	302.902
	4	crl	0.519157	306.999
	4	crg	0.522111	307.483
	4	dup	0.523633	307.732
	4	del	0.537961	310.079
	4	del	0.543617	311.005
	4	crl	0.54468	311.18
	4	crg	0.562755	314.14
	4	crg	0.567255	314.877
	4	del	0.568889	315.145
	4	crl	0.606546	321.313
	4	del	0.616808	322.994
	4	crg	0.621645	323.786
	4	dup	0.622264	323.887
	4	crg	0.623084	324.022
	4	crg	0.629373	325.052
	4	crg	0.653928	329.074
	4	crg	0.667277	331.26
	4	crl	0.67987	333.323
	4	crg	0.712056	338.595
	4	dup	0.716255	339.282
	4	crl	0.722453	340.297
	4	dup	0.728627	341.309
	4	dup	0.735634	342.456
	4	del	0.747485	344.398
	4	dup	0.75065	344.916
	4	dup	0.75489	345.61
	4	del	0.755295	345.677
	4	crg	0.764444	347.175
	4	crl	0.771839	348.387
	4	crg	0.794599	352.115
	4	crl	0.799961	352.993
	4	crg	0.816352	355.677
	4	crg	0.822072	356.614
	4	crl	0.875241	365.323
	4	crg	0.881442	366.339
	4	del	0.888868	367.555
	4	crl	0.906097	370.377
	4	del	0.90638	370.423
	4	del	0.933344	374.84
	4	del	0.933824	374.918
	4	crg	0.942361	376.317
	4	crl	0.979479	382.396
	4	dup	0.996347	385.159

MUTATIONS   (4)  dup, deln, crl, crg, wgd:	36	24	42	26	0
	eid	type	time
	16	dup	0.442093	2.95499
	14	crl	0.188251	6.15553
	11	dup	0.000934387	15.4547
	11	del	0.00317679	16.2858
	11	crg	0.0128597	19.8748
	11	del	0.0358727	28.4046
	11	dup	0.0367027	28.7122
	11	dup	0.0388179	29.4962
	11	del	0.0503156	33.7578
	11	crg	0.0509878	34.007
	11	crl	0.0542571	35.2187
	11	crl	0.0748548	42.8533
	11	crg	0.0770348	43.6612
	11	del	0.0781944	44.0911
	11	crg	0.0848694	46.5651
	11	crl	0.0854237	46.7706
	11	dup	0.0903548	48.5983
	11	del	0.11502	57.7406
	11	del	0.117515	58.6654
	11	crl	0.117844	58.7873
	11	crg	0.118722	59.1124
	11	dup	0.134539	64.9752
	11	crg	0.137744	66.1631
	11	del	0.141491	67.5519
	11	dup	0.146882	69.5503
	11	dup	0.147537	69.7928
	11	crl	0.157707	73.5622
	11	del	0.165865	76.5862
	11	del	0.183564	83.1463
	11	crl	0.184491	83.4898
	11	crl	0.202105	90.0185
	11	del	0.209307	92.688
	11	crg	0.219952	96.6334
	11	del	0.221	97.0218
	11	dup	0.228909	99.9532
	11	dup	0.239299	103.804
	11	crl	0.25261	108.738
	11	crl	0.257833	110.674
	11	dup	0.258619	110.965
	11	crl	0.261806	112.146
	11	del	0.270796	115.479
	11	crg	0.27686	117.726
	11	crg	0.277652	118.02
	11	del	0.278415	118.303
	11	dup	0.292511	123.527
	11	crg	0.293128	123.756
	11	crg	0.294745	124.355
	11	crg	0.330186	137.492
	11	dup	0.339663	141.004
	11	dup	0.352362	145.711
	11	dup	0.360139	148.594
	11	dup	0.365671	150.644
	11	crl	0.377265	154.941
	11	crg	0.380498	156.14
	11	dup	0.413269	168.286
	11	crg	0.426347	173.134
	11	del	0.436122	176.757
	11	crg	0.457593	184.715
	11	crl	0.45965	185.477
	11	dup	0.476202	191.612
	11	crl	0.480032	193.032
	11	crl	0.488556	196.191
	11	crg	0.496289	199.058
	11	crl	0.502883	201.501
	11	crl	0.511741	204.785
	11	crl	0.518281	207.209
	11	crl	0.527311	210.556
	11	del	0.547833	218.162
	11	crg	0.552535	219.905
	11	dup	0.566016	224.902
	11	crl	0.584938	231.915
	11	del	0.585309	232.053
	11	del	0.605331	239.474
	11	dup	0.610524	241.399
	11	crg	0.611794	241.869
	11	crg	0.621827	245.588
	11	dup	0.627365	247.641
	11	crg	0.628618	248.105
	11	crl	0.630287	248.724
	11	dup	0.632049	249.377
	11	crl	0.632195	249.431
	11	dup	0.635313	250.587
	11	del	0.653189	257.212
	11	dup	0.698999	274.192
	11	crl	0.699953	274.545
	11	crl	0.701102	274.971
	11	crl	0.704349	276.175
	11	del	0.704621	276.276
	11	crl	0.718429	281.393
	11	crl	0.719737	281.878
	11	dup	0.727124	284.616
	11	crl	0.742347	290.259
	11	crl	0.742636	290.366
	11	crg	0.775531	302.558
	11	crg	0.787893	307.14
	11	dup	0.7945	309.589
	11	dup	0.820147	319.095
	11	crl	0.820549	319.244
	11	crg	0.822171	319.846
	11	del	0.84067	326.702
	11	crl	0.84891	329.756
	11	del	0.862929	334.952
	11	crl	0.864621	335.58
	11	crl	0.867135	336.511
	11	crg	0.873116	338.728
	11	dup	0.874945	339.406
	11	del	0.875182	339.494
	11	dup	0.875783	339.717
	11	crl	0.889612	344.842
	11	crl	0.892	345.727
	11	dup	0.894791	346.762
	11	crl	0.896048	347.228
	11	dup	0.907851	351.603
	11	crl	0.91406	353.904
	11	dup	0.924999	357.959
	11	del	0.931556	360.389
	11	crl	0.933218	361.005
	11	crg	0.933806	361.223
	11	dup	0.939953	363.501
	11	crl	0.942059	364.282
	11	del	0.952682	368.219
	11	crg	0.952841	368.278
	11	crl	0.958022	370.199
	11	dup	0.976479	377.04
	11	crl	0.991963	382.779
	11	dup	0.99627	384.375
	11	crl	0.998567	385.227
	11	dup	0.999856	385.704

MUTATIONS   (5)  dup, deln, crl, crg, wgd:	37	35	44	51	0
	eid	type	time
	16	dup	0.442093	2.95499
	13	dup	0.0189634	5.88517
	13	crg	0.0684395	10.5967
	13	crg	0.071143	10.8542
	13	crg	0.0883108	12.4891
	13	crl	0.0921156	12.8514
	13	del	0.106499	14.2212
	13	dup	0.135673	16.9993
	13	crg	0.198095	22.9437
	13	crl	0.202577	23.3705
	13	crl	0.205983	23.6949
	13	crg	0.229925	25.9748
	13	del	0.279164	30.6638
	13	del	0.281515	30.8878
	13	crg	0.315412	34.1157
	13	crl	0.32336	34.8726
	13	dup	0.324982	35.0271
	13	dup	0.408047	42.9373
	13	del	0.426451	44.6899
	13	crg	0.449874	46.9204
	13	crl	0.577313	59.0563
	13	crl	0.656025	66.552
	13	crl	0.661213	67.0461
	13	crl	0.724234	73.0475
	13	crg	0.754926	75.9703
	13	crg	0.765649	76.9914
	13	del	0.781716	78.5215
	13	crg	0.786065	78.9356
	13	crl	0.797234	79.9993
	13	dup	0.824768	82.6213
	13	del	0.839065	83.9828
	13	crg	0.869037	86.837
	13	dup	0.882223	88.0926
	13	dup	0.911049	90.8378
	13	del	0.911612	90.8913
	13	crl	0.920073	91.6971
	13	crg	0.932557	92.8859
	13	crg	0.963963	95.8767
	13	del	0.969941	96.4459
	13	crg	0.980304	97.4328
	13	crl	0.981128	97.5113
	5	crg	0.00263725	100.064
	5	crg	0.0260705	106.776
	5	crl	0.0343737	109.155
	5	del	0.0509824	113.912
	5	del	0.0560207	115.356
	5	del	0.0654735	118.063
	5	crg	0.0729298	120.199
	5	crl	0.0788723	121.901
	5	dup	0.0795996	122.11
	5	del	0.0823305	122.892
	5	crg	0.0891376	124.842
	5	crg	0.113863	131.924
	5	crg	0.12148	134.106
	5	dup	0.127205	135.746
	5	dup	0.146938	141.399
	5	crg	0.146955	141.404
	5	dup	0.151523	142.712
	5	crg	0.162614	145.889
	5	dup	0.179465	150.716
	5	crg	0.19775	155.954
	5	crg	0.198631	156.206
	5	crg	0.198749	156.24
	5	del	0.213565	160.484
	5	dup	0.217863	161.715
	5	crl	0.221394	162.727
	5	crg	0.221855	162.859
	5	del	0.242628	168.809
	5	crl	0.24575	169.703
	5	crl	0.249705	170.836
	5	del	0.255568	172.516
	5	crg	0.261925	174.337
	5	crg	0.27384	177.75
	5	crg	0.279948	179.499
	5	crl	0.291721	182.872
	5	crg	0.295536	183.964
	5	crl	0.297101	184.413
	5	del	0.314108	189.285
	5	crg	0.316185	189.879
	5	dup	0.320703	191.174
	5	del	0.324324	192.211
	5	crg	0.333126	194.732
	5	dup	0.351646	200.037
	5	crl	0.355235	201.065
	5	crg	0.362524	203.153
	5	crg	0.371849	205.824
	5	dup	0.387914	210.426
	5	del	0.393986	212.165
	5	crl	0.416608	218.645
	5	crg	0.421094	219.93
	5	crg	0.429428	222.318
	5	crl	0.434409	223.744
	5	crg	0.436122	224.235
	5	dup	0.449839	228.164
	5	crl	0.452882	229.036
	5	dup	0.457087	230.241
	5	crl	0.459568	230.951
	5	crl	0.465249	232.579
	5	del	0.470433	234.063
	5	dup	0.47353	234.951
	5	crl	0.481976	237.37
	5	crg	0.482757	237.594
	5	crl	0.487675	239.003
	5	del	0.516977	247.396
	5	crl	0.520709	248.465
	5	dup	0.527368	250.373
	5	crg	0.536425	252.967
	5	crl	0.539431	253.828
	5	dup	0.549585	256.737
	5	crg	0.554967	258.278
	5	crg	0.558335	259.243
	5	dup	0.586468	267.302
	5	del	0.590346	268.412
	5	del	0.591219	268.663
	5	dup	0.596703	270.234
	5	dup	0.598329	270.699
	5	del	0.606625	273.076
	5	crg	0.639804	282.58
	5	crg	0.647208	284.701
	5	del	0.647859	284.887
	5	del	0.648269	285.005
	5	crl	0.648713	285.132
	5	crl	0.655484	287.071
	5	crl	0.668182	290.709
	5	crl	0.680815	294.327
	5	crl	0.691247	297.316
	5	crl	0.700918	300.086
	5	crg	0.707283	301.909
	5	crg	0.711287	303.056
	5	dup	0.726929	307.537
	5	crl	0.740922	311.545
	5	crg	0.753358	315.107
	5	crl	0.754233	315.358
	5	crg	0.781654	323.213
	5	crl	0.797503	327.753
	5	del	0.799837	328.421
	5	crl	0.801055	328.77
	5	del	0.803186	329.38
	5	dup	0.810052	331.347
	5	crg	0.816019	333.056
	5	crg	0.818742	333.836
	5	dup	0.82013	334.234
	5	crl	0.828726	336.696
	5	del	0.837202	339.124
	5	dup	0.839346	339.738
	5	crg	0.839576	339.804
	5	del	0.843985	341.067
	5	dup	0.847954	342.204
	5	dup	0.849987	342.786
	5	dup	0.851572	343.24
	5	del	0.859555	345.527
	5	del	0.864334	346.896
	5	dup	0.864913	347.062
	5	del	0.878638	350.994
	5	crl	0.883132	352.281
	5	dup	0.890974	354.527
	5	crg	0.900861	357.359
	5	dup	0.909502	359.834
	5	crl	0.912849	360.793
	5	del	0.927088	364.872
	5	del	0.950554	371.594
	5	crl	0.952844	372.25
	5	crl	0.957559	373.601
	5	dup	0.96618	376.07
	5	dup	0.969207	376.937
	5	del	0.981747	380.529
	5	crl	0.996035	384.622

MUTATIONS   (6)  dup, deln, crl, crg, wgd:	35	39	41	38	1
	eid	type	time
	18	dup	0.00563372	2.9062
	18	crg	0.0299343	12.2624
	18	crl	0.0358828	14.5527
	18	crg	0.0484331	19.3848
	18	dup	0.0651265	25.8121
	18	crl	0.0719152	28.4259
	18	dup	0.0878108	34.546
	18	del	0.0889001	34.9655
	18	del	0.0927805	36.4595
	18	crl	0.103676	40.6544
	18	dup	0.111694	43.7417
	18	del	0.118826	46.4875
	18	del	0.130754	51.0802
	18	crg	0.132813	51.8726
	18	crg	0.146479	57.1347
	18	crl	0.156259	60.9
	18	crl	0.162734	63.3929
	18	dup	0.168577	65.6429
	18	dup	0.168977	65.7968
	18	dup	0.192188	74.7336
	18	dup	0.195047	75.834
	18	crg	0.201279	78.2335
	18	dup	0.201705	78.3978
	18	del	0.206725	80.3305
	18	crl	0.206923	80.4068
	18	crg	0.207309	80.5552
	18	del	0.212492	82.5508
	18	del	0.223259	86.6965
	18	crl	0.242913	94.2636
	18	crg	0.249455	96.7824
	18	dup	0.25453	98.7365
	18	dup	0.266531	103.357
	18	dup	0.28561	110.703
	18	crl	0.295953	114.685
	18	crg	0.300027	116.254
	18	crg	0.300416	116.403
	18	crl	0.301666	116.885
	18	crg	0.307868	119.273
	18	crg	0.30807	119.35
	18	crl	0.312321	120.987
	18	crl	0.328328	127.15
	18	dup	0.331115	128.223
	18	crl	0.342952	132.78
	18	dup	0.367613	142.276
	18	del	0.375395	145.272
	18	del	0.380389	147.194
	18	del	0.384223	148.671
	18	crl	0.384742	148.87
	18	del	0.388551	150.337
	18	crl	0.39298	152.043
	18	del	0.409932	158.569
	18	crg	0.413485	159.937
	18	crg	0.416263	161.007
	18	wgd	0.419489	162.249
	18	crl	0.419569	162.28
	18	crl	0.434106	167.877
	18	crg	0.44181	170.843
	18	crg	0.447566	173.059
	18	crl	0.458666	177.333
	18	crl	0.459441	177.631
	18	crg	0.463047	179.02
	18	del	0.488248	188.722
	18	del	0.497823	192.409
	18	crl	0.507796	196.249
	18	crl	0.508653	196.579
	18	dup	0.513239	198.344
	18	crg	0.517267	199.895
	18	crg	0.520541	201.156
	18	dup	0.5221	201.756
	18	del	0.525249	202.969
	18	crl	0.53391	206.303
	18	crg	0.535228	206.811
	18	crg	0.539477	208.447
	18	crl	0.545028	210.584
	18	del	0.551075	212.912
	18	crg	0.551647	213.132
	18	crl	0.55975	216.252
	18	del	0.56138	216.88
	18	del	0.574737	222.023
	18	dup	0.590264	228.001
	18	dup	0.623595	240.834
	18	dup	0.628708	242.802
	18	crl	0.630769	243.596
	18	crl	0.631684	243.948
	18	crl	0.635115	245.269
	18	del	0.635358	245.363
	18	del	0.638901	246.727
	18	dup	0.640195	247.225
	18	dup	0.649802	250.924
	18	crl	0.649814	250.929
	18	crl	0.651438	251.554
	18	crg	0.652931	252.129
	18	crl	0.671008	259.089
	18	dup	0.675896	260.971
	18	del	0.679842	262.49
	18	crl	0.685467	264.656
	18	crl	0.699996	270.25
	18	dup	0.711528	274.69
	18	dup	0.721492	278.526
	18	del	0.724717	279.768
	18	crg	0.728176	281.1
	18	del	0.730927	282.159
	18	crg	0.730931	282.161
	18	dup	0.763868	294.842
	18	crg	0.767042	296.064
	18	crl	0.781277	301.545
	18	crl	0.78293	302.181
	18	dup	0.783466	302.387
	18	crl	0.785586	303.204
	18	del	0.796608	307.448
	18	dup	0.800124	308.801
	18	crg	0.801411	309.297
	18	dup	0.802319	309.646
	18	crl	0.805825	310.996
	18	del	0.80597	311.052
	18	del	0.807373	311.592
	18	dup	0.809534	312.424
	18	crg	0.82685	319.091
	18	del	0.828348	319.668
	18	del	0.832052	321.094
	18	dup	0.832136	321.126
	18	del	0.832364	321.214
	18	crg	0.834281	321.953
	18	del	0.840154	324.213
	18	crl	0.843311	325.429
	18	del	0.846241	326.557
	18	del	0.858915	331.437
	18	crg	0.860485	332.041
	18	dup	0.876155	338.075
	18	crg	0.886104	341.905
	18	crg	0.887312	342.37
	18	dup	0.891972	344.165
	18	dup	0.914202	352.724
	18	dup	0.915054	353.051
	18	crg	0.916578	353.638
	18	crl	0.938644	362.134
	18	del	0.938964	362.257
	18	del	0.939669	362.529
	18	crg	0.949285	366.231
	18	crg	0.949916	366.474
	18	del	0.954435	368.214
	18	del	0.954844	368.372
	18	crg	0.960149	370.414
	18	crl	0.961857	371.072
	18	crl	0.961927	371.099
	18	del	0.964753	372.187
	18	dup	0.972763	375.271
	18	del	0.973296	375.476
	18	del	0.986136	380.42
	18	crl	0.986347	380.501
	18	crl	0.987708	381.025
	18	crg	0.993471	383.244
	18	crg	0.996563	384.434
	18	crg	0.997741	384.888

MUTATIONS   (7)  dup, deln, crl, crg, wgd:	42	34	41	43	1
	eid	type	time
	16	dup	0.442093	2.95499
	13	dup	0.0189634	5.88517
	13	crg	0.0684395	10.5967
	13	crg	0.071143	10.8542
	13	crg	0.0883108	12.4891
	13	crl	0.0921156	12.8514
	13	del	0.106499	14.2212
	13	dup	0.135673	16.9993
	13	crg	0.198095	22.9437
	13	crl	0.202577	23.3705
	13	crl	0.205983	23.6949
	13	crg	0.229925	25.9748
	13	del	0.279164	30.6638
	13	del	0.281515	30.8878
	13	crg	0.315412	34.1157
	13	crl	0.32336	34.8726
	13	dup	0.324982	35.0271
	13	dup	0.408047	42.9373
	13	del	0.426451	44.6899
	13	crg	0.449874	46.9204
	13	crl	0.577313	59.0563
	13	crl	0.656025	66.552
	13	crl	0.661213	67.0461
	13	crl	0.724234	73.0475
	13	crg	0.754926	75.9703
	13	crg	0.765649	76.9914
	13	del	0.781716	78.5215
	13	crg	0.786065	78.9356
	13	crl	0.797234	79.9993
	13	dup	0.824768	82.6213
	13	del	0.839065	83.9828
	13	crg	0.869037	86.837
	13	dup	0.882223	88.0926
	13	dup	0.911049	90.8378
	13	del	0.911612	90.8913
	13	crl	0.920073	91.6971
	13	crg	0.932557	92.8859
	13	crg	0.963963	95.8767
	13	del	0.969941	96.4459
	13	crg	0.980304	97.4328
	13	crl	0.981128	97.5113
	6	dup	0.00717421	101.364
	6	crg	0.0247703	106.404
	6	dup	0.031671	108.381
	6	dup	0.0522028	114.262
	6	dup	0.0751706	120.841
	6	crl	0.0820408	122.809
	6	crl	0.104556	129.259
	6	del	0.11197	131.382
	6	dup	0.12276	134.473
	6	crg	0.12625	135.473
	6	del	0.142048	139.998
	6	dup	0.142097	140.012
	6	crl	0.144033	140.567
	6	dup	0.15	142.276
	6	crg	0.175048	149.451
	6	crg	0.179829	150.82
	6	del	0.181088	151.181
	6	crl	0.189709	153.65
	6	crl	0.189964	153.724
	6	crl	0.204242	157.813
	6	dup	0.223927	163.452
	6	crl	0.228912	164.88
	6	del	0.238948	167.755
	6	crl	0.25331	171.869
	6	dup	0.25342	171.9
	6	crg	0.255598	172.524
	6	dup	0.262854	174.603
	6	dup	0.266174	175.554
	6	crg	0.272569	177.386
	6	del	0.283338	180.47
	6	crg	0.285791	181.173
	6	del	0.290028	182.387
	6	dup	0.311494	188.536
	6	del	0.331985	194.405
	6	crg	0.333029	194.704
	6	dup	0.342954	197.547
	6	del	0.344729	198.056
	6	crl	0.356074	201.306
	6	dup	0.371631	205.762
	6	crg	0.395327	212.55
	6	crg	0.397164	213.076
	6	crl	0.406111	215.639
	6	del	0.414964	218.175
	6	del	0.415692	218.383
	6	crl	0.427771	221.843
	6	crg	0.451889	228.752
	6	crl	0.468492	233.508
	6	del	0.470938	234.208
	6	crl	0.475774	235.593
	6	dup	0.479511	236.664
	6	dup	0.493995	240.813
	6	del	0.494726	241.022
	6	dup	0.503044	243.405
	6	dup	0.519311	248.065
	6	crl	0.524753	249.623
	6	crl	0.53242	251.82
	6	del	0.539255	253.778
	6	crg	0.544617	255.313
	6	crg	0.548273	256.361
	6	crg	0.549643	256.753
	6	crl	0.570167	262.632
	6	crl	0.582283	266.103
	6	dup	0.585166	266.929
	6	del	0.593748	269.387
	6	crl	0.596844	270.274
	6	crl	0.601249	271.536
	6	crg	0.621219	277.256
	6	dup	0.621662	277.383
	6	dup	0.624479	278.19
	6	dup	0.630958	280.046
	6	del	0.639082	282.373
	6	del	0.65091	285.761
	6	crl	0.655549	287.09
	6	crl	0.658206	287.851
	6	del	0.662297	289.023
	6	crg	0.680456	294.225
	6	dup	0.68665	295.999
	6	dup	0.686705	296.014
	6	crl	0.686885	296.066
	6	del	0.689076	296.694
	6	crl	0.691135	297.283
	6	dup	0.69749	299.104
	6	del	0.702838	300.636
	6	dup	0.704175	301.019
	6	crg	0.709021	302.407
	6	crg	0.73032	308.508
	6	dup	0.742019	311.859
	6	del	0.759579	316.889
	6	del	0.763103	317.899
	6	crg	0.763399	317.984
	6	crg	0.766821	318.964
	6	crg	0.766932	318.995
	6	crg	0.772162	320.493
	6	crg	0.783723	323.805
	6	del	0.79608	327.345
	6	dup	0.805238	329.968
	6	crg	0.812724	332.113
	6	dup	0.813142	332.232
	6	crg	0.822163	334.816
	6	dup	0.823263	335.131
	6	crl	0.826344	336.014
	6	del	0.828576	336.653
	6	crl	0.833694	338.119
	6	del	0.839224	339.703
	6	crg	0.847205	341.989
	6	crl	0.866267	347.45
	6	crg	0.874978	349.945
	6	dup	0.877866	350.772
	6	crg	0.88805	353.689
	6	crl	0.900897	357.37
	6	del	0.931852	366.237
	6	del	0.961824	374.822
	6	dup	0.964027	375.453
	6	crl	0.968172	376.641
	6	crl	0.9731	378.052
	6	crl	0.9795	379.885
	6	crg	0.979883	379.995
	6	dup	0.984152	381.218
	6	wgd	0.99436	384.142
	6	dup	0.99944	385.597

MUTATIONS   (8)  dup, deln, crl, crg, wgd:	48	51	25	39	0
	eid	type	time
	16	dup	0.442093	2.95499
	14	crl	0.188251	6.15553
	12	crg	0.0535745	19.4647
	12	del	0.056323	19.6882
	12	crg	0.0716669	20.9359
	12	del	0.0851827	22.0349
	12	del	0.0915821	22.5553
	12	dup	0.10832	23.9163
	12	crl	0.147726	27.1206
	12	crg	0.151145	27.3986
	12	dup	0.170312	28.9572
	12	crl	0.180885	29.8169
	12	dup	0.18502	30.1531
	12	del	0.200281	31.394
	12	crg	0.208387	32.0532
	12	crg	0.269809	37.0477
	12	crl	0.285731	38.3424
	12	del	0.340901	42.8285
	12	del	0.350846	43.6372
	12	crl	0.484431	54.4995
	12	del	0.52175	57.5342
	12	dup	0.527479	58
	12	crg	0.52931	58.1489
	12	del	0.567682	61.2691
	12	dup	0.607428	64.501
	12	crg	0.611886	64.8635
	12	dup	0.620598	65.5719
	12	dup	0.63246	66.5364
	12	del	0.664735	69.1609
	12	crg	0.731517	74.5912
	12	dup	0.758335	76.7719
	12	del	0.79306	79.5955
	12	dup	0.799009	80.0793
	12	del	0.818831	81.6911
	12	del	0.849812	84.2102
	12	dup	0.861249	85.1403
	12	crg	0.874773	86.2399
	12	del	0.876557	86.385
	12	crg	0.908953	89.0193
	12	dup	0.968495	93.8609
	12	crl	0.986338	95.3118
	12	del	0.993996	95.9345
	8	dup	0.0030976	97.3189
	8	dup	0.0118511	99.8516
	8	crg	0.0174738	101.478
	8	del	0.0355737	106.715
	8	del	0.0356579	106.74
	8	dup	0.0363483	106.94
	8	del	0.0375888	107.298
	8	del	0.0513372	111.276
	8	del	0.0634153	114.771
	8	dup	0.0854125	121.136
	8	dup	0.0940611	123.638
	8	del	0.11033	128.345
	8	dup	0.110509	128.397
	8	dup	0.110756	128.468
	8	del	0.113791	129.346
	8	crg	0.118269	130.642
	8	crg	0.122679	131.918
	8	dup	0.124538	132.456
	8	dup	0.156787	141.787
	8	del	0.163877	143.838
	8	crg	0.16418	143.926
	8	dup	0.171905	146.161
	8	del	0.181734	149.005
	8	del	0.183656	149.561
	8	dup	0.189751	151.324
	8	crg	0.190925	151.664
	8	crg	0.192177	152.026
	8	del	0.204603	155.622
	8	crl	0.206428	156.15
	8	del	0.210675	157.378
	8	del	0.224022	161.24
	8	del	0.226275	161.892
	8	crl	0.23205	163.563
	8	dup	0.237792	165.224
	8	del	0.246271	167.678
	8	del	0.273582	175.579
	8	crg	0.278511	177.006
	8	crg	0.292047	180.922
	8	dup	0.298464	182.779
	8	crg	0.303413	184.211
	8	crl	0.328406	191.442
	8	crl	0.348149	197.154
	8	dup	0.352553	198.429
	8	crl	0.357331	199.811
	8	dup	0.359366	200.4
	8	crl	0.364855	201.988
	8	del	0.382674	207.144
	8	del	0.394163	210.468
	8	del	0.408864	214.721
	8	del	0.411254	215.413
	8	dup	0.433826	221.944
	8	dup	0.434766	222.216
	8	del	0.444651	225.076
	8	dup	0.44819	226.1
	8	del	0.454241	227.85
	8	crg	0.467145	231.584
	8	del	0.470151	232.454
	8	dup	0.47399	233.565
	8	crg	0.478472	234.861
	8	del	0.487028	237.337
	8	crg	0.493247	239.136
	8	crg	0.499448	240.931
	8	crg	0.509424	243.817
	8	del	0.514267	245.218
	8	crg	0.521343	247.265
	8	dup	0.525683	248.521
	8	del	0.528886	249.448
	8	dup	0.530077	249.793
	8	del	0.536898	251.766
	8	dup	0.540734	252.876
	8	crg	0.547452	254.82
	8	crl	0.549077	255.29
	8	dup	0.549928	255.536
	8	crg	0.555488	257.145
	8	crl	0.561668	258.933
	8	crl	0.5639	259.579
	8	dup	0.564763	259.828
	8	crg	0.603152	270.936
	8	del	0.603916	271.157
	8	del	0.605311	271.56
	8	dup	0.611068	273.226
	8	crg	0.630377	278.813
	8	crg	0.632486	279.423
	8	del	0.63319	279.627
	8	crg	0.642031	282.185
	8	del	0.646463	283.467
	8	del	0.652433	285.194
	8	crg	0.65568	286.134
	8	crl	0.668371	289.806
	8	dup	0.671486	290.707
	8	crl	0.674342	291.533
	8	dup	0.683087	294.064
	8	dup	0.690578	296.231
	8	crl	0.691031	296.362
	8	crl	0.733913	308.769
	8	crg	0.741183	310.873
	8	crl	0.746848	312.512
	8	del	0.750239	313.493
	8	crg	0.751373	313.821
	8	crl	0.761075	316.628
	8	crg	0.761881	316.861
	8	crl	0.767857	318.591
	8	dup	0.777527	321.388
	8	crl	0.781322	322.486
	8	del	0.811268	331.151
	8	crg	0.813704	331.856
	8	crg	0.835785	338.244
	8	crl	0.839488	339.316
	8	crg	0.858509	344.819
	8	dup	0.867915	347.541
	8	dup	0.87234	348.821
	8	crg	0.875754	349.809
	8	dup	0.88566	352.675
	8	dup	0.912072	360.317
	8	del	0.921051	362.915
	8	del	0.925076	364.08
	8	del	0.93267	366.277
	8	dup	0.944804	369.787
	8	dup	0.956954	373.303
	8	crl	0.975705	378.728
	8	dup	0.979052	379.697

MUTATIONS   (9)  dup, deln, crl, crg, wgd:	38	47	44	37	0
	eid	type	time
	16	dup	0.442093	2.95499
	14	crl	0.188251	6.15553
	12	crg	0.0535745	19.4647
	12	del	0.056323	19.6882
	12	crg	0.0716669	20.9359
	12	del	0.0851827	22.0349
	12	del	0.0915821	22.5553
	12	dup	0.10832	23.9163
	12	crl	0.147726	27.1206
	12	crg	0.151145	27.3986
	12	dup	0.170312	28.9572
	12	crl	0.180885	29.8169
	12	dup	0.18502	30.1531
	12	del	0.200281	31.394
	12	crg	0.208387	32.0532
	12	crg	0.269809	37.0477
	12	crl	0.285731	38.3424
	12	del	0.340901	42.8285
	12	del	0.350846	43.6372
	12	crl	0.484431	54.4995
	12	del	0.52175	57.5342
	12	dup	0.527479	58
	12	crg	0.52931	58.1489
	12	del	0.567682	61.2691
	12	dup	0.607428	64.501
	12	crg	0.611886	64.8635
	12	dup	0.620598	65.5719
	12	dup	0.63246	66.5364
	12	del	0.664735	69.1609
	12	crg	0.731517	74.5912
	12	dup	0.758335	76.7719
	12	del	0.79306	79.5955
	12	dup	0.799009	80.0793
	12	del	0.818831	81.6911
	12	del	0.849812	84.2102
	12	dup	0.861249	85.1403
	12	crg	0.874773	86.2399
	12	del	0.876557	86.385
	12	crg	0.908953	89.0193
	12	dup	0.968495	93.8609
	12	crl	0.986338	95.3118
	12	del	0.993996	95.9345
	7	crl	5.09078e-05	96.4374
	7	crg	0.013574	100.35
	7	crl	0.0168261	101.291
	7	del	0.023434	103.203
	7	dup	0.0265135	104.094
	7	crl	0.0292785	104.894
	7	crl	0.0339947	106.259
	7	dup	0.0537488	111.974
	7	dup	0.0642148	115.002
	7	del	0.0880651	121.903
	7	dup	0.12431	132.39
	7	del	0.138044	136.364
	7	crg	0.142269	137.586
	7	del	0.150389	139.935
	7	dup	0.159795	142.657
	7	dup	0.16699	144.739
	7	dup	0.167114	144.774
	7	del	0.171464	146.033
	7	crg	0.174094	146.794
	7	crg	0.186444	150.367
	7	dup	0.201879	154.833
	7	del	0.218059	159.515
	7	crg	0.220743	160.291
	7	crl	0.221216	160.428
	7	del	0.223975	161.226
	7	crg	0.232488	163.69
	7	crl	0.239235	165.642
	7	crg	0.241432	166.277
	7	crl	0.243484	166.871
	7	crg	0.248007	168.18
	7	del	0.252669	169.529
	7	crg	0.260295	171.735
	7	crl	0.260711	171.855
	7	crg	0.268793	174.194
	7	dup	0.269018	174.259
	7	del	0.290753	180.548
	7	dup	0.319751	188.938
	7	crl	0.346578	196.7
	7	crl	0.360532	200.737
	7	del	0.363638	201.636
	7	crl	0.383134	207.277
	7	dup	0.39315	210.175
	7	del	0.394604	210.595
	7	dup	0.398362	211.683
	7	dup	0.401951	212.721
	7	crl	0.407723	214.391
	7	crg	0.407822	214.42
	7	crl	0.413051	215.933
	7	crl	0.416688	216.985
	7	crl	0.418447	217.494
	7	dup	0.418536	217.52
	7	crg	0.425282	219.472
	7	crl	0.444876	225.141
	7	del	0.447293	225.84
	7	crg	0.449065	226.353
	7	del	0.455327	228.165
	7	dup	0.459117	229.261
	7	crg	0.463717	230.592
	7	crl	0.469367	232.227
	7	crl	0.474684	233.765
	7	crl	0.491072	238.507
	7	del	0.501459	241.512
	7	del	0.504227	242.313
	7	del	0.514159	245.187
	7	dup	0.517895	246.268
	7	crl	0.530099	249.799
	7	dup	0.548441	255.106
	7	crg	0.550404	255.674
	7	dup	0.586363	266.078
	7	crl	0.588109	266.583
	7	crl	0.604157	271.226
	7	crg	0.605166	271.518
	7	crg	0.606585	271.929
	7	crl	0.613188	273.839
	7	del	0.620447	275.94
	7	dup	0.623382	276.789
	7	del	0.62888	278.38
	7	crl	0.644993	283.042
	7	crg	0.669991	290.275
	7	del	0.675623	291.904
	7	del	0.676373	292.121
	7	dup	0.683314	294.129
	7	crg	0.684816	294.564
	7	crl	0.695815	297.746
	7	del	0.699848	298.913
	7	del	0.703286	299.908
	7	crl	0.704726	300.324
	7	crg	0.708789	301.5
	7	crg	0.744386	311.8
	7	dup	0.746128	312.304
	7	crl	0.748222	312.909
	7	del	0.753002	314.293
	7	crg	0.778448	321.655
	7	crl	0.784853	323.508
	7	crl	0.80131	328.27
	7	del	0.801764	328.401
	7	crg	0.804659	329.239
	7	dup	0.817453	332.941
	7	crl	0.819027	333.396
	7	crl	0.827322	335.796
	7	del	0.836374	338.415
	7	del	0.848673	341.973
	7	crg	0.866179	347.038
	7	dup	0.870073	348.165
	7	dup	0.883271	351.984
	7	del	0.884574	352.361
	7	del	0.885631	352.667
	7	dup	0.891975	354.502
	7	del	0.90952	359.578
	7	crg	0.919131	362.359
	7	crl	0.919279	362.402
	7	crl	0.922831	363.43
	7	del	0.93089	365.762
	7	del	0.939223	368.173
	7	del	0.939296	368.194
	7	crg	0.942156	369.021
	7	crg	0.946605	370.309
	7	crl	0.950014	371.295
	7	crl	0.962636	374.947
	7	crl	0.975615	378.702
	7	del	0.98011	380.003
	7	crl	0.984352	381.23
	7	dup	0.995249	384.383
	7	crl	0.995768	384.533

MUTATIONS   (10)  dup, deln, crl, crg, wgd:	32	40	39	55	0
	eid	type	time
	15	crg	0.0446561	2.80243
	15	dup	0.203465	5.4282
	15	dup	0.555401	11.2472
	15	dup	0.673754	13.204
	15	crg	0.713377	13.8592
	15	crg	0.760506	14.6384
	15	crl	0.941775	17.6356
	10	del	0.00121048	18.9468
	10	crl	0.00921439	21.2512
	10	del	0.0200771	24.3786
	10	dup	0.0250696	25.816
	10	dup	0.0274733	26.5081
	10	dup	0.0692844	38.5458
	10	crl	0.0803211	41.7234
	10	del	0.0814343	42.0439
	10	del	0.0874323	43.7708
	10	crl	0.0898688	44.4722
	10	dup	0.102388	48.0768
	10	dup	0.107786	49.6309
	10	crl	0.111257	50.63
	10	crg	0.112431	50.9682
	10	dup	0.120404	53.2635
	10	crg	0.137449	58.1711
	10	crl	0.141801	59.4238
	10	dup	0.144271	60.135
	10	crg	0.147259	60.9953
	10	crg	0.167872	66.9301
	10	crg	0.175229	69.0481
	10	dup	0.185684	72.0583
	10	dup	0.192907	74.1379
	10	crg	0.211035	79.3568
	10	crg	0.219267	81.7269
	10	crl	0.225884	83.6322
	10	crg	0.226452	83.7956
	10	del	0.22876	84.4602
	10	dup	0.231155	85.1497
	10	crg	0.255457	92.1465
	10	crl	0.255584	92.1829
	10	crg	0.25623	92.369
	10	crg	0.276275	98.14
	10	crl	0.282089	99.8141
	10	crl	0.287606	101.402
	10	crg	0.290019	102.097
	10	dup	0.29658	103.986
	10	crg	0.308265	107.35
	10	crg	0.312539	108.581
	10	crg	0.320468	110.864
	10	crl	0.324357	111.983
	10	crl	0.32831	113.122
	10	del	0.333038	114.483
	10	del	0.355037	120.816
	10	crg	0.358085	121.694
	10	del	0.361075	122.555
	10	crl	0.362119	122.855
	10	crl	0.36249	122.962
	10	crl	0.372499	125.844
	10	del	0.373815	126.223
	10	crg	0.377393	127.253
	10	crg	0.390756	131.1
	10	dup	0.393038	131.757
	10	del	0.401042	134.062
	10	dup	0.408018	136.07
	10	dup	0.408103	136.095
	10	crl	0.417894	138.913
	10	crl	0.431593	142.857
	10	dup	0.451588	148.614
	10	crl	0.453059	149.038
	10	del	0.454583	149.476
	10	crl	0.455753	149.813
	10	dup	0.461888	151.58
	10	del	0.466104	152.793
	10	crl	0.471555	154.363
	10	dup	0.476182	155.695
	10	dup	0.482103	157.4
	10	crg	0.483956	157.933
	10	crg	0.508004	164.857
	10	crg	0.516435	167.284
	10	del	0.534279	172.422
	10	crg	0.536332	173.013
	10	dup	0.542756	174.862
	10	crl	0.557267	179.04
	10	crl	0.580485	185.725
	10	crl	0.581889	186.129
	10	crl	0.590577	188.63
	10	crg	0.60026	191.418
	10	crl	0.602524	192.07
	10	crg	0.605814	193.017
	10	crl	0.619067	196.833
	10	crg	0.641165	203.195
	10	crl	0.64322	203.787
	10	del	0.660789	208.845
	10	crg	0.66353	209.634
	10	del	0.671269	211.862
	10	crg	0.689484	217.106
	10	crl	0.692276	217.91
	10	del	0.694052	218.422
	10	crg	0.700863	220.382
	10	dup	0.711888	223.557
	10	del	0.716664	224.932
	10	crl	0.729781	228.708
	10	dup	0.734111	229.955
	10	crg	0.741005	231.94
	10	crg	0.74248	232.364
	10	crl	0.742959	232.502
	10	crg	0.758812	237.067
	10	dup	0.766519	239.286
	10	crg	0.768284	239.794
	10	crg	0.783648	244.217
	10	del	0.799512	248.784
	10	del	0.802353	249.602
	10	dup	0.807752	251.157
	10	crg	0.809122	251.551
	10	crg	0.809567	251.679
	10	crg	0.810185	251.857
	10	del	0.82191	255.233
	10	crl	0.822836	255.5
	10	crl	0.849075	263.054
	10	del	0.855881	265.013
	10	del	0.866103	267.957
	10	dup	0.866872	268.178
	10	crg	0.877076	271.116
	10	del	0.88331	272.911
	10	crg	0.898825	277.377
	10	crg	0.906633	279.625
	10	dup	0.915647	282.221
	10	del	0.938568	288.82
	10	del	0.955503	293.696
	10	crg	0.957128	294.163
	10	crg	0.957707	294.33
	10	del	0.965446	296.558
	10	del	0.974116	299.054
	10	del	0.983992	301.898
	10	crg	0.986568	302.639
	10	crg	0.988119	303.086
	10	dup	0.988663	303.242
	10	dup	0.999293	306.303
	2	del	0.010124	307.309
	2	del	0.0490019	310.39
	2	crg	0.0722476	312.232
	2	crg	0.166461	319.699
	2	del	0.179759	320.753
	2	crl	0.234644	325.102
	2	crg	0.263024	327.351
	2	del	0.355962	334.717
	2	del	0.366225	335.53
	2	del	0.388734	337.314
	2	del	0.393798	337.715
	2	del	0.406152	338.695
	2	crl	0.435917	341.053
	2	crl	0.439764	341.358
	2	del	0.474472	344.109
	2	dup	0.507986	346.765
	2	crg	0.522913	347.948
	2	crg	0.539092	349.23
	2	crg	0.549724	350.073
	2	crg	0.65978	358.795
	2	del	0.661558	358.936
	2	del	0.664687	359.184
	2	crl	0.674248	359.941
	2	crl	0.769927	367.524
	2	del	0.899274	377.775
	2	crl	0.919725	379.396
	2	crg	0.928266	380.073
	2	crg	0.948469	381.674
	2	dup	0.950655	381.847
	2	crl	0.961213	382.684

MUTATIONS   (11)  dup, deln, crl, crg, wgd:	0	0	0	0	0
	eid	type	time

