NODE TIMES:	nid	time
	1	208.635
	2	208.635
	3	208.635
	4	208.635
	5	208.635
	6	208.635
	7	208.635
	8	208.635
	9	208.635
	10	208.635
	11	0
	12	0
	13	192.345
	14	163.66
	15	94.3609
	16	45.8613
	17	35.3021
	18	13.7097
	19	11.3631
	20	2.04453
	21	1.34929

ANCESTRY    (1)	19 (12 -> 21) 	17 (21 -> 20) 	16 (20 -> 19) 	14 (19 -> 18) 	11 (18 -> 15) 	5 (15 -> 1) 
ANCESTRY    (2)	19 (12 -> 21) 	17 (21 -> 20) 	16 (20 -> 19) 	14 (19 -> 18) 	11 (18 -> 15) 	6 (15 -> 2) 
ANCESTRY    (3)	19 (12 -> 21) 	17 (21 -> 20) 	16 (20 -> 19) 	14 (19 -> 18) 	12 (18 -> 13) 	1 (13 -> 3) 
ANCESTRY    (4)	19 (12 -> 21) 	17 (21 -> 20) 	16 (20 -> 19) 	13 (19 -> 17) 	10 (17 -> 14) 	3 (14 -> 4) 
ANCESTRY    (5)	19 (12 -> 21) 	17 (21 -> 20) 	16 (20 -> 19) 	14 (19 -> 18) 	12 (18 -> 13) 	2 (13 -> 5) 
ANCESTRY    (6)	19 (12 -> 21) 	17 (21 -> 20) 	16 (20 -> 19) 	13 (19 -> 17) 	9 (17 -> 16) 	7 (16 -> 6) 
ANCESTRY    (7)	19 (12 -> 21) 	17 (21 -> 20) 	16 (20 -> 19) 	13 (19 -> 17) 	9 (17 -> 16) 	8 (16 -> 7) 
ANCESTRY    (8)	19 (12 -> 21) 	17 (21 -> 20) 	15 (20 -> 8) 
ANCESTRY    (9)	19 (12 -> 21) 	17 (21 -> 20) 	16 (20 -> 19) 	13 (19 -> 17) 	10 (17 -> 14) 	4 (14 -> 9) 
ANCESTRY    (10)	19 (12 -> 21) 	18 (21 -> 10) 
ANCESTRY    (11)	20 (12 -> 11) 

MUTATIONS   (1)  dup, deln, crl, crg, wgd:	24	24	12	24	0
	eid	type	time
	19	dup	0.956705	1.29088
	16	del	0.528392	6.96837
	16	crg	0.689251	8.46735
	16	crg	0.933094	10.7396
	11	crg	0.0559966	18.2259
	11	crl	0.0813294	20.269
	11	del	0.0838903	20.4755
	11	crl	0.230041	32.2628
	11	dup	0.23764	32.8756
	11	dup	0.237958	32.9013
	11	crg	0.25961	34.6475
	11	del	0.278746	36.1909
	11	dup	0.293375	37.3707
	11	crl	0.317063	39.2812
	11	crg	0.382697	44.5746
	11	crg	0.40688	46.5251
	11	crl	0.414743	47.1593
	11	dup	0.487307	53.0116
	11	del	0.491948	53.3859
	11	dup	0.552907	58.3023
	11	del	0.603049	62.3464
	11	dup	0.623269	63.9771
	11	del	0.665886	67.4142
	11	crg	0.673605	68.0368
	11	crg	0.675004	68.1496
	11	crl	0.675314	68.1746
	11	del	0.753536	74.4833
	11	crg	0.754221	74.5385
	11	crl	0.782575	76.8253
	11	crg	0.805898	78.7064
	11	dup	0.870494	83.9161
	11	del	0.873432	84.1531
	11	del	0.880101	84.6909
	11	crg	0.897831	86.1209
	11	crg	0.924894	88.3035
	11	dup	0.93773	89.3388
	11	del	0.993257	93.8171
	11	del	0.99821	94.2166
	5	crg	0.00249113	94.6456
	5	crg	0.011626	95.6895
	5	crl	0.0170087	96.3046
	5	dup	0.0242413	97.1311
	5	del	0.0598516	101.2
	5	del	0.064424	101.723
	5	crg	0.0649143	101.779
	5	crl	0.0898901	104.633
	5	crg	0.0928499	104.971
	5	crl	0.114759	107.475
	5	crl	0.124355	108.571
	5	crg	0.128832	109.083
	5	dup	0.142006	110.588
	5	crl	0.143064	110.709
	5	del	0.186469	115.669
	5	dup	0.204976	117.784
	5	dup	0.220062	119.508
	5	dup	0.232855	120.97
	5	del	0.241822	121.995
	5	dup	0.245998	122.472
	5	del	0.318042	130.705
	5	dup	0.373316	137.021
	5	del	0.380771	137.873
	5	crg	0.443464	145.037
	5	dup	0.466812	147.705
	5	del	0.474118	148.54
	5	dup	0.47603	148.759
	5	crg	0.48465	149.744
	5	dup	0.607679	163.803
	5	crg	0.613263	164.441
	5	crg	0.651078	168.762
	5	crl	0.655457	169.262
	5	del	0.658885	169.654
	5	dup	0.676468	171.663
	5	crg	0.682526	172.356
	5	crg	0.682843	172.392
	5	dup	0.703126	174.71
	5	dup	0.758465	181.034
	5	dup	0.809039	186.813
	5	del	0.81036	186.964
	5	dup	0.841483	190.52
	5	del	0.859275	192.553
	5	del	0.909137	198.251
	5	del	0.977919	206.111
	5	del	0.990545	207.554
	5	crg	0.99879	208.496

MUTATIONS   (2)  dup, deln, crl, crg, wgd:	21	24	23	32	0
	eid	type	time
	19	dup	0.956705	1.29088
	16	del	0.528392	6.96837
	16	crg	0.689251	8.46735
	16	crg	0.933094	10.7396
	11	crg	0.0559966	18.2259
	11	crl	0.0813294	20.269
	11	del	0.0838903	20.4755
	11	crl	0.230041	32.2628
	11	dup	0.23764	32.8756
	11	dup	0.237958	32.9013
	11	crg	0.25961	34.6475
	11	del	0.278746	36.1909
	11	dup	0.293375	37.3707
	11	crl	0.317063	39.2812
	11	crg	0.382697	44.5746
	11	crg	0.40688	46.5251
	11	crl	0.414743	47.1593
	11	dup	0.487307	53.0116
	11	del	0.491948	53.3859
	11	dup	0.552907	58.3023
	11	del	0.603049	62.3464
	11	dup	0.623269	63.9771
	11	del	0.665886	67.4142
	11	crg	0.673605	68.0368
	11	crg	0.675004	68.1496
	11	crl	0.675314	68.1746
	11	del	0.753536	74.4833
	11	crg	0.754221	74.5385
	11	crl	0.782575	76.8253
	11	crg	0.805898	78.7064
	11	dup	0.870494	83.9161
	11	del	0.873432	84.1531
	11	del	0.880101	84.6909
	11	crg	0.897831	86.1209
	11	crg	0.924894	88.3035
	11	dup	0.93773	89.3388
	11	del	0.993257	93.8171
	11	del	0.99821	94.2166
	6	crg	0.00761609	95.2313
	6	del	0.00800963	95.2762
	6	dup	0.0117181	95.7
	6	crg	0.0313381	97.9421
	6	crg	0.0441149	99.4021
	6	del	0.0538922	100.519
	6	crg	0.0753274	102.969
	6	del	0.0767444	103.131
	6	crg	0.0949126	105.207
	6	crg	0.106075	106.482
	6	dup	0.112378	107.203
	6	dup	0.126815	108.853
	6	crl	0.161087	112.769
	6	dup	0.166193	113.352
	6	dup	0.179489	114.872
	6	crl	0.229447	120.581
	6	del	0.258882	123.944
	6	crl	0.301949	128.866
	6	dup	0.322502	131.214
	6	dup	0.322727	131.24
	6	crl	0.324091	131.396
	6	dup	0.397828	139.822
	6	crg	0.407509	140.929
	6	crl	0.413536	141.617
	6	crl	0.419567	142.306
	6	crg	0.432945	143.835
	6	del	0.434012	143.957
	6	crg	0.452257	146.042
	6	crg	0.466366	147.654
	6	crg	0.471613	148.254
	6	dup	0.474818	148.62
	6	dup	0.519591	153.737
	6	crg	0.522089	154.022
	6	crl	0.546185	156.775
	6	dup	0.576645	160.256
	6	crg	0.582359	160.909
	6	del	0.583669	161.059
	6	crl	0.604295	163.416
	6	crl	0.649153	168.542
	6	del	0.663674	170.201
	6	del	0.669132	170.825
	6	del	0.679607	172.022
	6	crg	0.680892	172.169
	6	crg	0.687543	172.929
	6	crg	0.68923	173.122
	6	dup	0.709441	175.431
	6	crg	0.736826	178.561
	6	crl	0.744888	179.482
	6	crg	0.775177	182.943
	6	crg	0.776862	183.136
	6	crg	0.786814	184.273
	6	del	0.792264	184.896
	6	crl	0.81665	187.683
	6	crl	0.830021	189.21
	6	crl	0.839176	190.257
	6	crl	0.904178	197.685
	6	crl	0.907509	198.065
	6	del	0.916224	199.061
	6	crl	0.926874	200.278
	6	del	0.957457	203.773
	6	crl	0.986835	207.13
	6	del	0.994252	207.978

MUTATIONS   (3)  dup, deln, crl, crg, wgd:	21	23	21	19	0
	eid	type	time
	19	dup	0.956705	1.29088
	16	del	0.528392	6.96837
	16	crg	0.689251	8.46735
	16	crg	0.933094	10.7396
	12	dup	0.00436643	14.4897
	12	crl	0.0550428	23.5422
	12	del	0.0630903	24.9798
	12	crl	0.0790351	27.8281
	12	crg	0.0961585	30.8869
	12	del	0.0996249	31.5062
	12	crl	0.107605	32.9317
	12	crg	0.126646	36.3331
	12	crg	0.140669	38.8381
	12	crg	0.159457	42.1943
	12	crg	0.180489	45.9513
	12	crl	0.186168	46.9658
	12	crl	0.19068	47.7719
	12	del	0.197789	49.0417
	12	dup	0.234694	55.6342
	12	del	0.238039	56.2317
	12	crl	0.269936	61.9298
	12	del	0.274759	62.7914
	12	crl	0.290031	65.5195
	12	crl	0.300739	67.4322
	12	dup	0.308937	68.8967
	12	crl	0.319631	70.8069
	12	crg	0.355232	77.1665
	12	crl	0.361633	78.3101
	12	crg	0.366984	79.2659
	12	del	0.373111	80.3604
	12	del	0.395201	84.3065
	12	crl	0.398659	84.9241
	12	crl	0.408024	86.5971
	12	dup	0.417716	88.3284
	12	dup	0.419451	88.6384
	12	dup	0.424759	89.5865
	12	crl	0.448912	93.901
	12	crg	0.452554	94.5517
	12	crl	0.474304	98.437
	12	crl	0.477424	98.9944
	12	del	0.488773	101.022
	12	dup	0.498449	102.75
	12	dup	0.49957	102.95
	12	dup	0.50862	104.567
	12	crg	0.532556	108.843
	12	dup	0.534101	109.119
	12	crl	0.546481	111.33
	12	dup	0.557997	113.387
	12	dup	0.588627	118.859
	12	crl	0.597566	120.456
	12	del	0.597911	120.518
	12	del	0.624648	125.294
	12	crl	0.637406	127.573
	12	del	0.655135	130.74
	12	crg	0.680705	135.308
	12	crg	0.683454	135.798
	12	crg	0.687084	136.447
	12	del	0.720635	142.44
	12	crg	0.740382	145.968
	12	dup	0.75489	148.56
	12	dup	0.804296	157.385
	12	del	0.814777	159.257
	12	crg	0.819366	160.077
	12	del	0.834572	162.794
	12	del	0.839352	163.647
	12	del	0.853669	166.205
	12	dup	0.871412	169.375
	12	del	0.874579	169.94
	12	del	0.883866	171.599
	12	crl	0.910864	176.422
	12	dup	0.912053	176.634
	12	crg	0.914631	177.095
	12	del	0.918402	177.769
	1	crg	0.0414554	193.02
	1	crl	0.156262	194.89
	1	crg	0.169441	195.105
	1	dup	0.19638	195.544
	1	del	0.227034	196.043
	1	crl	0.230872	196.106
	1	dup	0.498626	200.467
	1	del	0.547926	201.27
	1	del	0.578332	201.766
	1	dup	0.809463	205.531
	1	dup	0.879603	206.673

MUTATIONS   (4)  dup, deln, crl, crg, wgd:	19	24	11	31	1
	eid	type	time
	19	dup	0.956705	1.29088
	16	del	0.528392	6.96837
	16	crg	0.689251	8.46735
	16	crg	0.933094	10.7396
	13	crl	0.201645	16.1902
	13	crg	0.304701	18.6573
	13	del	0.331027	19.2875
	13	del	0.491299	23.1243
	13	crg	0.625535	26.3378
	13	crg	0.698217	28.0777
	13	del	0.727407	28.7765
	13	del	0.773711	29.885
	13	crg	0.889346	32.6532
	13	del	0.889767	32.6633
	10	crg	0.0171101	37.4983
	10	dup	0.0279089	38.8845
	10	dup	0.0369812	40.0489
	10	crl	0.0811909	45.7236
	10	crl	0.0916687	47.0685
	10	del	0.10525	48.8118
	10	crg	0.113776	49.9062
	10	crl	0.129159	51.8806
	10	dup	0.143203	53.6834
	10	crg	0.170338	57.1663
	10	del	0.177558	58.093
	10	dup	0.183088	58.8029
	10	del	0.207569	61.9452
	10	del	0.243529	66.5611
	10	dup	0.247415	67.0599
	10	del	0.25145	67.5777
	10	crl	0.265479	69.3785
	10	crg	0.273776	70.4435
	10	crg	0.298002	73.5531
	10	crg	0.309708	75.0556
	10	crg	0.392696	85.7077
	10	dup	0.429227	90.3969
	10	dup	0.450142	93.0815
	10	dup	0.465723	95.0814
	10	dup	0.490521	98.2645
	10	crl	0.552972	106.281
	10	del	0.553844	106.392
	10	crg	0.559562	107.126
	10	dup	0.580305	109.789
	10	dup	0.586121	110.535
	10	dup	0.628455	115.969
	10	crg	0.63161	116.374
	10	del	0.636004	116.938
	10	del	0.636788	117.039
	10	crg	0.670497	121.366
	10	crg	0.684344	123.143
	10	crg	0.697303	124.807
	10	dup	0.704563	125.738
	10	crg	0.742876	130.656
	10	del	0.794023	137.221
	10	crg	0.809932	139.263
	10	crg	0.849148	144.297
	10	crg	0.876065	147.752
	10	crg	0.893007	149.927
	10	crg	0.895617	150.262
	10	crg	0.922751	153.745
	10	del	0.946269	156.763
	10	crg	0.9662	159.322
	10	crg	0.969814	159.786
	10	dup	0.972722	160.159
	3	dup	0.0146954	164.321
	3	wgd	0.0299302	165.006
	3	del	0.0909002	167.748
	3	crg	0.0991159	168.118
	3	del	0.130804	169.543
	3	del	0.142015	170.047
	3	crl	0.198659	172.595
	3	dup	0.223578	173.715
	3	del	0.231699	174.081
	3	crl	0.295556	176.953
	3	del	0.296351	176.988
	3	crl	0.323977	178.231
	3	del	0.354832	179.618
	3	crl	0.413461	182.255
	3	dup	0.498256	186.069
	3	crg	0.593891	190.37
	3	dup	0.614738	191.308
	3	crg	0.623394	191.697
	3	crl	0.663864	193.517
	3	crg	0.69541	194.936
	3	del	0.812901	200.22
	3	del	0.914146	204.773

MUTATIONS   (5)  dup, deln, crl, crg, wgd:	20	21	23	18	0
	eid	type	time
	19	dup	0.956705	1.29088
	16	del	0.528392	6.96837
	16	crg	0.689251	8.46735
	16	crg	0.933094	10.7396
	12	dup	0.00436643	14.4897
	12	crl	0.0550428	23.5422
	12	del	0.0630903	24.9798
	12	crl	0.0790351	27.8281
	12	crg	0.0961585	30.8869
	12	del	0.0996249	31.5062
	12	crl	0.107605	32.9317
	12	crg	0.126646	36.3331
	12	crg	0.140669	38.8381
	12	crg	0.159457	42.1943
	12	crg	0.180489	45.9513
	12	crl	0.186168	46.9658
	12	crl	0.19068	47.7719
	12	del	0.197789	49.0417
	12	dup	0.234694	55.6342
	12	del	0.238039	56.2317
	12	crl	0.269936	61.9298
	12	del	0.274759	62.7914
	12	crl	0.290031	65.5195
	12	crl	0.300739	67.4322
	12	dup	0.308937	68.8967
	12	crl	0.319631	70.8069
	12	crg	0.355232	77.1665
	12	crl	0.361633	78.3101
	12	crg	0.366984	79.2659
	12	del	0.373111	80.3604
	12	del	0.395201	84.3065
	12	crl	0.398659	84.9241
	12	crl	0.408024	86.5971
	12	dup	0.417716	88.3284
	12	dup	0.419451	88.6384
	12	dup	0.424759	89.5865
	12	crl	0.448912	93.901
	12	crg	0.452554	94.5517
	12	crl	0.474304	98.437
	12	crl	0.477424	98.9944
	12	del	0.488773	101.022
	12	dup	0.498449	102.75
	12	dup	0.49957	102.95
	12	dup	0.50862	104.567
	12	crg	0.532556	108.843
	12	dup	0.534101	109.119
	12	crl	0.546481	111.33
	12	dup	0.557997	113.387
	12	dup	0.588627	118.859
	12	crl	0.597566	120.456
	12	del	0.597911	120.518
	12	del	0.624648	125.294
	12	crl	0.637406	127.573
	12	del	0.655135	130.74
	12	crg	0.680705	135.308
	12	crg	0.683454	135.798
	12	crg	0.687084	136.447
	12	del	0.720635	142.44
	12	crg	0.740382	145.968
	12	dup	0.75489	148.56
	12	dup	0.804296	157.385
	12	del	0.814777	159.257
	12	crg	0.819366	160.077
	12	del	0.834572	162.794
	12	del	0.839352	163.647
	12	del	0.853669	166.205
	12	dup	0.871412	169.375
	12	del	0.874579	169.94
	12	del	0.883866	171.599
	12	crl	0.910864	176.422
	12	dup	0.912053	176.634
	12	crg	0.914631	177.095
	12	del	0.918402	177.769
	2	crl	0.136836	194.574
	2	crl	0.158838	194.932
	2	dup	0.173248	195.167
	2	crl	0.306533	197.338
	2	del	0.392331	198.736
	2	crg	0.641009	202.787
	2	dup	0.737601	204.36
	2	crl	0.846721	206.138
	2	dup	0.865599	206.445

MUTATIONS   (6)  dup, deln, crl, crg, wgd:	21	27	22	29	0
	eid	type	time
	19	dup	0.956705	1.29088
	16	del	0.528392	6.96837
	16	crg	0.689251	8.46735
	16	crg	0.933094	10.7396
	13	crl	0.201645	16.1902
	13	crg	0.304701	18.6573
	13	del	0.331027	19.2875
	13	del	0.491299	23.1243
	13	crg	0.625535	26.3378
	13	crg	0.698217	28.0777
	13	del	0.727407	28.7765
	13	del	0.773711	29.885
	13	crg	0.889346	32.6532
	13	del	0.889767	32.6633
	9	del	0.273154	38.1864
	9	del	0.481423	40.3855
	9	dup	0.493773	40.5159
	9	crl	0.581194	41.439
	9	crl	0.67364	42.4152
	9	dup	0.716037	42.8629
	7	crg	0.0193541	49.0116
	7	crg	0.0228661	49.5833
	7	crl	0.0369716	51.8793
	7	crl	0.0401228	52.3922
	7	dup	0.0417507	52.6572
	7	del	0.0536641	54.5964
	7	del	0.0729006	57.7275
	7	crl	0.0792683	58.764
	7	crg	0.0880472	60.193
	7	crg	0.0925587	60.9273
	7	crg	0.100387	62.2017
	7	crg	0.131266	67.2278
	7	crg	0.165304	72.7683
	7	dup	0.184128	75.8323
	7	crg	0.200466	78.4918
	7	crg	0.21087	80.1853
	7	crg	0.216413	81.0875
	7	crl	0.224888	82.4671
	7	crg	0.233255	83.8289
	7	dup	0.243628	85.5174
	7	dup	0.252341	86.9357
	7	dup	0.254261	87.2481
	7	crl	0.255519	87.4529
	7	dup	0.259705	88.1343
	7	dup	0.26222	88.5437
	7	crl	0.322626	98.3761
	7	crl	0.336232	100.591
	7	del	0.347503	102.425
	7	crg	0.365077	105.286
	7	crl	0.369527	106.01
	7	del	0.420249	114.267
	7	crg	0.440481	117.56
	7	crl	0.455208	119.957
	7	crl	0.458846	120.549
	7	dup	0.465987	121.711
	7	crl	0.474833	123.151
	7	crl	0.476956	123.497
	7	del	0.501925	127.561
	7	crg	0.509781	128.84
	7	del	0.517898	130.161
	7	del	0.527135	131.665
	7	crg	0.52748	131.721
	7	crl	0.544294	134.458
	7	dup	0.544626	134.512
	7	del	0.546649	134.841
	7	crl	0.565174	137.856
	7	dup	0.569736	138.599
	7	crg	0.583341	140.814
	7	crg	0.588172	141.6
	7	del	0.588792	141.701
	7	dup	0.610952	145.308
	7	del	0.624359	147.49
	7	crg	0.638357	149.769
	7	del	0.665692	154.218
	7	crl	0.671521	155.167
	7	crg	0.686692	157.636
	7	dup	0.71812	162.752
	7	crl	0.729469	164.599
	7	crl	0.748555	167.706
	7	crg	0.74898	167.775
	7	crg	0.766273	170.59
	7	dup	0.787038	173.97
	7	dup	0.799673	176.027
	7	crl	0.808966	177.539
	7	crl	0.817453	178.921
	7	dup	0.818287	179.057
	7	dup	0.821309	179.549
	7	del	0.829807	180.932
	7	dup	0.831665	181.234
	7	del	0.835227	181.814
	7	del	0.849035	184.062
	7	del	0.858673	185.63
	7	del	0.860369	185.906
	7	crg	0.870051	187.482
	7	del	0.872243	187.839
	7	del	0.880288	189.149
	7	del	0.904523	193.093
	7	dup	0.910696	194.098
	7	crg	0.992974	207.491

MUTATIONS   (7)  dup, deln, crl, crg, wgd:	16	28	18	25	0
	eid	type	time
	19	dup	0.956705	1.29088
	16	del	0.528392	6.96837
	16	crg	0.689251	8.46735
	16	crg	0.933094	10.7396
	13	crl	0.201645	16.1902
	13	crg	0.304701	18.6573
	13	del	0.331027	19.2875
	13	del	0.491299	23.1243
	13	crg	0.625535	26.3378
	13	crg	0.698217	28.0777
	13	del	0.727407	28.7765
	13	del	0.773711	29.885
	13	crg	0.889346	32.6532
	13	del	0.889767	32.6633
	9	del	0.273154	38.1864
	9	del	0.481423	40.3855
	9	dup	0.493773	40.5159
	9	crl	0.581194	41.439
	9	crl	0.67364	42.4152
	9	dup	0.716037	42.8629
	8	crl	0.0517181	54.2796
	8	del	0.0671115	56.7852
	8	dup	0.0674387	56.8385
	8	crg	0.0729329	57.7328
	8	crg	0.0778793	58.5379
	8	crg	0.109003	63.604
	8	del	0.149264	70.1575
	8	del	0.150414	70.3447
	8	crl	0.182671	75.5953
	8	crl	0.207608	79.6543
	8	del	0.209532	79.9675
	8	crg	0.211383	80.2688
	8	crl	0.236788	84.4041
	8	dup	0.247926	86.217
	8	dup	0.257936	87.8464
	8	dup	0.264918	88.9829
	8	del	0.270058	89.8195
	8	crg	0.307774	95.9587
	8	dup	0.314339	97.0273
	8	dup	0.327009	99.0897
	8	crg	0.377846	107.364
	8	crg	0.427309	115.416
	8	dup	0.445508	118.378
	8	crg	0.461869	121.041
	8	crg	0.477564	123.596
	8	crg	0.492684	126.057
	8	del	0.497366	126.819
	8	dup	0.543114	134.266
	8	del	0.547081	134.912
	8	del	0.557842	136.663
	8	crg	0.572291	139.015
	8	crg	0.6161	146.146
	8	del	0.627549	148.009
	8	del	0.628651	148.189
	8	del	0.635773	149.348
	8	crl	0.637241	149.587
	8	crg	0.650308	151.714
	8	crg	0.656367	152.7
	8	crl	0.662143	153.64
	8	dup	0.666085	154.282
	8	del	0.672626	155.347
	8	crg	0.685434	157.432
	8	crl	0.716605	162.505
	8	dup	0.719748	163.017
	8	crg	0.741607	166.575
	8	dup	0.741754	166.599
	8	crg	0.743222	166.838
	8	del	0.76243	169.965
	8	crl	0.770554	171.287
	8	del	0.774238	171.887
	8	crg	0.814848	178.497
	8	del	0.834409	181.681
	8	dup	0.84321	183.113
	8	crl	0.845888	183.549
	8	del	0.850632	184.321
	8	del	0.859604	185.782
	8	crl	0.861602	186.107
	8	crl	0.864169	186.525
	8	crl	0.88499	189.914
	8	del	0.885404	189.981
	8	crl	0.900396	192.422
	8	dup	0.902719	192.8
	8	crg	0.909485	193.901
	8	crl	0.928883	197.059
	8	crl	0.933682	197.84
	8	del	0.947895	200.153
	8	del	0.968013	203.428

MUTATIONS   (8)  dup, deln, crl, crg, wgd:	28	24	26	19	0
	eid	type	time
	19	dup	0.956705	1.29088
	15	crl	0.00539372	3.15882
	15	crg	0.0140472	4.94654
	15	crg	0.018248	5.81438
	15	del	0.0192979	6.03129
	15	dup	0.0222126	6.63343
	15	del	0.0243385	7.07262
	15	del	0.0313294	8.51688
	15	crg	0.0338446	9.03649
	15	crl	0.042742	10.8746
	15	crg	0.0456254	11.4703
	15	dup	0.0479293	11.9463
	15	crg	0.0523426	12.858
	15	crl	0.0525827	12.9076
	15	crl	0.084052	19.4088
	15	dup	0.0936842	21.3988
	15	crl	0.106105	23.9648
	15	dup	0.121556	27.1567
	15	del	0.128082	28.5051
	15	dup	0.153155	33.6847
	15	dup	0.154489	33.9605
	15	del	0.175802	38.3634
	15	del	0.183906	40.0378
	15	crl	0.194032	42.1296
	15	dup	0.214125	46.2805
	15	crg	0.237401	51.0892
	15	crl	0.242168	52.074
	15	crl	0.245335	52.7283
	15	dup	0.246133	52.8932
	15	crg	0.249419	53.572
	15	del	0.254253	54.5707
	15	dup	0.288501	61.646
	15	crl	0.288692	61.6854
	15	dup	0.29333	62.6437
	15	crl	0.303801	64.8068
	15	crl	0.306922	65.4517
	15	dup	0.314191	66.9533
	15	crl	0.319601	68.0708
	15	del	0.319607	68.0722
	15	del	0.327389	69.6798
	15	del	0.331427	70.514
	15	crl	0.340598	72.4086
	15	crg	0.341249	72.5432
	15	crl	0.356488	75.6913
	15	crg	0.368881	78.2516
	15	dup	0.36994	78.4705
	15	crl	0.372875	79.0769
	15	crl	0.373112	79.1258
	15	dup	0.375933	79.7086
	15	del	0.411627	87.0825
	15	del	0.439191	92.7769
	15	del	0.448057	94.6087
	15	dup	0.495636	104.438
	15	dup	0.506718	106.728
	15	dup	0.510262	107.46
	15	dup	0.52367	110.23
	15	dup	0.525526	110.613
	15	del	0.539651	113.531
	15	del	0.552997	116.288
	15	crg	0.562035	118.155
	15	crg	0.571037	120.015
	15	del	0.573733	120.572
	15	crl	0.601198	126.246
	15	dup	0.60691	127.426
	15	crg	0.613631	128.815
	15	crg	0.635816	133.398
	15	crg	0.641871	134.649
	15	crl	0.642031	134.682
	15	crg	0.651412	136.62
	15	del	0.665447	139.519
	15	crl	0.669991	140.458
	15	crl	0.681307	142.796
	15	crg	0.69193	144.99
	15	del	0.707307	148.167
	15	dup	0.718725	150.526
	15	del	0.724556	151.731
	15	dup	0.732193	153.308
	15	dup	0.740266	154.976
	15	del	0.749189	156.82
	15	crl	0.763929	159.865
	15	crl	0.784431	164.1
	15	crg	0.799889	167.294
	15	del	0.811747	169.743
	15	dup	0.818526	171.144
	15	dup	0.823854	172.244
	15	del	0.857288	179.152
	15	crg	0.865217	180.79
	15	dup	0.880779	184.005
	15	del	0.890252	185.962
	15	dup	0.894146	186.766
	15	dup	0.898643	187.695
	15	crl	0.906277	189.272
	15	crl	0.91103	190.254
	15	crl	0.939819	196.202
	15	del	0.947739	197.838
	15	crg	0.968759	202.181
	15	crl	0.999679	208.568

MUTATIONS   (9)  dup, deln, crl, crg, wgd:	19	18	12	36	0
	eid	type	time
	19	dup	0.956705	1.29088
	16	del	0.528392	6.96837
	16	crg	0.689251	8.46735
	16	crg	0.933094	10.7396
	13	crl	0.201645	16.1902
	13	crg	0.304701	18.6573
	13	del	0.331027	19.2875
	13	del	0.491299	23.1243
	13	crg	0.625535	26.3378
	13	crg	0.698217	28.0777
	13	del	0.727407	28.7765
	13	del	0.773711	29.885
	13	crg	0.889346	32.6532
	13	del	0.889767	32.6633
	10	crg	0.0171101	37.4983
	10	dup	0.0279089	38.8845
	10	dup	0.0369812	40.0489
	10	crl	0.0811909	45.7236
	10	crl	0.0916687	47.0685
	10	del	0.10525	48.8118
	10	crg	0.113776	49.9062
	10	crl	0.129159	51.8806
	10	dup	0.143203	53.6834
	10	crg	0.170338	57.1663
	10	del	0.177558	58.093
	10	dup	0.183088	58.8029
	10	del	0.207569	61.9452
	10	del	0.243529	66.5611
	10	dup	0.247415	67.0599
	10	del	0.25145	67.5777
	10	crl	0.265479	69.3785
	10	crg	0.273776	70.4435
	10	crg	0.298002	73.5531
	10	crg	0.309708	75.0556
	10	crg	0.392696	85.7077
	10	dup	0.429227	90.3969
	10	dup	0.450142	93.0815
	10	dup	0.465723	95.0814
	10	dup	0.490521	98.2645
	10	crl	0.552972	106.281
	10	del	0.553844	106.392
	10	crg	0.559562	107.126
	10	dup	0.580305	109.789
	10	dup	0.586121	110.535
	10	dup	0.628455	115.969
	10	crg	0.63161	116.374
	10	del	0.636004	116.938
	10	del	0.636788	117.039
	10	crg	0.670497	121.366
	10	crg	0.684344	123.143
	10	crg	0.697303	124.807
	10	dup	0.704563	125.738
	10	crg	0.742876	130.656
	10	del	0.794023	137.221
	10	crg	0.809932	139.263
	10	crg	0.849148	144.297
	10	crg	0.876065	147.752
	10	crg	0.893007	149.927
	10	crg	0.895617	150.262
	10	crg	0.922751	153.745
	10	del	0.946269	156.763
	10	crg	0.9662	159.322
	10	crg	0.969814	159.786
	10	dup	0.972722	160.159
	4	crg	0.0152974	164.348
	4	crl	0.0314001	165.072
	4	crg	0.14659	170.253
	4	crl	0.17282	171.433
	4	del	0.250215	174.913
	4	crg	0.373328	180.45
	4	crl	0.373687	180.467
	4	dup	0.393757	181.369
	4	crg	0.401817	181.732
	4	crg	0.509454	186.573
	4	dup	0.559089	188.805
	4	dup	0.586528	190.039
	4	crg	0.622077	191.638
	4	crl	0.644196	192.632
	4	crl	0.731731	196.569
	4	crg	0.764093	198.025
	4	dup	0.817458	200.425
	4	crg	0.821013	200.585
	4	crg	0.839707	201.425
	4	del	0.934746	205.7
	4	crl	0.969377	207.257

MUTATIONS   (10)  dup, deln, crl, crg, wgd:	22	17	23	14	0
	eid	type	time
	19	dup	0.956705	1.29088
	18	dup	0.0120982	3.85707
	18	crg	0.0248053	6.49107
	18	crg	0.0261876	6.77759
	18	crg	0.0475076	11.1969
	18	dup	0.0827279	18.4976
	18	crl	0.083431	18.6433
	18	dup	0.0905481	20.1186
	18	crl	0.0947168	20.9827
	18	dup	0.111013	24.3606
	18	crg	0.114048	24.9898
	18	del	0.125651	27.395
	18	del	0.140496	30.4719
	18	crl	0.166677	35.8991
	18	crg	0.171182	36.8329
	18	del	0.188791	40.483
	18	dup	0.201347	43.0855
	18	dup	0.203705	43.5744
	18	crl	0.217062	46.343
	18	dup	0.235942	50.2567
	18	del	0.244621	52.0556
	18	dup	0.246179	52.3785
	18	crl	0.254372	54.0769
	18	crg	0.302112	63.9726
	18	crl	0.317311	67.1232
	18	crg	0.317347	67.1307
	18	dup	0.319859	67.6514
	18	crg	0.333769	70.5346
	18	crl	0.34199	72.2389
	18	dup	0.353722	74.6706
	18	crg	0.356042	75.1515
	18	del	0.371286	78.3115
	18	del	0.371634	78.3835
	18	crl	0.38565	81.2888
	18	crg	0.395641	83.3599
	18	crl	0.401432	84.5603
	18	crg	0.4113	86.6058
	18	dup	0.414525	87.2742
	18	dup	0.420018	88.4129
	18	crl	0.481444	101.145
	18	del	0.484666	101.813
	18	crl	0.498844	104.752
	18	del	0.516628	108.439
	18	dup	0.536632	112.585
	18	dup	0.538963	113.068
	18	crl	0.573574	120.243
	18	dup	0.582055	122.001
	18	crl	0.60734	127.242
	18	crl	0.626453	131.204
	18	del	0.639536	133.916
	18	del	0.641698	134.364
	18	crl	0.642714	134.574
	18	crl	0.682604	142.843
	18	crl	0.69646	145.715
	18	dup	0.714315	149.416
	18	crl	0.715698	149.703
	18	crl	0.717704	150.119
	18	crg	0.721422	150.889
	18	dup	0.758625	158.601
	18	del	0.806384	168.501
	18	dup	0.810271	169.307
	18	dup	0.832522	173.919
	18	crg	0.83633	174.708
	18	crg	0.855745	178.733
	18	dup	0.866863	181.037
	18	crl	0.869846	181.656
	18	del	0.879091	183.572
	18	dup	0.897322	187.351
	18	del	0.898073	187.507
	18	crl	0.898113	187.515
	18	del	0.928302	193.773
	18	del	0.956377	199.592
	18	crl	0.970268	202.472
	18	del	0.972805	202.998
	18	del	0.981593	204.819
	18	crl	0.98926	206.408

MUTATIONS   (11)  dup, deln, crl, crg, wgd:	0	0	0	0	0
	eid	type	time

