NODE TIMES:	nid	time
	1	156.081
	2	156.081
	3	156.081
	4	156.081
	5	156.081
	6	156.081
	7	156.081
	8	156.081
	9	156.081
	10	156.081
	11	0
	12	0
	13	127.134
	14	44.2487
	15	40.5769
	16	30.4812
	17	26.5394
	18	17.1377
	19	3.08396
	20	1.36554
	21	0.343732

ANCESTRY    (1)	19 (12 -> 21) 	17 (21 -> 20) 	15 (20 -> 19) 	13 (19 -> 18) 	11 (18 -> 16) 	8 (16 -> 1) 
ANCESTRY    (2)	19 (12 -> 21) 	17 (21 -> 20) 	16 (20 -> 13) 	1 (13 -> 2) 
ANCESTRY    (3)	19 (12 -> 21) 	17 (21 -> 20) 	15 (20 -> 19) 	13 (19 -> 18) 	12 (18 -> 17) 	10 (17 -> 3) 
ANCESTRY    (4)	19 (12 -> 21) 	17 (21 -> 20) 	15 (20 -> 19) 	14 (19 -> 15) 	6 (15 -> 4) 
ANCESTRY    (5)	19 (12 -> 21) 	17 (21 -> 20) 	16 (20 -> 13) 	2 (13 -> 5) 
ANCESTRY    (6)	19 (12 -> 21) 	17 (21 -> 20) 	15 (20 -> 19) 	13 (19 -> 18) 	12 (18 -> 17) 	9 (17 -> 14) 	3 (14 -> 6) 
ANCESTRY    (7)	19 (12 -> 21) 	17 (21 -> 20) 	15 (20 -> 19) 	14 (19 -> 15) 	5 (15 -> 7) 
ANCESTRY    (8)	19 (12 -> 21) 	17 (21 -> 20) 	15 (20 -> 19) 	13 (19 -> 18) 	11 (18 -> 16) 	7 (16 -> 8) 
ANCESTRY    (9)	19 (12 -> 21) 	18 (21 -> 9) 
ANCESTRY    (10)	19 (12 -> 21) 	17 (21 -> 20) 	15 (20 -> 19) 	13 (19 -> 18) 	12 (18 -> 17) 	9 (17 -> 14) 	4 (14 -> 10) 
ANCESTRY    (11)	20 (12 -> 11) 

MUTATIONS   (1)  dup, deln, crl, crg, wgd:	14	17	14	16	0
	eid	type	time
	13	del	0.404699	8.77148
	13	dup	0.486348	9.91894
	13	crg	0.752148	13.6544
	13	dup	0.807956	14.4387
	13	crl	0.854312	15.0902
	11	dup	0.125178	18.808
	8	del	0.0276012	33.9479
	8	crl	0.036978	35.1256
	8	crg	0.04298	35.8795
	8	crg	0.0624533	38.3253
	8	crl	0.0769272	40.1432
	8	dup	0.0788554	40.3854
	8	del	0.133599	47.2611
	8	crg	0.151147	49.4652
	8	del	0.159757	50.5465
	8	del	0.1689	51.695
	8	del	0.194917	54.9627
	8	del	0.210509	56.921
	8	dup	0.231146	59.5129
	8	del	0.244221	61.1552
	8	crg	0.257311	62.7993
	8	del	0.274182	64.9183
	8	crl	0.307306	69.0787
	8	crg	0.337294	72.8451
	8	crg	0.337522	72.8737
	8	crg	0.340797	73.2851
	8	crl	0.372341	77.247
	8	del	0.373079	77.3397
	8	dup	0.378845	78.0638
	8	crl	0.39964	80.6757
	8	dup	0.404958	81.3437
	8	crg	0.421714	83.4482
	8	dup	0.443362	86.1671
	8	del	0.482947	91.139
	8	crl	0.520746	95.8865
	8	crl	0.532908	97.4141
	8	crg	0.536946	97.9213
	8	crg	0.539036	98.1838
	8	dup	0.557264	100.473
	8	crg	0.584838	103.937
	8	crl	0.597991	105.588
	8	crl	0.599901	105.828
	8	del	0.638406	110.665
	8	del	0.64823	111.898
	8	crl	0.698108	118.163
	8	del	0.757588	125.634
	8	crl	0.7584	125.736
	8	crl	0.761537	126.13
	8	del	0.780985	128.572
	8	crg	0.805559	131.659
	8	dup	0.808105	131.979
	8	dup	0.849585	137.189
	8	dup	0.86524	139.155
	8	del	0.872189	140.028
	8	crl	0.875	140.381
	8	dup	0.891041	142.395
	8	dup	0.916091	145.542
	8	crg	0.953982	150.301
	8	crg	0.958258	150.838
	8	del	0.969092	152.199
	8	crg	0.995533	155.52

MUTATIONS   (2)  dup, deln, crl, crg, wgd:	20	11	21	13	0
	eid	type	time
	16	dup	0.0157793	3.35009
	16	dup	0.0193903	3.80425
	16	dup	0.039087	6.28147
	16	crg	0.0454578	7.08272
	16	crg	0.0551565	8.30252
	16	crl	0.0679872	9.91622
	16	dup	0.147245	19.8844
	16	crl	0.172961	23.1187
	16	del	0.191533	25.4545
	16	crg	0.199647	26.475
	16	crl	0.200203	26.5448
	16	del	0.204471	27.0817
	16	dup	0.23421	30.8219
	16	crg	0.238108	31.3121
	16	crg	0.252257	33.0917
	16	crl	0.269072	35.2064
	16	crl	0.271887	35.5605
	16	dup	0.286119	37.3504
	16	dup	0.28623	37.3644
	16	crl	0.305121	39.7403
	16	crl	0.311489	40.5412
	16	dup	0.335864	43.6068
	16	crl	0.353741	45.8552
	16	dup	0.369358	47.8194
	16	crl	0.438144	56.4704
	16	dup	0.443567	57.1524
	16	dup	0.476793	61.3313
	16	crg	0.498785	64.0972
	16	del	0.522433	67.0713
	16	del	0.5273	67.6835
	16	crl	0.555602	71.243
	16	crg	0.585745	75.0341
	16	crl	0.596491	76.3855
	16	crg	0.596825	76.4276
	16	crl	0.596916	76.4391
	16	dup	0.62002	79.3448
	16	crg	0.633368	81.0236
	16	crl	0.676859	86.4934
	16	del	0.678201	86.6622
	16	crl	0.689854	88.1278
	16	del	0.724273	92.4565
	16	crl	0.737176	94.0794
	16	dup	0.742907	94.8001
	16	crl	0.751698	95.9057
	16	dup	0.787869	100.455
	16	dup	0.797169	101.625
	16	del	0.821139	104.639
	16	crg	0.88725	112.954
	16	dup	0.894442	113.858
	16	del	0.941312	119.753
	16	dup	0.948195	120.619
	16	crg	0.981564	124.816
	16	crg	0.994261	126.413
	1	del	0.139081	131.16
	1	del	0.294998	135.674
	1	crl	0.571644	143.681
	1	crl	0.598418	144.456
	1	crl	0.712145	147.748
	1	dup	0.728304	148.216
	1	dup	0.770364	149.433
	1	del	0.798174	150.238
	1	dup	0.823282	150.965
	1	crg	0.857831	151.965
	1	crl	0.940597	154.361
	1	crl	0.995219	155.942

MUTATIONS   (3)  dup, deln, crl, crg, wgd:	15	9	17	17	0
	eid	type	time
	13	del	0.404699	8.77148
	13	dup	0.486348	9.91894
	13	crg	0.752148	13.6544
	13	dup	0.807956	14.4387
	13	crl	0.854312	15.0902
	12	crg	0.291562	19.8789
	12	dup	0.759522	24.2785
	10	crl	0.0189097	28.989
	10	crg	0.0690498	35.4842
	10	crl	0.0917737	38.4279
	10	crg	0.104142	40.03
	10	del	0.131548	43.5803
	10	crl	0.136206	44.1837
	10	crl	0.16978	48.5329
	10	dup	0.17233	48.8633
	10	dup	0.191033	51.2861
	10	crl	0.218026	54.7828
	10	crg	0.30458	65.9951
	10	dup	0.31017	66.7192
	10	dup	0.313122	67.1016
	10	crl	0.352658	72.2231
	10	del	0.354281	72.4334
	10	dup	0.377116	75.3914
	10	crl	0.381911	76.0126
	10	crl	0.385093	76.4248
	10	dup	0.398779	78.1977
	10	crg	0.420025	80.95
	10	del	0.429204	82.139
	10	crg	0.429798	82.2159
	10	crl	0.438811	83.3834
	10	del	0.489841	89.994
	10	crg	0.506794	92.1901
	10	crg	0.508312	92.3868
	10	del	0.514967	93.2488
	10	del	0.582924	102.052
	10	crg	0.583718	102.155
	10	del	0.584293	102.229
	10	crg	0.59487	103.6
	10	crl	0.59978	104.236
	10	crg	0.612561	105.891
	10	crl	0.6194	106.777
	10	crl	0.69674	116.796
	10	crg	0.717147	119.439
	10	crl	0.748942	123.558
	10	crl	0.757136	124.62
	10	dup	0.782842	127.95
	10	dup	0.800673	130.259
	10	crg	0.819435	132.69
	10	dup	0.855494	137.361
	10	dup	0.868575	139.056
	10	crg	0.86909	139.122
	10	crl	0.884863	141.166
	10	crg	0.88858	141.647
	10	crl	0.892108	142.104
	10	crg	0.924186	146.259
	10	del	0.947792	149.317
	10	dup	0.950832	149.711
	10	dup	0.977159	153.122

MUTATIONS   (4)  dup, deln, crl, crg, wgd:	20	10	13	12	0
	eid	type	time
	14	crg	0.051355	5.00941
	14	dup	0.136495	8.20155
	14	dup	0.157721	8.99737
	14	dup	0.15942	9.06109
	14	crl	0.242545	12.1777
	14	crg	0.243249	12.2041
	14	crl	0.274699	13.3833
	14	crl	0.304788	14.5114
	14	del	0.375741	17.1716
	14	crl	0.455549	20.1638
	14	crg	0.525979	22.8044
	14	del	0.596978	25.4664
	14	crl	0.610245	25.9638
	14	crg	0.634503	26.8734
	14	del	0.671906	28.2757
	14	dup	0.725607	30.2891
	14	del	0.793908	32.8499
	14	crg	0.817924	33.7503
	14	crg	0.879294	36.0513
	6	crl	0.114167	53.7636
	6	dup	0.11535	53.9003
	6	del	0.141721	56.9462
	6	dup	0.145779	57.4149
	6	dup	0.156347	58.6355
	6	dup	0.168941	60.0902
	6	crg	0.186906	62.1653
	6	crg	0.222537	66.2808
	6	dup	0.25723	70.2879
	6	dup	0.344897	80.4138
	6	dup	0.411845	88.1465
	6	crg	0.444298	91.8949
	6	del	0.4781	95.7992
	6	dup	0.481671	96.2116
	6	del	0.512345	99.7546
	6	dup	0.542734	103.265
	6	crl	0.546968	103.754
	6	dup	0.586977	108.375
	6	crg	0.596859	109.516
	6	del	0.602409	110.157
	6	dup	0.606823	110.667
	6	crl	0.622417	112.468
	6	crl	0.696645	121.042
	6	crl	0.725609	124.387
	6	crg	0.756639	127.971
	6	dup	0.783672	131.094
	6	crl	0.813419	134.53
	6	crl	0.820708	135.372
	6	dup	0.847788	138.5
	6	dup	0.867863	140.818
	6	del	0.870061	141.072
	6	crl	0.887833	143.125
	6	dup	0.898339	144.338
	6	crg	0.921516	147.015
	6	del	0.931224	148.137
	6	dup	0.939146	149.052

MUTATIONS   (5)  dup, deln, crl, crg, wgd:	19	11	20	14	0
	eid	type	time
	16	dup	0.0157793	3.35009
	16	dup	0.0193903	3.80425
	16	dup	0.039087	6.28147
	16	crg	0.0454578	7.08272
	16	crg	0.0551565	8.30252
	16	crl	0.0679872	9.91622
	16	dup	0.147245	19.8844
	16	crl	0.172961	23.1187
	16	del	0.191533	25.4545
	16	crg	0.199647	26.475
	16	crl	0.200203	26.5448
	16	del	0.204471	27.0817
	16	dup	0.23421	30.8219
	16	crg	0.238108	31.3121
	16	crg	0.252257	33.0917
	16	crl	0.269072	35.2064
	16	crl	0.271887	35.5605
	16	dup	0.286119	37.3504
	16	dup	0.28623	37.3644
	16	crl	0.305121	39.7403
	16	crl	0.311489	40.5412
	16	dup	0.335864	43.6068
	16	crl	0.353741	45.8552
	16	dup	0.369358	47.8194
	16	crl	0.438144	56.4704
	16	dup	0.443567	57.1524
	16	dup	0.476793	61.3313
	16	crg	0.498785	64.0972
	16	del	0.522433	67.0713
	16	del	0.5273	67.6835
	16	crl	0.555602	71.243
	16	crg	0.585745	75.0341
	16	crl	0.596491	76.3855
	16	crg	0.596825	76.4276
	16	crl	0.596916	76.4391
	16	dup	0.62002	79.3448
	16	crg	0.633368	81.0236
	16	crl	0.676859	86.4934
	16	del	0.678201	86.6622
	16	crl	0.689854	88.1278
	16	del	0.724273	92.4565
	16	crl	0.737176	94.0794
	16	dup	0.742907	94.8001
	16	crl	0.751698	95.9057
	16	dup	0.787869	100.455
	16	dup	0.797169	101.625
	16	del	0.821139	104.639
	16	crg	0.88725	112.954
	16	dup	0.894442	113.858
	16	del	0.941312	119.753
	16	dup	0.948195	120.619
	16	crg	0.981564	124.816
	16	crg	0.994261	126.413
	2	crl	0.0153836	127.58
	2	crl	0.0242007	127.835
	2	del	0.166313	131.949
	2	dup	0.202681	133.001
	2	crg	0.247579	134.301
	2	crl	0.285471	135.398
	2	del	0.28679	135.436
	2	dup	0.341734	137.026
	2	crg	0.494359	141.444
	2	del	0.628055	145.314
	2	crl	0.927585	153.984

MUTATIONS   (6)  dup, deln, crl, crg, wgd:	18	18	22	18	0
	eid	type	time
	13	del	0.404699	8.77148
	13	dup	0.486348	9.91894
	13	crg	0.752148	13.6544
	13	dup	0.807956	14.4387
	13	crl	0.854312	15.0902
	12	crg	0.291562	19.8789
	12	dup	0.759522	24.2785
	9	crg	0.0483229	27.3952
	9	dup	0.163043	29.4268
	9	crl	0.381945	33.3034
	9	del	0.431927	34.1885
	9	del	0.504097	35.4666
	9	dup	0.521121	35.7681
	9	dup	0.684094	38.6542
	9	del	0.751244	39.8434
	3	del	0.0131877	45.7235
	3	del	0.0256419	47.1163
	3	dup	0.0497127	49.8081
	3	del	0.0626681	51.257
	3	crg	0.074334	52.5616
	3	crg	0.103309	55.8019
	3	crl	0.129088	58.6849
	3	crl	0.134228	59.2597
	3	del	0.14325	60.2686
	3	dup	0.169912	63.2503
	3	crg	0.178355	64.1945
	3	del	0.179157	64.2842
	3	crg	0.191211	65.6322
	3	dup	0.191986	65.7188
	3	crl	0.218551	68.6896
	3	crl	0.233012	70.3069
	3	crg	0.250337	72.2443
	3	crl	0.257922	73.0926
	3	del	0.273669	74.8536
	3	crg	0.280124	75.5754
	3	crl	0.299811	77.7771
	3	dup	0.304749	78.3294
	3	crg	0.316092	79.5978
	3	crl	0.319259	79.952
	3	crg	0.325845	80.6885
	3	dup	0.336068	81.8318
	3	crg	0.351382	83.5444
	3	crl	0.367609	85.3591
	3	crl	0.380851	86.8399
	3	crg	0.392759	88.1717
	3	dup	0.422533	91.5013
	3	del	0.423793	91.6423
	3	del	0.452363	94.8373
	3	dup	0.467152	96.4911
	3	del	0.490534	99.1061
	3	crg	0.5073	100.981
	3	crl	0.528062	103.303
	3	crl	0.532146	103.76
	3	crl	0.546336	105.346
	3	dup	0.554728	106.285
	3	crg	0.573475	108.381
	3	crl	0.602751	111.655
	3	dup	0.618092	113.371
	3	crl	0.642973	116.154
	3	crl	0.669681	119.14
	3	del	0.669728	119.146
	3	crl	0.687953	121.184
	3	del	0.721725	124.961
	3	crg	0.732282	126.141
	3	del	0.75664	128.865
	3	del	0.78161	131.658
	3	crl	0.815099	135.403
	3	dup	0.817291	135.648
	3	dup	0.817429	135.663
	3	crg	0.893495	144.17
	3	crl	0.914084	146.472
	3	crg	0.924035	147.585
	3	dup	0.95075	150.573
	3	crl	0.969936	152.718
	3	crl	0.980597	153.911
	3	del	0.99978	156.056

MUTATIONS   (7)  dup, deln, crl, crg, wgd:	13	19	19	17	0
	eid	type	time
	14	crg	0.051355	5.00941
	14	dup	0.136495	8.20155
	14	dup	0.157721	8.99737
	14	dup	0.15942	9.06109
	14	crl	0.242545	12.1777
	14	crg	0.243249	12.2041
	14	crl	0.274699	13.3833
	14	crl	0.304788	14.5114
	14	del	0.375741	17.1716
	14	crl	0.455549	20.1638
	14	crg	0.525979	22.8044
	14	del	0.596978	25.4664
	14	crl	0.610245	25.9638
	14	crg	0.634503	26.8734
	14	del	0.671906	28.2757
	14	dup	0.725607	30.2891
	14	del	0.793908	32.8499
	14	crg	0.817924	33.7503
	14	crg	0.879294	36.0513
	5	crl	0.00255378	40.8719
	5	del	0.0147619	42.282
	5	dup	0.0149562	42.3044
	5	crg	0.0197374	42.8566
	5	dup	0.0342956	44.5382
	5	crl	0.0358244	44.7148
	5	del	0.0812509	49.9617
	5	crl	0.116047	53.9808
	5	crg	0.14833	57.7095
	5	del	0.201264	63.8236
	5	crg	0.210496	64.8899
	5	del	0.220382	66.0318
	5	crg	0.222521	66.2788
	5	crl	0.225732	66.6497
	5	del	0.284113	73.393
	5	dup	0.291897	74.2921
	5	del	0.347546	80.7198
	5	crl	0.357493	81.8686
	5	del	0.363144	82.5213
	5	crl	0.366653	82.9267
	5	del	0.412036	88.1686
	5	dup	0.412262	88.1947
	5	del	0.43281	90.568
	5	crl	0.467724	94.6007
	5	del	0.471641	95.0532
	5	dup	0.476533	95.6182
	5	crl	0.502546	98.6228
	5	dup	0.543861	103.395
	5	crl	0.564251	105.75
	5	del	0.575533	107.053
	5	crg	0.597592	109.601
	5	crg	0.616873	111.828
	5	crg	0.636775	114.127
	5	crg	0.646546	115.255
	5	crl	0.653233	116.028
	5	del	0.655176	116.252
	5	del	0.65698	116.461
	5	crl	0.695128	120.867
	5	dup	0.698664	121.275
	5	crg	0.741276	126.197
	5	crl	0.788054	131.6
	5	crg	0.815394	134.758
	5	dup	0.843667	138.024
	5	crl	0.84521	138.202
	5	crl	0.875702	141.724
	5	crg	0.931077	148.12
	5	dup	0.952121	150.55
	5	del	0.998558	155.914
	5	del	0.999999	156.08

MUTATIONS   (8)  dup, deln, crl, crg, wgd:	10	18	19	7	0
	eid	type	time
	13	del	0.404699	8.77148
	13	dup	0.486348	9.91894
	13	crg	0.752148	13.6544
	13	dup	0.807956	14.4387
	13	crl	0.854312	15.0902
	11	dup	0.125178	18.808
	7	crl	0.0284306	34.052
	7	crg	0.028445	34.0539
	7	del	0.0310678	34.3833
	7	del	0.0531948	37.1624
	7	dup	0.0685436	39.0902
	7	del	0.102659	43.3751
	7	crg	0.161811	50.8045
	7	crl	0.185755	53.8119
	7	del	0.193974	54.8443
	7	crg	0.196565	55.1697
	7	crl	0.228359	59.1629
	7	crl	0.267742	64.1094
	7	del	0.332433	72.2345
	7	crl	0.343094	73.5736
	7	del	0.347455	74.1213
	7	del	0.384052	78.7179
	7	crl	0.397492	80.4059
	7	crl	0.405701	81.437
	7	crg	0.452279	87.2872
	7	crl	0.457149	87.8988
	7	del	0.471958	89.7588
	7	del	0.485495	91.459
	7	crl	0.496773	92.8755
	7	del	0.509014	94.4131
	7	del	0.530333	97.0907
	7	dup	0.551957	99.8066
	7	del	0.55933	100.733
	7	crl	0.645649	111.574
	7	crl	0.64897	111.991
	7	dup	0.656985	112.998
	7	crg	0.680033	115.893
	7	del	0.685452	116.574
	7	crl	0.688727	116.985
	7	dup	0.743354	123.846
	7	crg	0.749275	124.59
	7	crl	0.800875	131.071
	7	crl	0.825182	134.124
	7	del	0.839744	135.952
	7	crl	0.860236	138.526
	7	dup	0.872611	140.081
	7	dup	0.87815	140.776
	7	crl	0.883413	141.437
	7	del	0.903629	143.976
	7	dup	0.934957	147.911
	7	crl	0.948975	149.672
	7	del	0.958311	150.844
	7	del	0.981185	153.717
	7	crl	0.993341	155.244

MUTATIONS   (9)  dup, deln, crl, crg, wgd:	22	18	18	14	0
	eid	type	time
	18	dup	0.00327082	0.853119
	18	del	0.0125617	2.30005
	18	dup	0.0191528	3.32652
	18	del	0.0236043	4.01979
	18	crg	0.0382865	6.30636
	18	del	0.0463574	7.56329
	18	crl	0.0467597	7.62594
	18	crl	0.0471486	7.68651
	18	crl	0.0625756	10.0891
	18	crg	0.0764761	12.2539
	18	crl	0.0919464	14.6632
	18	crg	0.134029	21.217
	18	dup	0.141945	22.4498
	18	del	0.15305	24.1792
	18	del	0.190994	30.0886
	18	crg	0.20261	31.8976
	18	crl	0.208477	32.8113
	18	crg	0.233388	36.6909
	18	dup	0.241255	37.916
	18	crl	0.24375	38.3045
	18	dup	0.246328	38.706
	18	dup	0.248393	39.0276
	18	dup	0.255229	40.0922
	18	dup	0.256573	40.3016
	18	crl	0.284631	44.6712
	18	del	0.287838	45.1708
	18	dup	0.303686	47.6388
	18	crl	0.335405	52.5786
	18	del	0.340564	53.382
	18	crg	0.43246	67.6937
	18	del	0.433672	67.8825
	18	crg	0.438818	68.6838
	18	dup	0.439947	68.8597
	18	dup	0.467829	73.202
	18	crg	0.539725	84.3987
	18	dup	0.557014	87.0914
	18	crl	0.573519	89.6618
	18	del	0.577501	90.2819
	18	crl	0.581958	90.9761
	18	del	0.585611	91.5449
	18	dup	0.609683	95.2938
	18	dup	0.610454	95.4138
	18	crg	0.614645	96.0666
	18	crl	0.619084	96.7578
	18	dup	0.634805	99.2062
	18	del	0.635967	99.3872
	18	del	0.663918	103.74
	18	crg	0.673258	105.195
	18	dup	0.680251	106.284
	18	crl	0.681461	106.472
	18	del	0.6929	108.254
	18	crl	0.716754	111.969
	18	crl	0.734269	114.696
	18	del	0.749862	117.125
	18	del	0.758584	118.483
	18	crg	0.766496	119.715
	18	dup	0.773314	120.777
	18	del	0.773599	120.822
	18	dup	0.784737	122.556
	18	del	0.797806	124.592
	18	del	0.817557	127.667
	18	dup	0.828946	129.441
	18	crg	0.829264	129.491
	18	dup	0.858925	134.11
	18	dup	0.861083	134.446
	18	crg	0.873534	136.385
	18	crl	0.878667	137.185
	18	crg	0.9193	143.513
	18	dup	0.955044	149.079
	18	crl	0.956983	149.381
	18	crl	0.982513	153.357
	18	crl	0.985155	153.769

MUTATIONS   (10)  dup, deln, crl, crg, wgd:	17	17	12	20	0
	eid	type	time
	13	del	0.404699	8.77148
	13	dup	0.486348	9.91894
	13	crg	0.752148	13.6544
	13	dup	0.807956	14.4387
	13	crl	0.854312	15.0902
	12	crg	0.291562	19.8789
	12	dup	0.759522	24.2785
	9	crg	0.0483229	27.3952
	9	dup	0.163043	29.4268
	9	crl	0.381945	33.3034
	9	del	0.431927	34.1885
	9	del	0.504097	35.4666
	9	dup	0.521121	35.7681
	9	dup	0.684094	38.6542
	9	del	0.751244	39.8434
	4	crg	0.00855156	45.205
	4	del	0.0451531	49.2982
	4	dup	0.0548909	50.3872
	4	crg	0.0683622	51.8938
	4	dup	0.112769	56.8599
	4	dup	0.118005	57.4454
	4	del	0.124017	58.1177
	4	del	0.12603	58.3429
	4	crl	0.133852	59.2176
	4	crg	0.154786	61.5587
	4	crg	0.163983	62.5872
	4	crg	0.167377	62.9668
	4	del	0.17394	63.7007
	4	dup	0.176377	63.9733
	4	crl	0.190043	65.5015
	4	crl	0.217277	68.5472
	4	crl	0.257601	73.0567
	4	crg	0.277385	75.2691
	4	del	0.284761	76.0941
	4	crg	0.308604	78.7604
	4	crg	0.346049	82.948
	4	dup	0.361171	84.6391
	4	del	0.400885	89.0804
	4	crg	0.415199	90.6811
	4	dup	0.509257	101.2
	4	crl	0.522994	102.736
	4	dup	0.529742	103.491
	4	del	0.551443	105.918
	4	del	0.581858	109.319
	4	del	0.591062	110.348
	4	crl	0.641335	115.97
	4	crg	0.648731	116.797
	4	crl	0.672018	119.402
	4	del	0.720896	124.868
	4	dup	0.723461	125.155
	4	crl	0.7401	127.015
	4	crg	0.778714	131.334
	4	del	0.779038	131.37
	4	crg	0.800716	133.794
	4	crg	0.805939	134.378
	4	dup	0.811216	134.969
	4	crg	0.820024	135.953
	4	crg	0.821338	136.1
	4	crl	0.825585	136.575
	4	dup	0.845229	138.772
	4	crg	0.88358	143.061
	4	crl	0.888356	143.595
	4	del	0.900648	144.97
	4	del	0.91791	146.9
	4	dup	0.925956	147.8
	4	crg	0.982058	154.074

MUTATIONS   (11)  dup, deln, crl, crg, wgd:	0	0	0	0	0
	eid	type	time

