NODE TIMES:	nid	time
	1	299.484
	2	299.484
	3	299.484
	4	299.484
	5	299.484
	6	299.484
	7	299.484
	8	299.484
	9	299.484
	10	299.484
	11	0
	12	0
	13	197.864
	14	131.55
	15	107.344
	16	37.3739
	17	4.84972
	18	2.41499
	19	1.55085
	20	1.31534
	21	0.32375

ANCESTRY    (1)	19 (12 -> 21) 	17 (21 -> 20) 	15 (20 -> 19) 	14 (19 -> 18) 	12 (18 -> 1) 
ANCESTRY    (2)	19 (12 -> 21) 	17 (21 -> 20) 	15 (20 -> 19) 	13 (19 -> 16) 	7 (16 -> 13) 	2 (13 -> 2) 
ANCESTRY    (3)	19 (12 -> 21) 	17 (21 -> 20) 	16 (20 -> 14) 	4 (14 -> 3) 
ANCESTRY    (4)	19 (12 -> 21) 	17 (21 -> 20) 	15 (20 -> 19) 	13 (19 -> 16) 	8 (16 -> 15) 	5 (15 -> 4) 
ANCESTRY    (5)	19 (12 -> 21) 	18 (21 -> 17) 	10 (17 -> 5) 
ANCESTRY    (6)	19 (12 -> 21) 	17 (21 -> 20) 	16 (20 -> 14) 	3 (14 -> 6) 
ANCESTRY    (7)	19 (12 -> 21) 	17 (21 -> 20) 	15 (20 -> 19) 	13 (19 -> 16) 	7 (16 -> 13) 	1 (13 -> 7) 
ANCESTRY    (8)	19 (12 -> 21) 	17 (21 -> 20) 	15 (20 -> 19) 	14 (19 -> 18) 	11 (18 -> 8) 
ANCESTRY    (9)	19 (12 -> 21) 	17 (21 -> 20) 	15 (20 -> 19) 	13 (19 -> 16) 	8 (16 -> 15) 	6 (15 -> 9) 
ANCESTRY    (10)	19 (12 -> 21) 	18 (21 -> 17) 	9 (17 -> 10) 
ANCESTRY    (11)	20 (12 -> 11) 

MUTATIONS   (1)  dup, deln, crl, crg, wgd:	20	37	35	29	1
	eid	type	time
	14	crg	0.943321	2.36602
	12	crg	0.00121092	2.77472
	12	del	0.00552842	4.05732
	12	crl	0.00561435	4.08285
	12	del	0.00747501	4.63559
	12	crl	0.0148246	6.81893
	12	crl	0.0187923	7.9976
	12	dup	0.021134	8.69327
	12	dup	0.0213112	8.7459
	12	del	0.0441425	15.5284
	12	del	0.0563028	19.1408
	12	del	0.05689	19.3153
	12	dup	0.056956	19.3349
	12	crl	0.0624084	20.9546
	12	crg	0.0697077	23.123
	12	crl	0.107851	34.4542
	12	del	0.135504	42.669
	12	crg	0.139637	43.897
	12	del	0.164493	51.2809
	12	dup	0.176017	54.7043
	12	crg	0.176416	54.8229
	12	dup	0.18162	56.3687
	12	crl	0.193539	59.9095
	12	del	0.220346	67.8731
	12	crg	0.223021	68.6678
	12	dup	0.230741	70.9611
	12	crl	0.250866	76.9395
	12	crl	0.258709	79.2695
	12	crl	0.26244	80.378
	12	crl	0.268914	82.301
	12	del	0.281321	85.987
	12	dup	0.288506	88.1212
	12	crl	0.293318	89.5507
	12	del	0.305643	93.2121
	12	crl	0.311767	95.0316
	12	crg	0.314038	95.706
	12	dup	0.321114	97.8082
	12	crg	0.332179	101.095
	12	crl	0.349548	106.255
	12	wgd	0.358442	108.897
	12	crg	0.360215	109.424
	12	del	0.36215	109.999
	12	del	0.364066	110.568
	12	del	0.366626	111.329
	12	crg	0.375018	113.821
	12	del	0.377781	114.642
	12	crl	0.406526	123.181
	12	crl	0.4104	124.332
	12	del	0.410931	124.49
	12	crg	0.412059	124.825
	12	dup	0.418755	126.814
	12	crg	0.448171	135.553
	12	del	0.466213	140.913
	12	del	0.469963	142.027
	12	crl	0.487558	147.254
	12	del	0.494029	149.176
	12	crl	0.494909	149.438
	12	del	0.507994	153.324
	12	crl	0.52522	158.442
	12	crl	0.532536	160.615
	12	del	0.532575	160.627
	12	dup	0.54294	163.706
	12	crl	0.549404	165.626
	12	del	0.551087	166.126
	12	dup	0.551336	166.2
	12	crg	0.552547	166.56
	12	crl	0.565462	170.396
	12	crl	0.574127	172.971
	12	crl	0.574303	173.023
	12	crl	0.6003	180.746
	12	dup	0.607267	182.816
	12	crl	0.61775	185.93
	12	dup	0.62536	188.19
	12	del	0.628884	189.237
	12	del	0.632614	190.345
	12	crg	0.638907	192.215
	12	del	0.643212	193.494
	12	crl	0.648644	195.107
	12	dup	0.648944	195.196
	12	crg	0.658988	198.18
	12	del	0.664258	199.746
	12	del	0.693696	208.491
	12	crg	0.694074	208.603
	12	del	0.716591	215.292
	12	del	0.726554	218.252
	12	crl	0.732904	220.139
	12	crg	0.733268	220.247
	12	crg	0.735238	220.832
	12	crl	0.744362	223.542
	12	crg	0.745819	223.975
	12	dup	0.747761	224.552
	12	del	0.749323	225.016
	12	crl	0.7614	228.604
	12	crg	0.764817	229.619
	12	crg	0.77019	231.215
	12	crl	0.798261	239.554
	12	del	0.801703	240.576
	12	crg	0.826417	247.918
	12	crl	0.830742	249.203
	12	crl	0.835581	250.641
	12	dup	0.858827	257.546
	12	del	0.859523	257.753
	12	crg	0.862423	258.615
	12	del	0.874042	262.066
	12	crl	0.877454	263.08
	12	crg	0.886208	265.68
	12	dup	0.890753	267.031
	12	crg	0.897656	269.081
	12	dup	0.917823	275.072
	12	crg	0.918733	275.343
	12	dup	0.919525	275.578
	12	del	0.920007	275.721
	12	crl	0.934324	279.974
	12	del	0.937695	280.975
	12	del	0.951025	284.936
	12	crl	0.953708	285.732
	12	crg	0.959128	287.343
	12	crg	0.965513	289.239
	12	dup	0.974019	291.766
	12	del	0.978667	293.147
	12	crg	0.985832	295.275
	12	del	0.992002	297.109

MUTATIONS   (2)  dup, deln, crl, crg, wgd:	28	34	26	27	0
	eid	type	time
	13	crg	0.0197688	2.25903
	13	crl	0.0244798	2.42779
	13	dup	0.145291	6.75561
	13	crl	0.174914	7.81681
	13	del	0.18615	8.21932
	13	del	0.413882	16.3774
	13	del	0.430738	16.9812
	13	crg	0.449225	17.6435
	13	crg	0.471309	18.4346
	13	crl	0.494255	19.2566
	13	dup	0.513229	19.9363
	13	del	0.559799	21.6046
	13	dup	0.601765	23.1079
	13	crl	0.611203	23.446
	13	crl	0.674246	25.7044
	13	crg	0.683905	26.0504
	13	crl	0.779945	29.4909
	13	del	0.79484	30.0245
	13	dup	0.893075	33.5435
	13	crl	0.957061	35.8357
	7	dup	0.00257065	37.7865
	7	crl	0.00274431	37.8144
	7	del	0.0053929	38.2394
	7	dup	0.0376186	43.4113
	7	del	0.0387795	43.5976
	7	crl	0.0450313	44.601
	7	dup	0.0880333	51.5024
	7	crg	0.0896191	51.7569
	7	crl	0.0995527	53.3511
	7	del	0.128982	58.0743
	7	crg	0.162306	63.4223
	7	del	0.180037	66.268
	7	dup	0.184574	66.9961
	7	del	0.197368	69.0495
	7	crg	0.199937	69.4618
	7	crl	0.21501	71.8808
	7	crl	0.223371	73.2226
	7	crl	0.253525	78.0621
	7	crl	0.26227	79.4656
	7	del	0.2628	79.5507
	7	dup	0.264001	79.7434
	7	crl	0.284648	83.057
	7	del	0.286196	83.3055
	7	del	0.293861	84.5356
	7	dup	0.294527	84.6425
	7	dup	0.295923	84.8666
	7	crg	0.312768	87.57
	7	crl	0.332804	90.7855
	7	del	0.334721	91.0932
	7	dup	0.361008	95.3121
	7	del	0.37564	97.6603
	7	crl	0.389116	99.8231
	7	crg	0.404449	102.284
	7	del	0.410054	103.183
	7	crl	0.424532	105.507
	7	del	0.444176	108.66
	7	crl	0.451666	109.862
	7	del	0.51302	119.708
	7	dup	0.514345	119.921
	7	del	0.606058	134.64
	7	crg	0.635021	139.288
	7	dup	0.672735	145.341
	7	crl	0.67606	145.875
	7	crg	0.684608	147.246
	7	dup	0.694873	148.894
	7	dup	0.705676	150.628
	7	crg	0.72142	153.154
	7	del	0.722305	153.296
	7	crl	0.736478	155.571
	7	dup	0.742389	156.52
	7	del	0.827255	170.14
	7	crl	0.849852	173.766
	7	dup	0.870271	177.044
	7	crg	0.886439	179.638
	7	del	0.947254	189.398
	7	crl	0.948906	189.664
	7	del	0.962328	191.818
	7	dup	0.972704	193.483
	7	del	0.979674	194.602
	7	crg	0.98083	194.787
	7	del	0.991867	196.558
	7	dup	0.998416	197.609
	2	dup	0.0826029	206.258
	2	crg	0.0950407	207.522
	2	crg	0.118619	209.918
	2	del	0.136352	211.72
	2	del	0.144438	212.542
	2	crg	0.155035	213.618
	2	crl	0.227323	220.964
	2	crg	0.25023	223.292
	2	crg	0.277635	226.077
	2	del	0.297885	228.135
	2	dup	0.357643	234.208
	2	dup	0.370813	235.546
	2	crg	0.438456	242.42
	2	del	0.439316	242.507
	2	dup	0.4652	245.138
	2	dup	0.475189	246.153
	2	crg	0.500815	248.757
	2	crg	0.500859	248.761
	2	crg	0.501465	248.823
	2	crl	0.501996	248.877
	2	dup	0.504309	249.112
	2	del	0.514932	250.191
	2	crg	0.615457	260.407
	2	dup	0.68024	266.99
	2	del	0.681704	267.139
	2	crg	0.719365	270.966
	2	del	0.740179	273.081
	2	del	0.763014	275.402
	2	dup	0.830778	282.288
	2	del	0.888916	288.196
	2	crl	0.908278	290.164
	2	crg	0.93674	293.056
	2	crg	0.97008	296.444

MUTATIONS   (3)  dup, deln, crl, crg, wgd:	33	38	25	27	1
	eid	type	time
	16	crl	0.00979563	2.59107
	16	del	0.0120257	2.8815
	16	dup	0.0415902	6.73182
	16	del	0.0498753	7.81083
	16	dup	0.05159	8.03414
	16	crl	0.0670492	10.0475
	16	del	0.0908496	13.1471
	16	del	0.101142	14.4876
	16	crg	0.108324	15.4229
	16	del	0.150363	20.8978
	16	del	0.158763	21.9918
	16	crg	0.158803	21.997
	16	del	0.162969	22.5396
	16	del	0.197801	27.0759
	16	del	0.24116	32.7228
	16	crg	0.25316	34.2855
	16	crl	0.257833	34.8942
	16	crl	0.287153	38.7126
	16	crl	0.287492	38.7568
	16	crl	0.293138	39.4921
	16	del	0.316016	42.4716
	16	crl	0.32416	43.5323
	16	del	0.339737	45.5609
	16	crg	0.356339	47.723
	16	crl	0.371159	49.6531
	16	del	0.380738	50.9007
	16	del	0.388103	51.8598
	16	crg	0.395087	52.7694
	16	crl	0.466922	62.1249
	16	del	0.472002	62.7864
	16	dup	0.488675	64.9578
	16	del	0.497789	66.1448
	16	dup	0.512098	68.0083
	16	wgd	0.523329	69.471
	16	crg	0.590989	78.2826
	16	crg	0.628969	83.229
	16	crg	0.639651	84.6202
	16	crl	0.663892	87.7771
	16	crg	0.6676	88.26
	16	crg	0.736468	97.2291
	16	crg	0.769046	101.472
	16	dup	0.773491	102.051
	16	crg	0.781713	103.122
	16	dup	0.799799	105.477
	16	dup	0.842342	111.018
	16	dup	0.850219	112.043
	16	dup	0.869027	114.493
	16	crg	0.8718	114.854
	16	dup	0.882056	116.19
	16	del	0.904049	119.054
	16	del	0.91013	119.846
	16	del	0.915815	120.586
	16	crg	0.917581	120.816
	16	crg	0.93586	123.197
	16	del	0.937688	123.435
	16	del	0.947977	124.775
	16	del	0.982223	129.235
	16	dup	0.989115	130.133
	4	del	0.0152318	134.108
	4	del	0.0242364	135.62
	4	crl	0.0400666	138.279
	4	crg	0.0489846	139.776
	4	dup	0.0625013	142.046
	4	dup	0.0656352	142.573
	4	crl	0.153575	157.341
	4	dup	0.158709	158.203
	4	crl	0.164484	159.173
	4	crg	0.184682	162.565
	4	crl	0.215904	167.808
	4	dup	0.218287	168.208
	4	dup	0.222122	168.852
	4	dup	0.263077	175.73
	4	crl	0.285931	179.568
	4	dup	0.32093	185.445
	4	dup	0.361889	192.324
	4	crl	0.374474	194.437
	4	crg	0.383457	195.946
	4	crg	0.386026	196.377
	4	dup	0.387468	196.619
	4	del	0.390938	197.202
	4	crl	0.405352	199.623
	4	crl	0.405937	199.721
	4	del	0.413341	200.964
	4	crl	0.416442	201.485
	4	del	0.420852	202.226
	4	dup	0.47125	210.689
	4	dup	0.484215	212.866
	4	del	0.49556	214.772
	4	del	0.516852	218.347
	4	del	0.536084	221.577
	4	crg	0.548758	223.705
	4	crl	0.549555	223.839
	4	crg	0.559162	225.453
	4	crg	0.56168	225.876
	4	crl	0.578552	228.709
	4	dup	0.602837	232.787
	4	dup	0.609206	233.857
	4	dup	0.621695	235.954
	4	crg	0.642135	239.387
	4	del	0.664845	243.201
	4	dup	0.725976	253.466
	4	del	0.728294	253.856
	4	crl	0.747007	256.998
	4	del	0.749194	257.366
	4	del	0.759631	259.118
	4	crg	0.762905	259.668
	4	dup	0.780219	262.576
	4	crg	0.780868	262.685
	4	del	0.809268	267.454
	4	crl	0.80961	267.511
	4	dup	0.839451	272.523
	4	dup	0.843548	273.211
	4	del	0.846711	273.742
	4	crl	0.85091	274.447
	4	del	0.861774	276.272
	4	dup	0.872461	278.066
	4	crg	0.889155	280.87
	4	dup	0.890186	281.043
	4	dup	0.897825	282.326
	4	crg	0.924938	286.879
	4	del	0.936067	288.748
	4	dup	0.954185	291.791
	4	del	0.957928	292.419
	4	crl	0.997302	299.031

MUTATIONS   (4)  dup, deln, crl, crg, wgd:	37	33	37	36	0
	eid	type	time
	13	crg	0.0197688	2.25903
	13	crl	0.0244798	2.42779
	13	dup	0.145291	6.75561
	13	crl	0.174914	7.81681
	13	del	0.18615	8.21932
	13	del	0.413882	16.3774
	13	del	0.430738	16.9812
	13	crg	0.449225	17.6435
	13	crg	0.471309	18.4346
	13	crl	0.494255	19.2566
	13	dup	0.513229	19.9363
	13	del	0.559799	21.6046
	13	dup	0.601765	23.1079
	13	crl	0.611203	23.446
	13	crl	0.674246	25.7044
	13	crg	0.683905	26.0504
	13	crl	0.779945	29.4909
	13	del	0.79484	30.0245
	13	dup	0.893075	33.5435
	13	crl	0.957061	35.8357
	8	crg	0.00994657	38.0699
	8	crl	0.0612386	41.6588
	8	crl	0.121432	45.8705
	8	dup	0.128913	46.3939
	8	crl	0.176018	49.6899
	8	dup	0.190084	50.674
	8	crg	0.204373	51.6739
	8	crl	0.228837	53.3856
	8	crg	0.230776	53.5212
	8	crl	0.259123	55.5047
	8	dup	0.286595	57.4268
	8	dup	0.289183	57.6079
	8	crg	0.304825	58.7024
	8	crg	0.319764	59.7477
	8	del	0.3569	62.3461
	8	dup	0.362016	62.704
	8	crl	0.375348	63.6369
	8	crg	0.37929	63.9127
	8	crl	0.406435	65.812
	8	crl	0.406734	65.833
	8	crl	0.415335	66.4348
	8	del	0.421167	66.8428
	8	crl	0.423238	66.9877
	8	crg	0.431029	67.5329
	8	dup	0.464298	69.8607
	8	dup	0.466195	69.9934
	8	dup	0.547055	75.6512
	8	del	0.583287	78.1863
	8	dup	0.591624	78.7696
	8	crg	0.671218	84.3388
	8	crl	0.678491	84.8477
	8	del	0.685307	85.3246
	8	dup	0.712664	87.2387
	8	crl	0.77837	91.8362
	8	crg	0.781823	92.0778
	8	crg	0.798132	93.2189
	8	del	0.871636	98.362
	8	dup	0.897152	100.147
	8	del	0.914254	101.344
	8	crg	0.928467	102.338
	5	del	0.00598156	108.493
	5	dup	0.0196852	111.126
	5	dup	0.0407775	115.179
	5	dup	0.0676441	120.341
	5	del	0.0706987	120.928
	5	crg	0.0756382	121.877
	5	crl	0.0770766	122.153
	5	del	0.14488	135.181
	5	crg	0.167567	139.54
	5	crg	0.168007	139.625
	5	crg	0.179278	141.79
	5	crg	0.187048	143.283
	5	del	0.187176	143.308
	5	del	0.192304	144.293
	5	del	0.198	145.387
	5	crg	0.208348	147.376
	5	dup	0.230501	151.632
	5	del	0.236964	152.874
	5	crg	0.291795	163.409
	5	crg	0.29799	164.6
	5	dup	0.30218	165.405
	5	crg	0.325944	169.971
	5	dup	0.33278	171.284
	5	dup	0.339121	172.503
	5	dup	0.346747	173.968
	5	crg	0.35114	174.812
	5	del	0.352844	175.139
	5	crl	0.362515	176.997
	5	crl	0.393967	183.041
	5	crl	0.396929	183.61
	5	del	0.423788	188.771
	5	dup	0.441436	192.161
	5	dup	0.450605	193.923
	5	crl	0.458302	195.402
	5	del	0.473775	198.375
	5	crg	0.488395	201.184
	5	crg	0.496168	202.678
	5	dup	0.498296	203.087
	5	crl	0.52626	208.46
	5	crl	0.528913	208.969
	5	del	0.532638	209.685
	5	crg	0.534271	209.999
	5	crl	0.545759	212.206
	5	del	0.546648	212.377
	5	crg	0.554999	213.982
	5	crg	0.565354	215.971
	5	dup	0.597454	222.139
	5	del	0.609483	224.45
	5	crl	0.620721	226.61
	5	crg	0.624415	227.319
	5	del	0.625595	227.546
	5	dup	0.641342	230.572
	5	dup	0.644382	231.156
	5	crl	0.650715	232.373
	5	dup	0.650935	232.415
	5	crl	0.651564	232.536
	5	del	0.690074	239.935
	5	dup	0.691865	240.279
	5	del	0.738508	249.241
	5	crl	0.738632	249.265
	5	del	0.751321	251.703
	5	del	0.761028	253.568
	5	dup	0.763172	253.98
	5	dup	0.792968	259.705
	5	dup	0.795071	260.109
	5	crg	0.799551	260.97
	5	del	0.809267	262.837
	5	dup	0.820578	265.01
	5	dup	0.830664	266.948
	5	del	0.847443	270.172
	5	crl	0.856111	271.838
	5	crl	0.85693	271.995
	5	crg	0.858521	272.301
	5	del	0.901472	280.553
	5	crl	0.906215	281.465
	5	del	0.923957	284.873
	5	crl	0.950587	289.99
	5	crg	0.958017	291.418
	5	crl	0.960546	291.904
	5	crl	0.966533	293.054
	5	crg	0.969466	293.618
	5	dup	0.980108	295.662
	5	crg	0.997275	298.961

MUTATIONS   (5)  dup, deln, crl, crg, wgd:	30	29	36	28	1
	eid	type	time
	18	dup	0.230504	1.367
	18	crg	0.579457	2.94635
	10	crl	0.00147101	5.28313
	10	dup	0.0106137	7.97688
	10	dup	0.0111698	8.14074
	10	dup	0.014883	9.23475
	10	crg	0.0366487	15.6477
	10	dup	0.0375035	15.8996
	10	del	0.0437497	17.7399
	10	crg	0.0457703	18.3352
	10	del	0.0460996	18.4323
	10	crl	0.0554487	21.1868
	10	dup	0.0669774	24.5836
	10	crl	0.0673551	24.6949
	10	dup	0.0680858	24.9102
	10	dup	0.0726463	26.2539
	10	dup	0.0940569	32.5622
	10	crg	0.0941201	32.5808
	10	crl	0.108549	36.8322
	10	crl	0.117072	39.3431
	10	crl	0.122139	40.8362
	10	del	0.139722	46.0167
	10	crl	0.143412	47.1038
	10	del	0.148129	48.4936
	10	crl	0.155128	50.5558
	10	del	0.170053	54.9532
	10	dup	0.175188	56.4662
	10	crl	0.176386	56.8192
	10	crg	0.202922	64.6376
	10	crg	0.205014	65.2539
	10	dup	0.208419	66.2573
	10	dup	0.219527	69.5299
	10	del	0.221534	70.1214
	10	crl	0.229029	72.3296
	10	crl	0.232226	73.2717
	10	crg	0.250505	78.6573
	10	del	0.264063	82.6519
	10	dup	0.268021	83.8181
	10	crl	0.27304	85.2968
	10	dup	0.281811	87.881
	10	crl	0.287341	89.5104
	10	del	0.289741	90.2176
	10	dup	0.293721	91.39
	10	crl	0.312414	96.8977
	10	crl	0.345273	106.579
	10	dup	0.348325	107.478
	10	crl	0.358527	110.484
	10	del	0.372341	114.554
	10	dup	0.398316	122.207
	10	crg	0.41019	125.706
	10	del	0.411676	126.144
	10	crl	0.430286	131.627
	10	crl	0.43354	132.586
	10	crl	0.438827	134.143
	10	del	0.439859	134.447
	10	del	0.448262	136.923
	10	del	0.451653	137.923
	10	dup	0.460351	140.485
	10	del	0.47678	145.326
	10	dup	0.480181	146.328
	10	del	0.481504	146.717
	10	crl	0.483645	147.348
	10	dup	0.493409	150.225
	10	dup	0.501096	152.49
	10	del	0.509407	154.939
	10	crl	0.517853	157.427
	10	del	0.533045	161.903
	10	crl	0.533985	162.18
	10	del	0.555028	168.38
	10	crl	0.557094	168.989
	10	dup	0.562374	170.545
	10	crg	0.581167	176.082
	10	dup	0.590035	178.694
	10	crg	0.596871	180.709
	10	wgd	0.598759	181.265
	10	crl	0.599366	181.444
	10	crl	0.616607	186.524
	10	crl	0.63469	191.851
	10	crl	0.638491	192.971
	10	del	0.674365	203.541
	10	crl	0.69444	209.456
	10	crl	0.700568	211.261
	10	dup	0.705956	212.849
	10	del	0.70686	213.115
	10	crg	0.724443	218.296
	10	crl	0.741573	223.343
	10	crl	0.768341	231.23
	10	crl	0.78813	237.06
	10	dup	0.794024	238.797
	10	dup	0.798205	240.029
	10	crg	0.80853	243.071
	10	crg	0.809116	243.243
	10	crg	0.810268	243.583
	10	dup	0.833751	250.502
	10	crg	0.836495	251.31
	10	del	0.839485	252.191
	10	crg	0.840609	252.522
	10	del	0.841705	252.845
	10	crg	0.851563	255.75
	10	crl	0.85428	256.55
	10	dup	0.860131	258.274
	10	del	0.862915	259.094
	10	crg	0.867016	260.303
	10	crl	0.868475	260.733
	10	crg	0.872717	261.982
	10	crg	0.875253	262.73
	10	crl	0.888219	266.55
	10	crg	0.894243	268.325
	10	crg	0.898637	269.619
	10	crg	0.918173	275.376
	10	crg	0.920967	276.199
	10	del	0.922357	276.608
	10	crg	0.923685	276.999
	10	del	0.926875	277.939
	10	del	0.929253	278.64
	10	del	0.931805	279.392
	10	del	0.93332	279.838
	10	crl	0.946819	283.816
	10	del	0.947394	283.985
	10	dup	0.952256	285.417
	10	crg	0.960639	287.887
	10	crg	0.965138	289.213
	10	dup	0.989653	296.436
	10	crg	0.991735	297.049

MUTATIONS   (6)  dup, deln, crl, crg, wgd:	25	37	21	30	1
	eid	type	time
	16	crl	0.00979563	2.59107
	16	del	0.0120257	2.8815
	16	dup	0.0415902	6.73182
	16	del	0.0498753	7.81083
	16	dup	0.05159	8.03414
	16	crl	0.0670492	10.0475
	16	del	0.0908496	13.1471
	16	del	0.101142	14.4876
	16	crg	0.108324	15.4229
	16	del	0.150363	20.8978
	16	del	0.158763	21.9918
	16	crg	0.158803	21.997
	16	del	0.162969	22.5396
	16	del	0.197801	27.0759
	16	del	0.24116	32.7228
	16	crg	0.25316	34.2855
	16	crl	0.257833	34.8942
	16	crl	0.287153	38.7126
	16	crl	0.287492	38.7568
	16	crl	0.293138	39.4921
	16	del	0.316016	42.4716
	16	crl	0.32416	43.5323
	16	del	0.339737	45.5609
	16	crg	0.356339	47.723
	16	crl	0.371159	49.6531
	16	del	0.380738	50.9007
	16	del	0.388103	51.8598
	16	crg	0.395087	52.7694
	16	crl	0.466922	62.1249
	16	del	0.472002	62.7864
	16	dup	0.488675	64.9578
	16	del	0.497789	66.1448
	16	dup	0.512098	68.0083
	16	wgd	0.523329	69.471
	16	crg	0.590989	78.2826
	16	crg	0.628969	83.229
	16	crg	0.639651	84.6202
	16	crl	0.663892	87.7771
	16	crg	0.6676	88.26
	16	crg	0.736468	97.2291
	16	crg	0.769046	101.472
	16	dup	0.773491	102.051
	16	crg	0.781713	103.122
	16	dup	0.799799	105.477
	16	dup	0.842342	111.018
	16	dup	0.850219	112.043
	16	dup	0.869027	114.493
	16	crg	0.8718	114.854
	16	dup	0.882056	116.19
	16	del	0.904049	119.054
	16	del	0.91013	119.846
	16	del	0.915815	120.586
	16	crg	0.917581	120.816
	16	crg	0.93586	123.197
	16	del	0.937688	123.435
	16	del	0.947977	124.775
	16	del	0.982223	129.235
	16	dup	0.989115	130.133
	3	del	0.0068549	132.701
	3	dup	0.0113346	133.454
	3	del	0.0312822	136.803
	3	del	0.0346099	137.362
	3	dup	0.0364608	137.673
	3	crl	0.0778921	144.631
	3	crl	0.115025	150.867
	3	del	0.151727	157.03
	3	dup	0.155668	157.692
	3	crg	0.163529	159.012
	3	crg	0.169348	159.989
	3	del	0.197594	164.733
	3	del	0.226926	169.659
	3	crg	0.230803	170.31
	3	crl	0.246369	172.924
	3	dup	0.280711	178.691
	3	dup	0.285268	179.456
	3	crg	0.28804	179.922
	3	del	0.296652	181.368
	3	del	0.339072	188.492
	3	crl	0.345224	189.525
	3	del	0.459838	208.773
	3	dup	0.463538	209.394
	3	crg	0.485614	213.101
	3	del	0.555213	224.789
	3	crl	0.592434	231.04
	3	del	0.629656	237.291
	3	crg	0.659662	242.33
	3	crg	0.675903	245.057
	3	crl	0.68304	246.256
	3	dup	0.684518	246.504
	3	crl	0.723773	253.097
	3	crg	0.741706	256.108
	3	crg	0.744652	256.603
	3	crl	0.74534	256.718
	3	dup	0.753089	258.02
	3	del	0.760743	259.305
	3	dup	0.827216	270.468
	3	crl	0.82775	270.558
	3	crg	0.829584	270.866
	3	dup	0.83079	271.068
	3	del	0.834906	271.76
	3	dup	0.83559	271.874
	3	crg	0.847584	273.889
	3	crg	0.85105	274.471
	3	crl	0.862458	276.386
	3	del	0.865483	276.895
	3	crg	0.871917	277.975
	3	dup	0.878537	279.087
	3	crl	0.891529	281.269
	3	del	0.919432	285.954
	3	del	0.926815	287.194
	3	dup	0.928148	287.418
	3	crg	0.931171	287.926
	3	crg	0.948885	290.901
	3	dup	0.964231	293.478

MUTATIONS   (7)  dup, deln, crl, crg, wgd:	33	36	37	24	0
	eid	type	time
	13	crg	0.0197688	2.25903
	13	crl	0.0244798	2.42779
	13	dup	0.145291	6.75561
	13	crl	0.174914	7.81681
	13	del	0.18615	8.21932
	13	del	0.413882	16.3774
	13	del	0.430738	16.9812
	13	crg	0.449225	17.6435
	13	crg	0.471309	18.4346
	13	crl	0.494255	19.2566
	13	dup	0.513229	19.9363
	13	del	0.559799	21.6046
	13	dup	0.601765	23.1079
	13	crl	0.611203	23.446
	13	crl	0.674246	25.7044
	13	crg	0.683905	26.0504
	13	crl	0.779945	29.4909
	13	del	0.79484	30.0245
	13	dup	0.893075	33.5435
	13	crl	0.957061	35.8357
	7	dup	0.00257065	37.7865
	7	crl	0.00274431	37.8144
	7	del	0.0053929	38.2394
	7	dup	0.0376186	43.4113
	7	del	0.0387795	43.5976
	7	crl	0.0450313	44.601
	7	dup	0.0880333	51.5024
	7	crg	0.0896191	51.7569
	7	crl	0.0995527	53.3511
	7	del	0.128982	58.0743
	7	crg	0.162306	63.4223
	7	del	0.180037	66.268
	7	dup	0.184574	66.9961
	7	del	0.197368	69.0495
	7	crg	0.199937	69.4618
	7	crl	0.21501	71.8808
	7	crl	0.223371	73.2226
	7	crl	0.253525	78.0621
	7	crl	0.26227	79.4656
	7	del	0.2628	79.5507
	7	dup	0.264001	79.7434
	7	crl	0.284648	83.057
	7	del	0.286196	83.3055
	7	del	0.293861	84.5356
	7	dup	0.294527	84.6425
	7	dup	0.295923	84.8666
	7	crg	0.312768	87.57
	7	crl	0.332804	90.7855
	7	del	0.334721	91.0932
	7	dup	0.361008	95.3121
	7	del	0.37564	97.6603
	7	crl	0.389116	99.8231
	7	crg	0.404449	102.284
	7	del	0.410054	103.183
	7	crl	0.424532	105.507
	7	del	0.444176	108.66
	7	crl	0.451666	109.862
	7	del	0.51302	119.708
	7	dup	0.514345	119.921
	7	del	0.606058	134.64
	7	crg	0.635021	139.288
	7	dup	0.672735	145.341
	7	crl	0.67606	145.875
	7	crg	0.684608	147.246
	7	dup	0.694873	148.894
	7	dup	0.705676	150.628
	7	crg	0.72142	153.154
	7	del	0.722305	153.296
	7	crl	0.736478	155.571
	7	dup	0.742389	156.52
	7	del	0.827255	170.14
	7	crl	0.849852	173.766
	7	dup	0.870271	177.044
	7	crg	0.886439	179.638
	7	del	0.947254	189.398
	7	crl	0.948906	189.664
	7	del	0.962328	191.818
	7	dup	0.972704	193.483
	7	del	0.979674	194.602
	7	crg	0.98083	194.787
	7	del	0.991867	196.558
	7	dup	0.998416	197.609
	1	crl	0.00827104	198.704
	1	crl	0.0102117	198.901
	1	crg	0.0172191	199.613
	1	dup	0.0283431	200.744
	1	dup	0.098937	207.918
	1	del	0.154047	213.518
	1	crl	0.186713	216.838
	1	dup	0.192155	217.391
	1	dup	0.204194	218.614
	1	crg	0.271957	225.5
	1	crg	0.30423	228.78
	1	dup	0.333937	231.799
	1	del	0.35527	233.967
	1	del	0.361503	234.6
	1	del	0.379522	236.431
	1	del	0.381216	236.603
	1	crg	0.402317	238.747
	1	dup	0.411259	239.656
	1	dup	0.432577	241.823
	1	crg	0.433873	241.954
	1	del	0.442933	242.875
	1	crg	0.442955	242.877
	1	crg	0.470486	245.675
	1	del	0.492774	247.94
	1	crl	0.49293	247.956
	1	del	0.497088	248.378
	1	crg	0.499299	248.603
	1	del	0.499716	248.645
	1	dup	0.524177	251.131
	1	dup	0.537146	252.449
	1	crl	0.594513	258.279
	1	crl	0.603744	259.217
	1	dup	0.651305	264.05
	1	crl	0.683077	267.278
	1	crg	0.700776	269.077
	1	crl	0.729347	271.981
	1	del	0.751775	274.26
	1	del	0.769699	276.081
	1	dup	0.775634	276.684
	1	dup	0.77785	276.909
	1	crl	0.788768	278.019
	1	crl	0.835078	282.725
	1	crl	0.868348	286.106
	1	dup	0.879482	287.237
	1	crl	0.942994	293.692
	1	crg	0.96132	295.554
	1	crl	0.973545	296.796
	1	crl	0.977956	297.244

MUTATIONS   (8)  dup, deln, crl, crg, wgd:	37	29	28	35	1
	eid	type	time
	14	crg	0.943321	2.36602
	11	del	0.000876821	2.67547
	11	crg	0.00221706	3.07362
	11	crg	0.0055259	4.05657
	11	crl	0.00692141	4.47113
	11	del	0.0112596	5.75989
	11	del	0.0139665	6.56402
	11	crl	0.0156268	7.05723
	11	crl	0.0157465	7.09279
	11	del	0.0197239	8.27437
	11	crl	0.0313119	11.7168
	11	dup	0.0395533	14.1651
	11	del	0.0402687	14.3776
	11	dup	0.0404911	14.4437
	11	crg	0.0584121	19.7675
	11	dup	0.0590811	19.9662
	11	crg	0.0616491	20.7291
	11	crl	0.0998995	32.0921
	11	crl	0.100166	32.1713
	11	crg	0.105602	33.7863
	11	crg	0.114021	36.287
	11	crg	0.11469	36.4859
	11	dup	0.118852	37.7224
	11	crl	0.125795	39.7849
	11	dup	0.134602	42.4011
	11	crg	0.141874	44.5615
	11	crg	0.158648	49.5443
	11	crg	0.162932	50.8171
	11	dup	0.16647	51.8683
	11	crg	0.175661	54.5986
	11	del	0.17632	54.7943
	11	dup	0.189909	58.831
	11	dup	0.190189	58.9143
	11	crl	0.195486	60.4878
	11	crg	0.206831	63.8583
	11	del	0.231895	71.3038
	11	crl	0.245572	75.367
	11	crl	0.258449	79.1924
	11	dup	0.267415	81.8559
	11	dup	0.267592	81.9083
	11	dup	0.273886	83.7782
	11	dup	0.276686	84.61
	11	dup	0.288864	88.2275
	11	del	0.290341	88.6665
	11	crg	0.298919	91.2146
	11	dup	0.3061	93.3478
	11	crl	0.313963	95.6837
	11	crg	0.314238	95.7655
	11	del	0.327775	99.7871
	11	del	0.344851	104.86
	11	crl	0.353422	107.406
	11	crl	0.36861	111.918
	11	crg	0.372791	113.16
	11	crg	0.385679	116.989
	11	crl	0.391872	118.828
	11	crl	0.401676	121.741
	11	dup	0.404631	122.618
	11	del	0.404632	122.619
	11	del	0.424733	128.59
	11	crg	0.433083	131.071
	11	dup	0.437849	132.486
	11	dup	0.440767	133.353
	11	dup	0.443599	134.195
	11	del	0.446089	134.934
	11	crg	0.457546	138.338
	11	crg	0.460594	139.243
	11	crg	0.462096	139.69
	11	del	0.462415	139.784
	11	del	0.465199	140.612
	11	del	0.47505	143.538
	11	del	0.488487	147.529
	11	crg	0.496888	150.025
	11	del	0.500447	151.083
	11	del	0.513782	155.044
	11	dup	0.534035	161.061
	11	crg	0.53461	161.231
	11	crl	0.539988	162.829
	11	crl	0.540937	163.111
	11	del	0.564696	170.169
	11	crg	0.572776	172.569
	11	crl	0.578344	174.223
	11	dup	0.6097	183.538
	11	crg	0.615075	185.135
	11	del	0.615611	185.294
	11	crg	0.618236	186.074
	11	del	0.624602	187.965
	11	del	0.625204	188.144
	11	dup	0.625927	188.359
	11	dup	0.625936	188.361
	11	crl	0.630998	189.865
	11	dup	0.640886	192.803
	11	dup	0.646299	194.411
	11	dup	0.679589	204.3
	11	dup	0.689824	207.341
	11	dup	0.702521	211.113
	11	del	0.707452	212.577
	11	dup	0.707565	212.611
	11	crl	0.71549	214.965
	11	crl	0.723138	217.237
	11	dup	0.723388	217.311
	11	del	0.727532	218.543
	11	dup	0.730059	219.293
	11	dup	0.746278	224.111
	11	crg	0.747684	224.529
	11	del	0.754114	226.439
	11	dup	0.757049	227.311
	11	crg	0.768321	230.66
	11	crl	0.779981	234.124
	11	crg	0.813981	244.224
	11	dup	0.820866	246.269
	11	dup	0.841208	252.312
	11	crg	0.841649	252.443
	11	crg	0.864975	259.373
	11	dup	0.906646	271.752
	11	crl	0.907841	272.107
	11	crl	0.9104	272.867
	11	wgd	0.920946	276
	11	del	0.923297	276.698
	11	crg	0.923566	276.778
	11	del	0.927059	277.816
	11	del	0.928115	278.13
	11	crl	0.929617	278.576
	11	crl	0.94066	281.857
	11	crg	0.952017	285.23
	11	dup	0.953126	285.56
	11	crl	0.954511	285.971
	11	crl	0.964335	288.89
	11	crg	0.979863	293.502
	11	dup	0.983802	294.672
	11	crg	0.998172	298.942

MUTATIONS   (9)  dup, deln, crl, crg, wgd:	34	37	32	34	0
	eid	type	time
	13	crg	0.0197688	2.25903
	13	crl	0.0244798	2.42779
	13	dup	0.145291	6.75561
	13	crl	0.174914	7.81681
	13	del	0.18615	8.21932
	13	del	0.413882	16.3774
	13	del	0.430738	16.9812
	13	crg	0.449225	17.6435
	13	crg	0.471309	18.4346
	13	crl	0.494255	19.2566
	13	dup	0.513229	19.9363
	13	del	0.559799	21.6046
	13	dup	0.601765	23.1079
	13	crl	0.611203	23.446
	13	crl	0.674246	25.7044
	13	crg	0.683905	26.0504
	13	crl	0.779945	29.4909
	13	del	0.79484	30.0245
	13	dup	0.893075	33.5435
	13	crl	0.957061	35.8357
	8	crg	0.00994657	38.0699
	8	crl	0.0612386	41.6588
	8	crl	0.121432	45.8705
	8	dup	0.128913	46.3939
	8	crl	0.176018	49.6899
	8	dup	0.190084	50.674
	8	crg	0.204373	51.6739
	8	crl	0.228837	53.3856
	8	crg	0.230776	53.5212
	8	crl	0.259123	55.5047
	8	dup	0.286595	57.4268
	8	dup	0.289183	57.6079
	8	crg	0.304825	58.7024
	8	crg	0.319764	59.7477
	8	del	0.3569	62.3461
	8	dup	0.362016	62.704
	8	crl	0.375348	63.6369
	8	crg	0.37929	63.9127
	8	crl	0.406435	65.812
	8	crl	0.406734	65.833
	8	crl	0.415335	66.4348
	8	del	0.421167	66.8428
	8	crl	0.423238	66.9877
	8	crg	0.431029	67.5329
	8	dup	0.464298	69.8607
	8	dup	0.466195	69.9934
	8	dup	0.547055	75.6512
	8	del	0.583287	78.1863
	8	dup	0.591624	78.7696
	8	crg	0.671218	84.3388
	8	crl	0.678491	84.8477
	8	del	0.685307	85.3246
	8	dup	0.712664	87.2387
	8	crl	0.77837	91.8362
	8	crg	0.781823	92.0778
	8	crg	0.798132	93.2189
	8	del	0.871636	98.362
	8	dup	0.897152	100.147
	8	del	0.914254	101.344
	8	crg	0.928467	102.338
	6	dup	0.0431181	115.628
	6	del	0.043816	115.762
	6	del	0.0525517	117.441
	6	crg	0.061172	119.097
	6	crl	0.0736081	121.487
	6	crg	0.10744	127.987
	6	dup	0.131225	132.557
	6	crl	0.137262	133.717
	6	del	0.149571	136.082
	6	del	0.153596	136.856
	6	del	0.153601	136.857
	6	crg	0.154954	137.117
	6	del	0.162543	138.575
	6	crl	0.192848	144.398
	6	crg	0.218344	149.296
	6	del	0.228348	151.219
	6	del	0.228709	151.288
	6	dup	0.250656	155.505
	6	crl	0.251238	155.617
	6	del	0.26232	157.746
	6	del	0.278056	160.77
	6	dup	0.281136	161.361
	6	crg	0.292617	163.567
	6	del	0.298429	164.684
	6	del	0.304315	165.815
	6	crg	0.309446	166.801
	6	crl	0.355983	175.743
	6	del	0.364862	177.448
	6	del	0.411358	186.382
	6	crl	0.433373	190.612
	6	dup	0.436372	191.188
	6	dup	0.436434	191.2
	6	crg	0.459371	195.607
	6	dup	0.472075	198.048
	6	del	0.472616	198.152
	6	del	0.478736	199.328
	6	crg	0.486345	200.79
	6	del	0.497022	202.842
	6	dup	0.508555	205.058
	6	crg	0.509142	205.171
	6	dup	0.529538	209.089
	6	dup	0.530467	209.268
	6	del	0.56304	215.527
	6	crg	0.574037	217.639
	6	del	0.581262	219.028
	6	crg	0.582736	219.311
	6	crl	0.589752	220.659
	6	crg	0.609775	224.506
	6	crg	0.66119	234.385
	6	dup	0.677159	237.454
	6	crl	0.677494	237.518
	6	dup	0.679242	237.854
	6	del	0.684643	238.892
	6	del	0.693277	240.55
	6	crl	0.696475	241.165
	6	crg	0.707466	243.277
	6	crg	0.716982	245.105
	6	dup	0.747996	251.064
	6	crg	0.749742	251.4
	6	del	0.77074	255.434
	6	crg	0.797771	260.628
	6	dup	0.811094	263.188
	6	dup	0.822925	265.461
	6	crl	0.837666	268.294
	6	del	0.840228	268.786
	6	crg	0.844538	269.614
	6	crl	0.845462	269.791
	6	dup	0.847711	270.224
	6	crg	0.859737	272.534
	6	crl	0.859787	272.544
	6	dup	0.86519	273.582
	6	crl	0.878745	276.186
	6	del	0.927741	285.601
	6	del	0.949125	289.709
	6	del	0.959489	291.701
	6	dup	0.97139	293.987
	6	dup	0.999462	299.381

MUTATIONS   (10)  dup, deln, crl, crg, wgd:	23	46	28	33	0
	eid	type	time
	18	dup	0.230504	1.367
	18	crg	0.579457	2.94635
	9	del	0.000148494	4.89347
	9	del	0.0116192	8.27315
	9	del	0.0206756	10.9415
	9	del	0.0225556	11.4954
	9	del	0.0280218	13.1059
	9	del	0.0369409	15.7338
	9	crl	0.0449122	18.0824
	9	del	0.0541803	20.8131
	9	del	0.0558212	21.2966
	9	del	0.075593	27.122
	9	del	0.0811617	28.7628
	9	dup	0.0851517	29.9384
	9	crg	0.0873662	30.5908
	9	crg	0.0894565	31.2067
	9	dup	0.0925873	32.1292
	9	crg	0.0960147	33.139
	9	crl	0.100663	34.5085
	9	del	0.103468	35.3349
	9	crg	0.111863	37.8084
	9	crg	0.134767	44.5567
	9	crl	0.145204	47.6318
	9	crg	0.145746	47.7917
	9	crg	0.160459	52.1267
	9	del	0.161306	52.3761
	9	crg	0.169783	54.8737
	9	crg	0.171314	55.3247
	9	del	0.178768	57.5209
	9	del	0.179041	57.6013
	9	del	0.185677	59.5567
	9	del	0.189162	60.5835
	9	dup	0.190599	61.0068
	9	del	0.19542	62.4273
	9	del	0.196243	62.6697
	9	dup	0.204125	64.9922
	9	crl	0.213249	67.6804
	9	del	0.227475	71.8718
	9	crg	0.230524	72.77
	9	dup	0.239694	75.4718
	9	dup	0.244935	77.0162
	9	del	0.25594	80.2587
	9	crg	0.256479	80.4173
	9	del	0.257147	80.6142
	9	crl	0.269846	84.3556
	9	crl	0.272753	85.2122
	9	crg	0.291384	90.7014
	9	crg	0.304678	94.6184
	9	crg	0.309047	95.9057
	9	del	0.312027	96.7836
	9	dup	0.320783	99.3635
	9	dup	0.326413	101.022
	9	crl	0.339819	104.972
	9	dup	0.344507	106.354
	9	crl	0.380236	116.881
	9	crg	0.39175	120.273
	9	del	0.394746	121.156
	9	del	0.396974	121.812
	9	crg	0.408384	125.174
	9	del	0.41304	126.546
	9	dup	0.46188	140.936
	9	crl	0.474232	144.575
	9	crl	0.485425	147.873
	9	crg	0.511757	155.631
	9	crg	0.514232	156.36
	9	del	0.515959	156.869
	9	crg	0.522006	158.651
	9	crl	0.543625	165.02
	9	del	0.544402	165.249
	9	crg	0.54443	165.258
	9	del	0.551882	167.453
	9	crl	0.554547	168.238
	9	del	0.559048	169.565
	9	crg	0.559793	169.784
	9	crl	0.563272	170.809
	9	crl	0.59971	181.545
	9	crl	0.609422	184.407
	9	dup	0.642749	194.226
	9	dup	0.646399	195.301
	9	del	0.65996	199.297
	9	crl	0.660731	199.524
	9	crl	0.67922	204.972
	9	del	0.685208	206.736
	9	del	0.690804	208.384
	9	dup	0.694924	209.599
	9	crl	0.697017	210.215
	9	crl	0.698617	210.687
	9	del	0.702125	211.72
	9	crl	0.717352	216.207
	9	del	0.739595	222.76
	9	crg	0.741231	223.242
	9	del	0.742243	223.54
	9	crg	0.763012	229.66
	9	crg	0.765637	230.433
	9	del	0.768994	231.422
	9	del	0.778639	234.264
	9	del	0.779154	234.416
	9	del	0.801266	240.931
	9	crg	0.803031	241.451
	9	crg	0.828101	248.837
	9	crg	0.834973	250.862
	9	dup	0.845271	253.896
	9	crg	0.84685	254.361
	9	dup	0.854061	256.486
	9	dup	0.855568	256.93
	9	del	0.866683	260.205
	9	crl	0.866897	260.268
	9	crl	0.871766	261.702
	9	del	0.871884	261.737
	9	del	0.875243	262.727
	9	dup	0.87532	262.749
	9	crl	0.875747	262.875
	9	crl	0.892107	267.696
	9	del	0.899304	269.816
	9	crl	0.901121	270.351
	9	crg	0.90382	271.147
	9	crg	0.915194	274.498
	9	dup	0.929957	278.847
	9	del	0.932477	279.59
	9	crl	0.933744	279.963
	9	crg	0.946596	283.75
	9	crg	0.955512	286.377
	9	crl	0.956899	286.785
	9	del	0.966522	289.621
	9	dup	0.966659	289.661
	9	del	0.966861	289.721
	9	crl	0.976139	292.454
	9	dup	0.981736	294.103
	9	dup	0.983961	294.759
	9	dup	0.989423	296.368

MUTATIONS   (11)  dup, deln, crl, crg, wgd:	0	0	0	0	0
	eid	type	time

