NODE TIMES:	nid	time
	1	230.484
	2	230.484
	3	230.484
	4	230.484
	5	230.484
	6	230.484
	7	230.484
	8	230.484
	9	230.484
	10	230.484
	11	0
	12	0
	13	199.291
	14	149.377
	15	41.8575
	16	39.7989
	17	17.1627
	18	4.90548
	19	3.0232
	20	0.628411
	21	0.288522

ANCESTRY    (1)	19 (12 -> 21) 	17 (21 -> 20) 	15 (20 -> 17) 	9 (17 -> 14) 	3 (14 -> 13) 	1 (13 -> 1) 
ANCESTRY    (2)	19 (12 -> 21) 	17 (21 -> 20) 	15 (20 -> 17) 	9 (17 -> 14) 	4 (14 -> 2) 
ANCESTRY    (3)	19 (12 -> 21) 	17 (21 -> 20) 	15 (20 -> 17) 	9 (17 -> 14) 	3 (14 -> 13) 	2 (13 -> 3) 
ANCESTRY    (4)	19 (12 -> 21) 	18 (21 -> 18) 	12 (18 -> 4) 
ANCESTRY    (5)	19 (12 -> 21) 	17 (21 -> 20) 	15 (20 -> 17) 	10 (17 -> 16) 	8 (16 -> 15) 	5 (15 -> 5) 
ANCESTRY    (6)	19 (12 -> 21) 	17 (21 -> 20) 	16 (20 -> 19) 	14 (19 -> 6) 
ANCESTRY    (7)	19 (12 -> 21) 	17 (21 -> 20) 	16 (20 -> 19) 	13 (19 -> 7) 
ANCESTRY    (8)	19 (12 -> 21) 	18 (21 -> 18) 	11 (18 -> 8) 
ANCESTRY    (9)	19 (12 -> 21) 	17 (21 -> 20) 	15 (20 -> 17) 	10 (17 -> 16) 	8 (16 -> 15) 	6 (15 -> 9) 
ANCESTRY    (10)	19 (12 -> 21) 	17 (21 -> 20) 	15 (20 -> 17) 	10 (17 -> 16) 	7 (16 -> 10) 
ANCESTRY    (11)	20 (12 -> 11) 

MUTATIONS   (1)  dup, deln, crl, crg, wgd:	25	29	26	17	1
	eid	type	time
	15	del	0.132054	2.81183
	15	crg	0.309874	5.75197
	15	crl	0.340644	6.26071
	15	del	0.397613	7.20267
	15	del	0.480979	8.58106
	15	del	0.782358	13.5641
	15	dup	0.816163	14.1231
	9	del	0.0536265	24.2529
	9	del	0.0759233	27.2008
	9	dup	0.103329	30.8243
	9	crl	0.139849	35.6527
	9	crl	0.145718	36.4287
	9	crg	0.152545	37.3313
	9	crl	0.178195	40.7226
	9	dup	0.201985	43.868
	9	crl	0.22241	46.5684
	9	crl	0.247937	49.9435
	9	dup	0.273138	53.2754
	9	crl	0.330545	60.8654
	9	del	0.354333	64.0105
	9	crl	0.354928	64.0892
	9	crl	0.364994	65.42
	9	dup	0.3895	68.6601
	9	del	0.400141	70.067
	9	dup	0.401825	70.2897
	9	crl	0.462996	78.3773
	9	crg	0.51624	85.4169
	9	del	0.52202	86.1811
	9	crl	0.541364	88.7387
	9	dup	0.558026	90.9417
	9	del	0.57737	93.4992
	9	dup	0.578755	93.6822
	9	crg	0.591086	95.3126
	9	crl	0.641296	101.951
	9	crl	0.667656	105.436
	9	wgd	0.675578	106.484
	9	crl	0.679058	106.944
	9	del	0.679526	107.006
	9	del	0.688115	108.141
	9	crl	0.770485	119.032
	9	dup	0.789073	121.489
	9	dup	0.828623	126.718
	9	crl	0.830978	127.03
	9	crl	0.854608	130.154
	9	del	0.886997	134.436
	9	crg	0.910131	137.495
	9	crg	0.932736	140.484
	9	del	0.945466	142.167
	9	crl	0.946765	142.338
	9	crl	0.949518	142.702
	9	crg	0.953524	143.232
	9	dup	0.959356	144.003
	9	del	0.975636	146.156
	9	crl	0.987512	147.726
	3	crl	0.0371217	151.23
	3	crl	0.0554406	152.144
	3	dup	0.0629693	152.52
	3	dup	0.0862921	153.684
	3	del	0.0957411	154.156
	3	dup	0.117755	155.254
	3	dup	0.144396	156.584
	3	dup	0.167478	157.736
	3	crg	0.222125	160.464
	3	crl	0.272394	162.973
	3	crl	0.314582	165.079
	3	dup	0.392222	168.954
	3	crg	0.393651	169.026
	3	dup	0.492512	173.96
	3	dup	0.547628	176.711
	3	crg	0.552054	176.932
	3	del	0.560251	177.341
	3	del	0.602803	179.465
	3	dup	0.663605	182.5
	3	del	0.734153	186.021
	3	crg	0.781067	188.363
	3	del	0.794611	189.039
	3	dup	0.916057	195.101
	3	crg	0.924836	195.539
	3	dup	0.997696	199.176
	1	del	0.00208732	199.356
	1	dup	0.0275907	200.152
	1	del	0.0414994	200.586
	1	crg	0.143773	203.776
	1	del	0.181073	204.939
	1	dup	0.185203	205.068
	1	del	0.20959	205.829
	1	del	0.221179	206.19
	1	dup	0.252893	207.18
	1	crg	0.304094	208.777
	1	crl	0.347283	210.124
	1	crg	0.387587	211.381
	1	crg	0.441582	213.065
	1	del	0.47984	214.259
	1	del	0.64449	219.395
	1	crg	0.739275	222.351
	1	del	0.782304	223.693
	1	crl	0.870149	226.434
	1	del	0.962734	229.322

MUTATIONS   (2)  dup, deln, crl, crg, wgd:	25	25	29	16	1
	eid	type	time
	15	del	0.132054	2.81183
	15	crg	0.309874	5.75197
	15	crl	0.340644	6.26071
	15	del	0.397613	7.20267
	15	del	0.480979	8.58106
	15	del	0.782358	13.5641
	15	dup	0.816163	14.1231
	9	del	0.0536265	24.2529
	9	del	0.0759233	27.2008
	9	dup	0.103329	30.8243
	9	crl	0.139849	35.6527
	9	crl	0.145718	36.4287
	9	crg	0.152545	37.3313
	9	crl	0.178195	40.7226
	9	dup	0.201985	43.868
	9	crl	0.22241	46.5684
	9	crl	0.247937	49.9435
	9	dup	0.273138	53.2754
	9	crl	0.330545	60.8654
	9	del	0.354333	64.0105
	9	crl	0.354928	64.0892
	9	crl	0.364994	65.42
	9	dup	0.3895	68.6601
	9	del	0.400141	70.067
	9	dup	0.401825	70.2897
	9	crl	0.462996	78.3773
	9	crg	0.51624	85.4169
	9	del	0.52202	86.1811
	9	crl	0.541364	88.7387
	9	dup	0.558026	90.9417
	9	del	0.57737	93.4992
	9	dup	0.578755	93.6822
	9	crg	0.591086	95.3126
	9	crl	0.641296	101.951
	9	crl	0.667656	105.436
	9	wgd	0.675578	106.484
	9	crl	0.679058	106.944
	9	del	0.679526	107.006
	9	del	0.688115	108.141
	9	crl	0.770485	119.032
	9	dup	0.789073	121.489
	9	dup	0.828623	126.718
	9	crl	0.830978	127.03
	9	crl	0.854608	130.154
	9	del	0.886997	134.436
	9	crg	0.910131	137.495
	9	crg	0.932736	140.484
	9	del	0.945466	142.167
	9	crl	0.946765	142.338
	9	crl	0.949518	142.702
	9	crg	0.953524	143.232
	9	dup	0.959356	144.003
	9	del	0.975636	146.156
	9	crl	0.987512	147.726
	4	dup	0.00370897	149.678
	4	dup	0.0135024	150.472
	4	dup	0.0228167	151.227
	4	dup	0.0533869	153.707
	4	crg	0.0539718	153.754
	4	crg	0.074905	155.452
	4	crg	0.104281	157.835
	4	dup	0.148403	161.413
	4	del	0.163551	162.642
	4	crg	0.171579	163.293
	4	dup	0.172631	163.378
	4	del	0.264108	170.798
	4	dup	0.295763	173.365
	4	del	0.304837	174.101
	4	crl	0.31408	174.851
	4	crg	0.32101	175.413
	4	crl	0.374625	179.762
	4	del	0.431753	184.395
	4	crl	0.451235	185.975
	4	crl	0.504142	190.266
	4	del	0.526917	192.114
	4	crl	0.539203	193.11
	4	dup	0.602811	198.269
	4	del	0.647804	201.918
	4	crl	0.650902	202.17
	4	dup	0.661962	203.067
	4	del	0.666303	203.419
	4	crg	0.683581	204.82
	4	del	0.712848	207.194
	4	crg	0.741393	209.509
	4	dup	0.761135	211.11
	4	crg	0.774714	212.212
	4	crl	0.782195	212.818
	4	crl	0.783819	212.95
	4	del	0.793986	213.775
	4	dup	0.860201	219.145
	4	del	0.881295	220.856
	4	crg	0.919966	223.993
	4	dup	0.960333	227.267
	4	crl	0.969286	227.993
	4	dup	0.969456	228.007
	4	dup	0.97127	228.154

MUTATIONS   (3)  dup, deln, crl, crg, wgd:	25	21	25	14	1
	eid	type	time
	15	del	0.132054	2.81183
	15	crg	0.309874	5.75197
	15	crl	0.340644	6.26071
	15	del	0.397613	7.20267
	15	del	0.480979	8.58106
	15	del	0.782358	13.5641
	15	dup	0.816163	14.1231
	9	del	0.0536265	24.2529
	9	del	0.0759233	27.2008
	9	dup	0.103329	30.8243
	9	crl	0.139849	35.6527
	9	crl	0.145718	36.4287
	9	crg	0.152545	37.3313
	9	crl	0.178195	40.7226
	9	dup	0.201985	43.868
	9	crl	0.22241	46.5684
	9	crl	0.247937	49.9435
	9	dup	0.273138	53.2754
	9	crl	0.330545	60.8654
	9	del	0.354333	64.0105
	9	crl	0.354928	64.0892
	9	crl	0.364994	65.42
	9	dup	0.3895	68.6601
	9	del	0.400141	70.067
	9	dup	0.401825	70.2897
	9	crl	0.462996	78.3773
	9	crg	0.51624	85.4169
	9	del	0.52202	86.1811
	9	crl	0.541364	88.7387
	9	dup	0.558026	90.9417
	9	del	0.57737	93.4992
	9	dup	0.578755	93.6822
	9	crg	0.591086	95.3126
	9	crl	0.641296	101.951
	9	crl	0.667656	105.436
	9	wgd	0.675578	106.484
	9	crl	0.679058	106.944
	9	del	0.679526	107.006
	9	del	0.688115	108.141
	9	crl	0.770485	119.032
	9	dup	0.789073	121.489
	9	dup	0.828623	126.718
	9	crl	0.830978	127.03
	9	crl	0.854608	130.154
	9	del	0.886997	134.436
	9	crg	0.910131	137.495
	9	crg	0.932736	140.484
	9	del	0.945466	142.167
	9	crl	0.946765	142.338
	9	crl	0.949518	142.702
	9	crg	0.953524	143.232
	9	dup	0.959356	144.003
	9	del	0.975636	146.156
	9	crl	0.987512	147.726
	3	crl	0.0371217	151.23
	3	crl	0.0554406	152.144
	3	dup	0.0629693	152.52
	3	dup	0.0862921	153.684
	3	del	0.0957411	154.156
	3	dup	0.117755	155.254
	3	dup	0.144396	156.584
	3	dup	0.167478	157.736
	3	crg	0.222125	160.464
	3	crl	0.272394	162.973
	3	crl	0.314582	165.079
	3	dup	0.392222	168.954
	3	crg	0.393651	169.026
	3	dup	0.492512	173.96
	3	dup	0.547628	176.711
	3	crg	0.552054	176.932
	3	del	0.560251	177.341
	3	del	0.602803	179.465
	3	dup	0.663605	182.5
	3	del	0.734153	186.021
	3	crg	0.781067	188.363
	3	del	0.794611	189.039
	3	dup	0.916057	195.101
	3	crg	0.924836	195.539
	3	dup	0.997696	199.176
	2	dup	0.229955	206.464
	2	dup	0.272662	207.796
	2	crl	0.743589	222.486
	2	dup	0.819996	224.869
	2	crg	0.847471	225.726
	2	crg	0.876392	226.628
	2	del	0.962245	229.306

MUTATIONS   (4)  dup, deln, crl, crg, wgd:	29	18	26	20	0
	eid	type	time
	18	del	0.983397	4.82883
	12	del	0.0121424	7.64455
	12	del	0.0131648	7.87519
	12	dup	0.0228391	10.0575
	12	dup	0.0236376	10.2376
	12	del	0.0365436	13.1489
	12	crg	0.0413737	14.2385
	12	crl	0.0695945	20.6045
	12	del	0.0798754	22.9237
	12	dup	0.084549	23.9779
	12	dup	0.0914432	25.5331
	12	dup	0.100779	27.6391
	12	dup	0.128152	33.8138
	12	crl	0.160203	41.0439
	12	crg	0.173027	43.9367
	12	crg	0.178756	45.2291
	12	dup	0.20817	51.8642
	12	dup	0.223251	55.2662
	12	crl	0.227095	56.1333
	12	dup	0.228104	56.3609
	12	dup	0.249475	61.1817
	12	del	0.251476	61.6331
	12	dup	0.263184	64.2743
	12	crg	0.263389	64.3205
	12	dup	0.291112	70.5741
	12	crg	0.296664	71.8266
	12	del	0.313738	75.678
	12	crg	0.325388	78.3061
	12	crl	0.356397	85.3009
	12	crg	0.35795	85.6514
	12	dup	0.360088	86.1336
	12	del	0.370146	88.4025
	12	dup	0.377635	90.0917
	12	crl	0.379848	90.591
	12	del	0.380852	90.8175
	12	crg	0.389081	92.6738
	12	crl	0.398067	94.7009
	12	crg	0.401803	95.5435
	12	dup	0.403871	96.0102
	12	crl	0.412025	97.8495
	12	crg	0.417425	99.0675
	12	del	0.436752	103.427
	12	crl	0.461154	108.932
	12	crl	0.463961	109.565
	12	crg	0.46481	109.757
	12	crl	0.465256	109.857
	12	del	0.465448	109.901
	12	dup	0.466989	110.248
	12	dup	0.468134	110.507
	12	crl	0.470258	110.986
	12	crl	0.486001	114.537
	12	dup	0.490548	115.563
	12	del	0.507726	119.438
	12	dup	0.508583	119.631
	12	crl	0.511484	120.285
	12	crl	0.517383	121.616
	12	crg	0.523987	123.106
	12	crg	0.532131	124.943
	12	del	0.547266	128.357
	12	dup	0.555888	130.302
	12	del	0.586143	137.127
	12	dup	0.58829	137.611
	12	crl	0.623934	145.652
	12	crl	0.624501	145.78
	12	crg	0.635542	148.27
	12	dup	0.651076	151.774
	12	crg	0.653369	152.291
	12	crg	0.685937	159.638
	12	crg	0.704456	163.816
	12	dup	0.724375	168.309
	12	dup	0.751236	174.368
	12	del	0.757791	175.847
	12	del	0.769562	178.502
	12	del	0.769576	178.505
	12	crl	0.776937	180.166
	12	dup	0.811391	187.938
	12	dup	0.817413	189.296
	12	crl	0.83982	194.351
	12	crl	0.846822	195.93
	12	crg	0.884509	204.432
	12	del	0.895343	206.876
	12	crl	0.899704	207.859
	12	dup	0.905007	209.056
	12	crl	0.908646	209.877
	12	crl	0.911243	210.462
	12	dup	0.930588	214.826
	12	crg	0.932724	215.308
	12	crg	0.943489	217.736
	12	crl	0.949712	219.14
	12	dup	0.954205	220.154
	12	crl	0.959505	221.349
	12	crl	0.982047	226.434
	12	crl	0.987068	227.567

MUTATIONS   (5)  dup, deln, crl, crg, wgd:	28	22	17	23	1
	eid	type	time
	15	del	0.132054	2.81183
	15	crg	0.309874	5.75197
	15	crl	0.340644	6.26071
	15	del	0.397613	7.20267
	15	del	0.480979	8.58106
	15	del	0.782358	13.5641
	15	dup	0.816163	14.1231
	10	crg	0.209265	21.8997
	10	del	0.364802	25.4204
	10	dup	0.366502	25.4589
	10	crg	0.494042	28.346
	10	del	0.494535	28.3571
	10	crg	0.511407	28.739
	10	dup	0.538518	29.3527
	10	crl	0.747554	34.0845
	10	del	0.770083	34.5945
	10	crg	0.775128	34.7087
	10	dup	0.909549	37.7515
	10	crl	0.952507	38.7239
	8	dup	0.981303	41.819
	5	dup	0.00777043	43.3232
	5	dup	0.0589411	52.9753
	5	dup	0.0625533	53.6567
	5	dup	0.0765996	56.3062
	5	del	0.122417	64.9486
	5	crg	0.126014	65.6272
	5	del	0.135037	67.3291
	5	crg	0.146339	69.4609
	5	crg	0.176378	75.1271
	5	wgd	0.181659	76.1232
	5	crg	0.183165	76.4073
	5	del	0.184606	76.679
	5	crg	0.205041	80.5336
	5	crg	0.213496	82.1284
	5	crl	0.22082	83.51
	5	crg	0.235487	86.2766
	5	del	0.253333	89.6428
	5	crl	0.259461	90.7988
	5	crg	0.266909	92.2036
	5	dup	0.293877	97.2905
	5	crl	0.294836	97.4714
	5	dup	0.303656	99.1351
	5	dup	0.319669	102.156
	5	crl	0.336764	105.38
	5	crl	0.349801	107.839
	5	del	0.373919	112.389
	5	del	0.40609	118.457
	5	crg	0.408539	118.919
	5	del	0.411359	119.451
	5	dup	0.422437	121.54
	5	crg	0.423243	121.692
	5	dup	0.429223	122.82
	5	dup	0.466339	129.821
	5	del	0.466479	129.848
	5	crg	0.497732	135.743
	5	del	0.501762	136.503
	5	dup	0.517793	139.527
	5	crg	0.538766	143.483
	5	crl	0.538789	143.487
	5	dup	0.545577	144.768
	5	crl	0.556959	146.915
	5	dup	0.562075	147.88
	5	del	0.571144	149.59
	5	crl	0.638783	162.349
	5	crg	0.647881	164.065
	5	del	0.666628	167.601
	5	dup	0.684511	170.974
	5	dup	0.700955	174.076
	5	dup	0.747716	182.897
	5	crg	0.757882	184.814
	5	crl	0.762508	185.687
	5	dup	0.778603	188.723
	5	dup	0.782473	189.453
	5	crg	0.793057	191.449
	5	dup	0.800231	192.802
	5	crg	0.809669	194.583
	5	del	0.816304	195.834
	5	crg	0.816948	195.956
	5	dup	0.817029	195.971
	5	crl	0.823222	197.139
	5	del	0.845866	201.41
	5	crl	0.855804	203.285
	5	crl	0.869771	205.919
	5	del	0.879671	207.787
	5	del	0.893027	210.306
	5	dup	0.897218	211.097
	5	dup	0.928626	217.021
	5	dup	0.954211	221.847
	5	crg	0.96598	224.067
	5	crl	0.970002	224.826
	5	crl	0.974686	225.709

MUTATIONS   (6)  dup, deln, crl, crg, wgd:	20	25	32	18	0
	eid	type	time
	16	crl	0.00183681	0.63281
	16	del	0.45048	1.70722
	16	dup	0.855397	2.67691
	14	dup	0.0100321	5.30511
	14	crl	0.0126794	5.90727
	14	crl	0.0291856	9.66179
	14	crg	0.038712	11.8287
	14	crl	0.0475609	13.8414
	14	crl	0.0482777	14.0045
	14	crl	0.0617137	17.0607
	14	crg	0.0688977	18.6947
	14	crg	0.0719476	19.3885
	14	del	0.0812104	21.4954
	14	dup	0.0897956	23.4482
	14	crg	0.116829	29.5972
	14	crl	0.117537	29.7583
	14	crl	0.12249	30.8848
	14	crl	0.130662	32.7436
	14	del	0.145352	36.085
	14	del	0.147864	36.6565
	14	crl	0.152236	37.651
	14	del	0.156415	38.6014
	14	crg	0.167725	41.1741
	14	crg	0.178986	43.7355
	14	crl	0.192344	46.774
	14	del	0.233479	56.1304
	14	crl	0.236738	56.8718
	14	dup	0.239796	57.5675
	14	crl	0.245652	58.8994
	14	del	0.249509	59.7767
	14	crl	0.253787	60.7498
	14	crl	0.255588	61.1596
	14	crl	0.27905	66.4962
	14	crl	0.281395	67.0295
	14	del	0.29035	69.0665
	14	crg	0.294457	70.0006
	14	crl	0.295939	70.3378
	14	del	0.305405	72.4908
	14	dup	0.309804	73.4915
	14	dup	0.310009	73.5381
	14	crl	0.323009	76.4952
	14	del	0.3274	77.4939
	14	crl	0.354462	83.6495
	14	dup	0.359536	84.8036
	14	crg	0.364729	85.9849
	14	crg	0.386625	90.9652
	14	del	0.389069	91.5213
	14	del	0.421127	98.8132
	14	crl	0.422806	99.195
	14	del	0.446698	104.629
	14	del	0.451614	105.748
	14	crl	0.488861	114.22
	14	del	0.528949	123.338
	14	dup	0.541358	126.161
	14	dup	0.568986	132.445
	14	crl	0.574912	133.793
	14	dup	0.578826	134.683
	14	crl	0.585435	136.187
	14	del	0.598812	139.23
	14	crl	0.605547	140.761
	14	dup	0.609615	141.687
	14	dup	0.612104	142.253
	14	dup	0.615913	143.119
	14	del	0.618785	143.773
	14	del	0.678757	157.414
	14	del	0.686039	159.07
	14	dup	0.686266	159.122
	14	del	0.701688	162.63
	14	crg	0.70856	164.193
	14	dup	0.708893	164.269
	14	crl	0.716862	166.081
	14	del	0.728767	168.789
	14	crl	0.735622	170.348
	14	dup	0.750742	173.788
	14	del	0.757164	175.248
	14	del	0.770324	178.242
	14	crg	0.781543	180.794
	14	dup	0.789349	182.569
	14	del	0.795357	183.936
	14	crl	0.808921	187.021
	14	crl	0.847214	195.731
	14	crl	0.847964	195.902
	14	crg	0.860381	198.726
	14	dup	0.88121	203.464
	14	crl	0.886829	204.742
	14	del	0.914148	210.956
	14	dup	0.915647	211.297
	14	crg	0.948792	218.836
	14	dup	0.964622	222.437
	14	crl	0.971354	223.968
	14	crg	0.977138	225.284
	14	crg	0.981475	226.27
	14	crg	0.985355	227.153
	14	crg	0.990012	228.212
	14	crg	0.997685	229.958

MUTATIONS   (7)  dup, deln, crl, crg, wgd:	17	21	26	23	0
	eid	type	time
	16	crl	0.00183681	0.63281
	16	del	0.45048	1.70722
	16	dup	0.855397	2.67691
	13	del	0.00694452	4.60281
	13	crl	0.0114181	5.62038
	13	crg	0.0597972	16.6247
	13	crg	0.0705032	19.0599
	13	crg	0.102212	26.2725
	13	del	0.107719	27.525
	13	del	0.115841	29.3725
	13	del	0.11795	29.8522
	13	crg	0.121593	30.6808
	13	dup	0.122793	30.9539
	13	crg	0.124688	31.3849
	13	del	0.127192	31.9544
	13	dup	0.127605	32.0483
	13	crl	0.129448	32.4676
	13	del	0.136511	34.0742
	13	crl	0.15301	37.8269
	13	crl	0.158553	39.0878
	13	dup	0.166059	40.7951
	13	crg	0.173521	42.4925
	13	crl	0.181066	44.2087
	13	dup	0.183741	44.817
	13	dup	0.189002	46.0138
	13	crl	0.197918	48.0417
	13	dup	0.214905	51.9057
	13	del	0.232859	55.9896
	13	crl	0.233961	56.2403
	13	crl	0.246739	59.1466
	13	del	0.250425	59.9851
	13	crg	0.251908	60.3224
	13	crg	0.252658	60.4929
	13	crl	0.258344	61.7863
	13	crl	0.267699	63.9142
	13	del	0.283095	67.4161
	13	crg	0.285023	67.8547
	13	crl	0.285378	67.9355
	13	dup	0.31669	75.0579
	13	crg	0.327844	77.595
	13	del	0.336717	79.6131
	13	crg	0.347411	82.0455
	13	crg	0.3856	90.7322
	13	dup	0.388045	91.2882
	13	crg	0.39316	92.4517
	13	crl	0.412919	96.9462
	13	del	0.430524	100.951
	13	del	0.435104	101.992
	13	crg	0.492754	115.105
	13	del	0.494788	115.568
	13	dup	0.548755	127.843
	13	crg	0.568757	132.393
	13	dup	0.588925	136.981
	13	crl	0.59275	137.851
	13	crg	0.597611	138.956
	13	crg	0.602249	140.011
	13	crg	0.619805	144.004
	13	crg	0.623955	144.949
	13	crl	0.634131	147.263
	13	crg	0.638636	148.288
	13	crl	0.666418	154.607
	13	crg	0.669833	155.384
	13	crl	0.673947	156.32
	13	crl	0.678799	157.423
	13	crl	0.681816	158.11
	13	dup	0.715608	165.796
	13	dup	0.727245	168.443
	13	dup	0.758419	175.534
	13	crg	0.75895	175.655
	13	crl	0.770335	178.244
	13	del	0.784036	181.361
	13	dup	0.784516	181.47
	13	del	0.792379	183.258
	13	crl	0.805448	186.231
	13	crg	0.836456	193.284
	13	del	0.869421	200.783
	13	crl	0.871259	201.2
	13	crl	0.884954	204.316
	13	del	0.898394	207.373
	13	del	0.899816	207.696
	13	del	0.932373	215.102
	13	crl	0.936844	216.119
	13	crl	0.945946	218.189
	13	dup	0.946204	218.248
	13	crl	0.956886	220.677
	13	del	0.966386	222.838
	13	dup	0.980399	226.026

MUTATIONS   (8)  dup, deln, crl, crg, wgd:	13	23	23	23	2
	eid	type	time
	18	del	0.983397	4.82883
	11	crg	0.000999504	5.13095
	11	crl	0.00691508	6.46538
	11	del	0.0173191	8.81231
	11	del	0.0420179	14.3838
	11	del	0.052119	16.6624
	11	dup	0.0561926	17.5813
	11	crl	0.0626271	19.0328
	11	crg	0.0629957	19.116
	11	crg	0.0882446	24.8116
	11	crl	0.104361	28.4472
	11	crl	0.122475	32.5333
	11	crg	0.135911	35.5641
	11	crl	0.154519	39.7617
	11	crg	0.179866	45.4795
	11	del	0.191897	48.1934
	11	crg	0.198268	49.6304
	11	del	0.215122	53.4323
	11	crg	0.245989	60.3953
	11	crl	0.250458	61.4035
	11	del	0.250846	61.4909
	11	dup	0.256108	62.678
	11	crg	0.257215	62.9276
	11	crg	0.277168	67.4287
	11	crl	0.28348	68.8525
	11	dup	0.296486	71.7863
	11	crl	0.309297	74.6762
	11	del	0.318655	76.7873
	11	crg	0.326257	78.5021
	11	del	0.329327	79.1946
	11	dup	0.331864	79.767
	11	dup	0.344875	82.7019
	11	crl	0.346636	83.0991
	11	crg	0.350474	83.9649
	11	dup	0.366168	87.5051
	11	crl	0.398717	94.8475
	11	crl	0.415674	98.6726
	11	del	0.420011	99.651
	11	wgd	0.425299	100.844
	11	del	0.433556	102.707
	11	crg	0.438723	103.872
	11	crg	0.451722	106.804
	11	dup	0.484188	114.128
	11	crg	0.491003	115.665
	11	del	0.492762	116.062
	11	crl	0.495192	116.61
	11	dup	0.49531	116.637
	11	crg	0.499082	117.488
	11	crg	0.512987	120.624
	11	crg	0.531276	124.75
	11	crg	0.566402	132.674
	11	del	0.585355	136.949
	11	crl	0.590545	138.12
	11	crl	0.596821	139.536
	11	crl	0.60483	141.342
	11	crg	0.615369	143.72
	11	crl	0.635575	148.278
	11	crg	0.657455	153.213
	11	del	0.67946	158.177
	11	wgd	0.691011	160.783
	11	crg	0.702718	163.424
	11	del	0.743586	172.642
	11	dup	0.747001	173.413
	11	del	0.752417	174.635
	11	dup	0.758259	175.953
	11	crl	0.777513	180.296
	11	crl	0.797085	184.711
	11	del	0.823538	190.678
	11	dup	0.841052	194.629
	11	crl	0.842931	195.053
	11	dup	0.852879	197.297
	11	crl	0.882993	204.09
	11	del	0.885307	204.612
	11	del	0.888652	205.366
	11	crg	0.9003	207.994
	11	del	0.905188	209.096
	11	crl	0.905835	209.242
	11	del	0.909368	210.04
	11	crg	0.913034	210.866
	11	del	0.931204	214.965
	11	dup	0.944675	218.004
	11	crl	0.945061	218.091
	11	del	0.949648	219.126
	11	crl	0.953276	219.944

MUTATIONS   (9)  dup, deln, crl, crg, wgd:	19	27	20	15	0
	eid	type	time
	15	del	0.132054	2.81183
	15	crg	0.309874	5.75197
	15	crl	0.340644	6.26071
	15	del	0.397613	7.20267
	15	del	0.480979	8.58106
	15	del	0.782358	13.5641
	15	dup	0.816163	14.1231
	10	crg	0.209265	21.8997
	10	del	0.364802	25.4204
	10	dup	0.366502	25.4589
	10	crg	0.494042	28.346
	10	del	0.494535	28.3571
	10	crg	0.511407	28.739
	10	dup	0.538518	29.3527
	10	crl	0.747554	34.0845
	10	del	0.770083	34.5945
	10	crg	0.775128	34.7087
	10	dup	0.909549	37.7515
	10	crl	0.952507	38.7239
	8	dup	0.981303	41.819
	6	del	0.0158102	44.8397
	6	crl	0.0397119	49.3482
	6	del	0.0463786	50.6057
	6	crg	0.0488333	51.0687
	6	del	0.0787236	56.7068
	6	dup	0.0893642	58.7139
	6	dup	0.119172	64.3366
	6	del	0.12885	66.162
	6	dup	0.131345	66.6326
	6	crl	0.134491	67.2261
	6	del	0.139176	68.1098
	6	crg	0.151275	70.392
	6	crl	0.154388	70.9792
	6	dup	0.171986	74.2987
	6	crl	0.190622	77.8138
	6	dup	0.19775	79.1584
	6	del	0.239294	86.9947
	6	crl	0.250094	89.0319
	6	crl	0.305925	99.563
	6	crl	0.310368	100.401
	6	crg	0.327332	103.601
	6	del	0.34776	107.454
	6	crl	0.350892	108.045
	6	del	0.387831	115.013
	6	crg	0.425131	122.048
	6	del	0.444268	125.658
	6	dup	0.459069	128.45
	6	crg	0.469002	130.324
	6	dup	0.486415	133.608
	6	del	0.48911	134.117
	6	dup	0.504896	137.094
	6	dup	0.509159	137.898
	6	dup	0.515984	139.186
	6	crl	0.519456	139.841
	6	crg	0.54354	144.384
	6	del	0.55804	147.119
	6	del	0.578693	151.014
	6	crl	0.585008	152.206
	6	del	0.586844	152.552
	6	del	0.614627	157.792
	6	crl	0.621638	159.115
	6	del	0.634885	161.614
	6	crl	0.642565	163.062
	6	crl	0.658332	166.036
	6	dup	0.723191	178.27
	6	crg	0.731195	179.78
	6	crg	0.732351	179.998
	6	crg	0.740267	181.492
	6	crl	0.786723	190.254
	6	crg	0.807074	194.093
	6	del	0.811947	195.012
	6	dup	0.813584	195.321
	6	del	0.819383	196.415
	6	del	0.874937	206.894
	6	dup	0.921439	215.665
	6	del	0.947514	220.584
	6	del	0.976471	226.046
	6	crl	0.986168	227.875
	6	dup	0.995696	229.672
	6	crl	0.998503	230.202
	6	crl	0.998583	230.217

MUTATIONS   (10)  dup, deln, crl, crg, wgd:	22	29	22	39	0
	eid	type	time
	15	del	0.132054	2.81183
	15	crg	0.309874	5.75197
	15	crl	0.340644	6.26071
	15	del	0.397613	7.20267
	15	del	0.480979	8.58106
	15	del	0.782358	13.5641
	15	dup	0.816163	14.1231
	10	crg	0.209265	21.8997
	10	del	0.364802	25.4204
	10	dup	0.366502	25.4589
	10	crg	0.494042	28.346
	10	del	0.494535	28.3571
	10	crg	0.511407	28.739
	10	dup	0.538518	29.3527
	10	crl	0.747554	34.0845
	10	del	0.770083	34.5945
	10	crg	0.775128	34.7087
	10	dup	0.909549	37.7515
	10	crl	0.952507	38.7239
	7	dup	0.00769984	41.2672
	7	crl	0.0131513	42.3067
	7	crg	0.0275442	45.0512
	7	del	0.0378265	47.0119
	7	crg	0.0436136	48.1154
	7	crg	0.0452087	48.4196
	7	del	0.0562266	50.5205
	7	crl	0.0582035	50.8975
	7	crl	0.0706585	53.2725
	7	dup	0.0769854	54.4789
	7	crg	0.092146	57.3698
	7	crg	0.0922624	57.392
	7	crg	0.0929928	57.5313
	7	crl	0.116899	62.0899
	7	crl	0.119897	62.6616
	7	dup	0.122484	63.1549
	7	del	0.135589	65.6538
	7	del	0.13644	65.816
	7	crg	0.153378	69.0459
	7	crg	0.183801	74.847
	7	crg	0.189911	76.0121
	7	del	0.199938	77.9241
	7	del	0.203707	78.6428
	7	crg	0.203921	78.6837
	7	crg	0.220715	81.886
	7	crl	0.22104	81.9479
	7	crg	0.221311	81.9997
	7	dup	0.242614	86.0619
	7	dup	0.24908	87.2949
	7	crg	0.250603	87.5852
	7	del	0.255478	88.5149
	7	crg	0.270052	91.2939
	7	del	0.279556	93.1061
	7	crl	0.292275	95.5315
	7	crg	0.31021	98.9515
	7	del	0.319223	100.67
	7	del	0.336715	104.005
	7	crg	0.338106	104.271
	7	crl	0.360195	108.483
	7	crg	0.376479	111.588
	7	crg	0.389683	114.106
	7	dup	0.398279	115.745
	7	crl	0.400156	116.103
	7	crl	0.409231	117.833
	7	crg	0.421048	120.086
	7	dup	0.426289	121.086
	7	crg	0.427555	121.327
	7	crl	0.444091	124.481
	7	crl	0.446936	125.023
	7	del	0.496615	134.496
	7	crl	0.502387	135.597
	7	crl	0.506149	136.314
	7	dup	0.533429	141.516
	7	del	0.535447	141.901
	7	del	0.55613	145.845
	7	crg	0.573219	149.103
	7	crg	0.577477	149.915
	7	crg	0.590763	152.449
	7	crg	0.600015	154.213
	7	crg	0.625692	159.109
	7	crg	0.641825	162.185
	7	crg	0.644172	162.633
	7	del	0.646576	163.091
	7	crg	0.662172	166.065
	7	crl	0.684757	170.372
	7	del	0.686361	170.678
	7	dup	0.689481	171.273
	7	del	0.720499	177.187
	7	del	0.724004	177.856
	7	crg	0.736047	180.152
	7	crg	0.756329	184.02
	7	dup	0.764782	185.631
	7	del	0.768817	186.401
	7	del	0.773117	187.221
	7	dup	0.778763	188.298
	7	dup	0.815922	195.383
	7	crl	0.824041	196.931
	7	dup	0.841212	200.206
	7	crg	0.845703	201.062
	7	crg	0.85239	202.337
	7	dup	0.884251	208.412
	7	del	0.885645	208.678
	7	dup	0.885667	208.682
	7	crg	0.899771	211.372
	7	del	0.903828	212.146
	7	del	0.914101	214.104
	7	crl	0.926008	216.375
	7	crl	0.936338	218.345
	7	crl	0.939264	218.903
	7	dup	0.946875	220.354
	7	dup	0.952599	221.445
	7	dup	0.967432	224.274
	7	crg	0.969478	224.664

MUTATIONS   (11)  dup, deln, crl, crg, wgd:	0	0	0	0	0
	eid	type	time

