NODE TIMES:	nid	time
	1	169.108
	2	169.108
	3	169.108
	4	169.108
	5	169.108
	6	169.108
	7	169.108
	8	169.108
	9	169.108
	10	169.108
	11	0
	12	0
	13	68.8635
	14	29.7029
	15	28.0043
	16	26.916
	17	4.11866
	18	3.80319
	19	3.45689
	20	1.90429
	21	1.03889

ANCESTRY    (1)	19 (12 -> 21) 	17 (21 -> 20) 	15 (20 -> 16) 	8 (16 -> 13) 	2 (13 -> 1) 
ANCESTRY    (2)	19 (12 -> 21) 	18 (21 -> 19) 	14 (19 -> 18) 	11 (18 -> 15) 	5 (15 -> 2) 
ANCESTRY    (3)	19 (12 -> 21) 	18 (21 -> 19) 	14 (19 -> 18) 	12 (18 -> 17) 	10 (17 -> 3) 
ANCESTRY    (4)	19 (12 -> 21) 	18 (21 -> 19) 	14 (19 -> 18) 	12 (18 -> 17) 	9 (17 -> 4) 
ANCESTRY    (5)	19 (12 -> 21) 	18 (21 -> 19) 	13 (19 -> 5) 
ANCESTRY    (6)	19 (12 -> 21) 	17 (21 -> 20) 	15 (20 -> 16) 	8 (16 -> 13) 	1 (13 -> 6) 
ANCESTRY    (7)	19 (12 -> 21) 	17 (21 -> 20) 	16 (20 -> 14) 	3 (14 -> 7) 
ANCESTRY    (8)	19 (12 -> 21) 	18 (21 -> 19) 	14 (19 -> 18) 	11 (18 -> 15) 	6 (15 -> 8) 
ANCESTRY    (9)	19 (12 -> 21) 	17 (21 -> 20) 	16 (20 -> 14) 	4 (14 -> 9) 
ANCESTRY    (10)	19 (12 -> 21) 	17 (21 -> 20) 	15 (20 -> 16) 	7 (16 -> 10) 
ANCESTRY    (11)	20 (12 -> 11) 

MUTATIONS   (1)  dup, deln, crl, crg, wgd:	13	12	19	20	0
	eid	type	time
	15	crg	0.147385	5.59064
	15	crg	0.189706	6.64917
	15	del	0.300621	9.42333
	15	crl	0.509369	14.6445
	15	del	0.552398	15.7207
	15	crl	0.742295	20.4704
	15	crg	0.745783	20.5576
	15	dup	0.890897	24.1872
	15	del	0.951824	25.7111
	8	dup	0.0362176	28.4353
	8	crg	0.150288	33.2202
	8	crg	0.170606	34.0725
	8	del	0.212567	35.8327
	8	crl	0.288158	39.0035
	8	dup	0.325542	40.5717
	8	crg	0.335583	40.9929
	8	crg	0.409021	44.0734
	8	dup	0.653859	54.3437
	8	crl	0.720587	57.1428
	8	crg	0.800878	60.5108
	8	dup	0.931384	65.9852
	2	crl	0.0188707	70.7551
	2	crl	0.0197731	70.8456
	2	dup	0.0323695	72.1083
	2	crg	0.0462297	73.4977
	2	del	0.0772217	76.6045
	2	crg	0.0874648	77.6313
	2	crl	0.136931	82.5901
	2	crl	0.167249	85.6292
	2	dup	0.177908	86.6977
	2	crl	0.187508	87.6601
	2	crg	0.225757	91.4944
	2	del	0.270238	95.9534
	2	crg	0.270861	96.0157
	2	crl	0.324641	101.407
	2	crg	0.3303	101.974
	2	dup	0.362425	105.195
	2	crl	0.366676	105.621
	2	crg	0.37296	106.251
	2	del	0.38404	107.361
	2	crl	0.421117	111.078
	2	crl	0.465397	115.517
	2	crl	0.47258	116.237
	2	crg	0.489589	117.942
	2	crg	0.511801	120.169
	2	crl	0.51702	120.692
	2	crg	0.520179	121.009
	2	dup	0.553276	124.326
	2	crg	0.562426	125.244
	2	crl	0.57689	126.694
	2	del	0.605285	129.54
	2	crl	0.610839	130.097
	2	crl	0.618785	130.893
	2	del	0.721425	141.182
	2	crl	0.745598	143.606
	2	dup	0.780029	147.057
	2	dup	0.791868	148.244
	2	del	0.87321	156.398
	2	del	0.878218	156.9
	2	dup	0.884702	157.55
	2	crg	0.897436	158.826
	2	del	0.940409	163.134
	2	crg	0.968486	165.949
	2	dup	0.98756	167.861

MUTATIONS   (2)  dup, deln, crl, crg, wgd:	11	22	25	18	0
	eid	type	time
	18	dup	0.128508	1.34963
	11	dup	0.530843	16.6502
	11	dup	0.569248	17.5796
	11	del	0.58816	18.0373
	11	crl	0.622425	18.8665
	11	crl	0.676201	20.168
	11	crl	0.681356	20.2927
	11	crl	0.695214	20.6281
	11	crg	0.779736	22.6736
	11	del	0.845313	24.2607
	11	del	0.86086	24.6369
	11	crl	0.878517	25.0642
	5	dup	0.0448787	34.3368
	5	crg	0.0791419	39.1715
	5	crg	0.0816345	39.5232
	5	del	0.0878569	40.4012
	5	crl	0.109477	43.4518
	5	crl	0.109956	43.5195
	5	crl	0.132603	46.715
	5	crg	0.161287	50.7624
	5	crl	0.176423	52.8982
	5	crg	0.18954	54.749
	5	crg	0.194351	55.4279
	5	crl	0.195171	55.5437
	5	crl	0.220205	59.076
	5	crl	0.282751	67.9015
	5	del	0.284231	68.1103
	5	crl	0.28614	68.3796
	5	dup	0.315415	72.5104
	5	crl	0.318282	72.9151
	5	dup	0.324898	73.8486
	5	del	0.35468	78.0509
	5	crl	0.359982	78.7991
	5	crl	0.379925	81.6131
	5	crg	0.43307	89.112
	5	crl	0.441142	90.251
	5	del	0.465858	93.7385
	5	crl	0.474753	94.9936
	5	del	0.474796	94.9998
	5	crg	0.497002	98.1331
	5	crg	0.50162	98.7847
	5	crl	0.508258	99.7213
	5	del	0.50914	99.8458
	5	del	0.515677	100.768
	5	del	0.557254	106.635
	5	del	0.578536	109.638
	5	del	0.580567	109.924
	5	crl	0.594686	111.917
	5	del	0.600495	112.736
	5	dup	0.609138	113.956
	5	crl	0.609711	114.037
	5	crg	0.611523	114.292
	5	crl	0.649466	119.646
	5	del	0.663214	121.586
	5	del	0.692519	125.721
	5	crg	0.728447	130.791
	5	crl	0.730083	131.022
	5	crl	0.733591	131.517
	5	del	0.764682	135.904
	5	dup	0.77891	137.911
	5	crg	0.779645	138.015
	5	del	0.79563	140.271
	5	dup	0.811267	142.477
	5	crl	0.819312	143.612
	5	crg	0.832342	145.451
	5	del	0.836822	146.083
	5	del	0.847544	147.596
	5	crg	0.852019	148.227
	5	dup	0.854782	148.617
	5	del	0.862094	149.649
	5	dup	0.909847	156.387
	5	crg	0.94919	161.938
	5	crg	0.954918	162.747
	5	crg	0.964988	164.168
	5	crg	0.970843	164.994
	5	del	0.972997	165.298

MUTATIONS   (3)  dup, deln, crl, crg, wgd:	16	15	18	19	0
	eid	type	time
	18	dup	0.128508	1.34963
	10	crg	0.0299706	9.06348
	10	del	0.0379521	10.3803
	10	crg	0.0436021	11.3125
	10	crl	0.0592236	13.8899
	10	dup	0.0626433	14.4541
	10	crg	0.0721005	16.0145
	10	dup	0.0770246	16.8269
	10	dup	0.132886	26.0435
	10	del	0.143612	27.813
	10	crg	0.162673	30.958
	10	dup	0.167253	31.7135
	10	dup	0.185994	34.8057
	10	dup	0.214748	39.5497
	10	crl	0.265052	47.8494
	10	crg	0.283689	50.9242
	10	del	0.292045	52.303
	10	crg	0.330701	58.6807
	10	crg	0.335529	59.4773
	10	crl	0.356192	62.8865
	10	dup	0.357164	63.0468
	10	dup	0.358651	63.2922
	10	crg	0.362259	63.8875
	10	crg	0.370545	65.2546
	10	dup	0.370742	65.2871
	10	crg	0.372596	65.5929
	10	crl	0.397114	69.6383
	10	crl	0.424744	74.1968
	10	dup	0.444537	77.4624
	10	crl	0.444737	77.4955
	10	crl	0.451216	78.5644
	10	crg	0.483038	83.8147
	10	dup	0.499427	86.5188
	10	crl	0.502922	87.0955
	10	crl	0.517908	89.5678
	10	crl	0.526148	90.9275
	10	crl	0.528311	91.2843
	10	crg	0.548022	94.5364
	10	dup	0.550229	94.9006
	10	del	0.553786	95.4874
	10	crl	0.578775	99.6104
	10	crl	0.587931	101.121
	10	crg	0.604695	103.887
	10	del	0.634838	108.86
	10	del	0.655529	112.274
	10	crg	0.716551	122.342
	10	del	0.726735	124.022
	10	crg	0.736904	125.7
	10	dup	0.737743	125.838
	10	del	0.739119	126.065
	10	crl	0.744531	126.958
	10	del	0.758785	129.31
	10	del	0.808773	137.558
	10	crg	0.816801	138.882
	10	del	0.818887	139.226
	10	crl	0.827368	140.626
	10	crl	0.854719	145.138
	10	crg	0.855386	145.248
	10	crg	0.864169	146.697
	10	del	0.897159	152.14
	10	del	0.904314	153.321
	10	dup	0.913252	154.795
	10	crg	0.913257	154.796
	10	crl	0.921165	156.101
	10	del	0.96049	162.589
	10	del	0.968786	163.958
	10	crl	0.976556	165.24
	10	dup	0.998787	168.908

MUTATIONS   (4)  dup, deln, crl, crg, wgd:	26	10	9	29	0
	eid	type	time
	18	dup	0.128508	1.34963
	9	dup	0.0502624	12.4114
	9	crg	0.059594	13.951
	9	crg	0.0744702	16.4054
	9	dup	0.0805195	17.4035
	9	del	0.0868192	18.4429
	9	crl	0.130198	25.5999
	9	dup	0.140629	27.3209
	9	dup	0.145638	28.1473
	9	dup	0.21024	38.806
	9	crg	0.238085	43.4002
	9	del	0.245839	44.6794
	9	crg	0.272352	49.0538
	9	crg	0.272489	49.0764
	9	crg	0.284062	50.9858
	9	dup	0.291996	52.2948
	9	crg	0.310984	55.4276
	9	dup	0.328055	58.2442
	9	dup	0.331381	58.793
	9	dup	0.331835	58.8679
	9	crg	0.347434	61.4415
	9	crl	0.361378	63.7422
	9	crg	0.367034	64.6753
	9	crl	0.372129	65.516
	9	crg	0.374176	65.8538
	9	del	0.375146	66.0137
	9	crg	0.387085	67.9835
	9	crg	0.392163	68.8214
	9	crl	0.401025	70.2834
	9	crg	0.405957	71.0972
	9	dup	0.406278	71.1502
	9	crg	0.419577	73.3444
	9	dup	0.46351	80.5928
	9	crg	0.469292	81.5469
	9	crg	0.469319	81.5513
	9	dup	0.484825	84.1096
	9	crg	0.513807	88.8913
	9	dup	0.522506	90.3265
	9	crg	0.531114	91.7468
	9	del	0.540474	93.2911
	9	del	0.541001	93.378
	9	del	0.542311	93.5941
	9	crl	0.542387	93.6067
	9	del	0.542728	93.6629
	9	dup	0.560094	96.5282
	9	crg	0.565467	97.4147
	9	crg	0.570432	98.2338
	9	dup	0.617715	106.035
	9	dup	0.619815	106.382
	9	crg	0.634251	108.763
	9	crg	0.642622	110.144
	9	del	0.660846	113.151
	9	crg	0.675801	115.619
	9	dup	0.682229	116.679
	9	crg	0.686493	117.383
	9	dup	0.700493	119.693
	9	crg	0.71867	122.692
	9	del	0.739058	126.055
	9	crl	0.752051	128.199
	9	dup	0.766639	130.606
	9	crg	0.769081	131.009
	9	crg	0.769748	131.119
	9	dup	0.776918	132.302
	9	dup	0.8447	143.485
	9	crg	0.859125	145.865
	9	dup	0.861326	146.228
	9	crl	0.879922	149.296
	9	dup	0.885846	150.274
	9	crl	0.902743	153.062
	9	crl	0.903273	153.149
	9	dup	0.926035	156.904
	9	del	0.927545	157.154
	9	crg	0.937563	158.806
	9	dup	0.945342	160.09

MUTATIONS   (5)  dup, deln, crl, crg, wgd:	16	11	23	13	0
	eid	type	time
	18	dup	0.128508	1.34963
	13	dup	0.0140956	5.79185
	13	dup	0.0177238	6.39285
	13	del	0.0419173	10.4005
	13	crg	0.0557107	12.6854
	13	crg	0.0708207	15.1884
	13	crl	0.130616	25.0935
	13	crg	0.131766	25.2841
	13	del	0.138182	26.3468
	13	crl	0.138825	26.4533
	13	dup	0.143648	27.2524
	13	crl	0.179999	33.2739
	13	crl	0.180448	33.3482
	13	crl	0.18364	33.8771
	13	crl	0.218535	39.6574
	13	dup	0.222207	40.2657
	13	dup	0.223091	40.4122
	13	crg	0.224165	40.5901
	13	del	0.226071	40.9057
	13	dup	0.228214	41.2607
	13	crl	0.243899	43.859
	13	dup	0.266897	47.6686
	13	crg	0.282561	50.2634
	13	crl	0.285795	50.7991
	13	del	0.298573	52.9159
	13	dup	0.298855	52.9626
	13	crl	0.331196	58.3199
	13	crg	0.34193	60.0979
	13	crl	0.389911	68.046
	13	del	0.452018	78.3341
	13	dup	0.472251	81.6858
	13	del	0.477278	82.5185
	13	crl	0.501967	86.6082
	13	crl	0.505	87.1107
	13	crl	0.508542	87.6973
	13	crg	0.513097	88.4519
	13	crl	0.516846	89.0731
	13	crl	0.551851	94.8716
	13	crg	0.563673	96.8299
	13	del	0.573504	98.4584
	13	del	0.587415	100.763
	13	crg	0.59696	102.344
	13	dup	0.650195	111.162
	13	dup	0.65458	111.889
	13	crg	0.691722	118.041
	13	dup	0.692765	118.214
	13	crl	0.708645	120.845
	13	del	0.756829	128.826
	13	del	0.762572	129.778
	13	crg	0.763023	129.852
	13	dup	0.786657	133.768
	13	del	0.813679	138.244
	13	crl	0.843233	143.139
	13	crg	0.849776	144.223
	13	crl	0.853003	144.758
	13	crl	0.873735	148.192
	13	dup	0.936383	158.57
	13	dup	0.942833	159.638
	13	crl	0.954928	161.642
	13	crl	0.970014	164.141
	13	crl	0.973348	164.693
	13	crl	0.975845	165.107
	13	crg	0.990338	167.507

MUTATIONS   (6)  dup, deln, crl, crg, wgd:	20	11	11	21	1
	eid	type	time
	15	crg	0.147385	5.59064
	15	crg	0.189706	6.64917
	15	del	0.300621	9.42333
	15	crl	0.509369	14.6445
	15	del	0.552398	15.7207
	15	crl	0.742295	20.4704
	15	crg	0.745783	20.5576
	15	dup	0.890897	24.1872
	15	del	0.951824	25.7111
	8	dup	0.0362176	28.4353
	8	crg	0.150288	33.2202
	8	crg	0.170606	34.0725
	8	del	0.212567	35.8327
	8	crl	0.288158	39.0035
	8	dup	0.325542	40.5717
	8	crg	0.335583	40.9929
	8	crg	0.409021	44.0734
	8	dup	0.653859	54.3437
	8	crl	0.720587	57.1428
	8	crg	0.800878	60.5108
	8	dup	0.931384	65.9852
	1	dup	0.0140155	70.2684
	1	dup	0.0353008	72.4022
	1	dup	0.0504988	73.9257
	1	dup	0.0626595	75.1447
	1	crl	0.0676444	75.6444
	1	del	0.113114	80.2025
	1	dup	0.122877	81.1812
	1	dup	0.127968	81.6916
	1	dup	0.129633	81.8584
	1	del	0.176935	86.6003
	1	dup	0.179959	86.9033
	1	crl	0.204001	89.3135
	1	del	0.216963	90.6128
	1	crg	0.254178	94.3434
	1	crg	0.274408	96.3713
	1	crl	0.352412	104.191
	1	dup	0.367128	105.666
	1	crg	0.377402	106.696
	1	del	0.381726	107.129
	1	crl	0.428419	111.81
	1	dup	0.46012	114.988
	1	crl	0.506545	119.642
	1	dup	0.516659	120.656
	1	wgd	0.576838	126.688
	1	crg	0.589908	127.998
	1	crg	0.592082	128.216
	1	dup	0.618861	130.901
	1	del	0.655857	134.61
	1	crg	0.656463	134.67
	1	crg	0.672669	136.295
	1	dup	0.698972	138.932
	1	crg	0.751505	144.198
	1	crg	0.758986	144.948
	1	dup	0.809671	150.029
	1	crl	0.824072	151.472
	1	crg	0.845964	153.667
	1	crg	0.898528	158.936
	1	del	0.90857	159.943
	1	dup	0.925333	161.623
	1	crg	0.952675	164.364
	1	del	0.958807	164.979
	1	crl	0.967918	165.892
	1	crg	0.9696	166.06

MUTATIONS   (7)  dup, deln, crl, crg, wgd:	19	18	19	16	0
	eid	type	time
	16	crg	0.042201	3.07742
	16	dup	0.0581488	3.52074
	16	dup	0.155392	6.22396
	16	crl	0.171206	6.66356
	16	del	0.30826	10.4735
	16	crl	0.322051	10.8568
	16	crl	0.323565	10.8989
	16	crg	0.334136	11.1928
	16	dup	0.399022	12.9965
	16	crl	0.421271	13.615
	16	del	0.479518	15.2342
	16	dup	0.581826	18.0782
	16	dup	0.611885	18.9138
	16	crl	0.663879	20.3592
	16	del	0.68455	20.9338
	16	dup	0.694783	21.2183
	16	crl	0.756001	22.92
	16	crg	0.771616	23.3541
	16	crg	0.818995	24.6712
	16	crg	0.844151	25.3705
	16	del	0.958664	28.5538
	3	crl	0.0595597	38.0058
	3	dup	0.0685826	39.2636
	3	crl	0.110426	45.0969
	3	del	0.164797	52.6764
	3	dup	0.174718	54.0594
	3	crl	0.20795	58.6922
	3	dup	0.258837	65.7861
	3	del	0.278513	68.529
	3	crg	0.293712	70.6478
	3	del	0.300709	71.6232
	3	dup	0.304387	72.136
	3	del	0.322771	74.6987
	3	dup	0.350266	78.5317
	3	crl	0.353399	78.9685
	3	crg	0.377209	82.2877
	3	dup	0.380808	82.7894
	3	del	0.390346	84.1191
	3	crg	0.39131	84.2535
	3	crg	0.403069	85.8928
	3	crg	0.431546	89.8625
	3	crl	0.432174	89.9501
	3	crl	0.451057	92.5825
	3	crg	0.463028	94.2513
	3	crg	0.497212	99.0167
	3	del	0.501533	99.6192
	3	del	0.508204	100.549
	3	dup	0.523949	102.744
	3	dup	0.525566	102.969
	3	crg	0.532099	103.88
	3	dup	0.572325	109.488
	3	crg	0.606251	114.217
	3	crl	0.618982	115.992
	3	crg	0.621087	116.286
	3	dup	0.645823	119.734
	3	dup	0.659834	121.687
	3	crl	0.668708	122.924
	3	del	0.671221	123.275
	3	del	0.684705	125.154
	3	del	0.736863	132.425
	3	del	0.749221	134.148
	3	crl	0.768949	136.898
	3	dup	0.792727	140.213
	3	crl	0.835229	146.138
	3	del	0.840479	146.87
	3	crl	0.898791	154.999
	3	del	0.911352	156.75
	3	crl	0.915643	157.348
	3	del	0.930118	159.366
	3	dup	0.942938	161.153
	3	crl	0.954334	162.742
	3	crg	0.959591	163.475

MUTATIONS   (8)  dup, deln, crl, crg, wgd:	14	19	20	18	0
	eid	type	time
	18	dup	0.128508	1.34963
	11	dup	0.530843	16.6502
	11	dup	0.569248	17.5796
	11	del	0.58816	18.0373
	11	crl	0.622425	18.8665
	11	crl	0.676201	20.168
	11	crl	0.681356	20.2927
	11	crl	0.695214	20.6281
	11	crg	0.779736	22.6736
	11	del	0.845313	24.2607
	11	del	0.86086	24.6369
	11	crl	0.878517	25.0642
	6	crl	0.019958	30.8204
	6	dup	0.0200637	30.8353
	6	dup	0.0236624	31.3431
	6	crl	0.0468351	34.6129
	6	del	0.067756	37.5649
	6	del	0.0754904	38.6562
	6	crl	0.0820843	39.5867
	6	crg	0.083587	39.7987
	6	crl	0.118024	44.6578
	6	crg	0.131716	46.5898
	6	del	0.14062	47.8462
	6	crl	0.158926	50.4293
	6	dup	0.165829	51.4033
	6	del	0.184307	54.0106
	6	crg	0.202644	56.5981
	6	del	0.253209	63.733
	6	del	0.268082	65.8316
	6	crg	0.276195	66.9764
	6	dup	0.276602	67.0338
	6	crl	0.29099	69.064
	6	crg	0.299159	70.2167
	6	crl	0.317294	72.7756
	6	crg	0.380564	81.7033
	6	del	0.385434	82.3904
	6	dup	0.38744	82.6734
	6	crg	0.403787	84.9801
	6	crg	0.413531	86.355
	6	dup	0.414837	86.5393
	6	crg	0.454544	92.1421
	6	del	0.458875	92.7531
	6	crg	0.489631	97.093
	6	crg	0.495075	97.8612
	6	crg	0.549579	105.552
	6	dup	0.567207	108.039
	6	dup	0.570499	108.504
	6	crl	0.573345	108.905
	6	del	0.580136	109.864
	6	crg	0.618851	115.326
	6	crg	0.621728	115.732
	6	crl	0.652247	120.039
	6	del	0.672136	122.845
	6	del	0.70761	127.851
	6	crg	0.714333	128.799
	6	crl	0.741668	132.656
	6	crg	0.777866	137.764
	6	del	0.828525	144.912
	6	crl	0.837161	146.131
	6	crl	0.858686	149.168
	6	crg	0.86717	150.365
	6	dup	0.880786	152.286
	6	del	0.884041	152.746
	6	del	0.897388	154.629
	6	dup	0.925785	158.636
	6	crl	0.932442	159.575
	6	del	0.939807	160.615
	6	del	0.941082	160.794
	6	crl	0.959698	163.421
	6	dup	0.982879	166.692
	6	crl	0.998934	168.958

MUTATIONS   (9)  dup, deln, crl, crg, wgd:	15	16	22	23	0
	eid	type	time
	16	crg	0.042201	3.07742
	16	dup	0.0581488	3.52074
	16	dup	0.155392	6.22396
	16	crl	0.171206	6.66356
	16	del	0.30826	10.4735
	16	crl	0.322051	10.8568
	16	crl	0.323565	10.8989
	16	crg	0.334136	11.1928
	16	dup	0.399022	12.9965
	16	crl	0.421271	13.615
	16	del	0.479518	15.2342
	16	dup	0.581826	18.0782
	16	dup	0.611885	18.9138
	16	crl	0.663879	20.3592
	16	del	0.68455	20.9338
	16	dup	0.694783	21.2183
	16	crl	0.756001	22.92
	16	crg	0.771616	23.3541
	16	crg	0.818995	24.6712
	16	crg	0.844151	25.3705
	16	del	0.958664	28.5538
	4	crl	0.00158113	29.9233
	4	crg	0.0354625	34.6465
	4	crg	0.0362071	34.7503
	4	crg	0.0528786	37.0744
	4	crl	0.0554493	37.4328
	4	crg	0.084661	41.505
	4	del	0.110602	45.1214
	4	del	0.143574	49.7178
	4	crg	0.156807	51.5626
	4	del	0.194959	56.8811
	4	dup	0.200129	57.6018
	4	crg	0.202604	57.947
	4	crg	0.204631	58.2295
	4	crl	0.257934	65.6602
	4	del	0.281337	68.9226
	4	del	0.322343	74.6391
	4	crg	0.345452	77.8606
	4	dup	0.348156	78.2376
	4	crg	0.355337	79.2386
	4	crl	0.369869	81.2645
	4	del	0.383067	83.1043
	4	del	0.398877	85.3084
	4	crl	0.431227	89.8181
	4	crg	0.454499	93.0623
	4	del	0.482943	97.0276
	4	crg	0.485672	97.408
	4	dup	0.487954	97.7261
	4	crl	0.491064	98.1596
	4	dup	0.533052	104.013
	4	del	0.54686	105.938
	4	dup	0.571436	109.364
	4	crg	0.575589	109.943
	4	dup	0.576843	110.118
	4	crl	0.609525	114.674
	4	crl	0.620742	116.237
	4	dup	0.623672	116.646
	4	crl	0.632118	117.823
	4	crl	0.64539	119.673
	4	crg	0.65304	120.74
	4	crg	0.658143	121.451
	4	crg	0.675359	123.851
	4	crl	0.711569	128.899
	4	del	0.715695	129.474
	4	crg	0.726199	130.939
	4	crl	0.783299	138.899
	4	del	0.802275	141.544
	4	crg	0.810843	142.739
	4	crl	0.818575	143.816
	4	crl	0.828957	145.264
	4	crl	0.832852	145.807
	4	crl	0.879375	152.292
	4	del	0.920254	157.991
	4	dup	0.934997	160.046
	4	crg	0.962518	163.883
	4	dup	0.981547	166.535

MUTATIONS   (10)  dup, deln, crl, crg, wgd:	17	20	18	12	0
	eid	type	time
	15	crg	0.147385	5.59064
	15	crg	0.189706	6.64917
	15	del	0.300621	9.42333
	15	crl	0.509369	14.6445
	15	del	0.552398	15.7207
	15	crl	0.742295	20.4704
	15	crg	0.745783	20.5576
	15	dup	0.890897	24.1872
	15	del	0.951824	25.7111
	7	dup	0.0732192	37.3272
	7	del	0.0909841	39.8532
	7	del	0.0947386	40.3871
	7	dup	0.112128	42.8597
	7	crl	0.117302	43.5955
	7	dup	0.120275	44.0182
	7	crg	0.122825	44.3808
	7	del	0.181292	52.6942
	7	crl	0.212046	57.0672
	7	crg	0.221589	58.4241
	7	dup	0.230705	59.7204
	7	dup	0.258512	63.6743
	7	dup	0.277813	66.4188
	7	crl	0.290941	68.2855
	7	crl	0.308428	70.772
	7	crg	0.312859	71.402
	7	del	0.322062	72.7106
	7	del	0.399481	83.7189
	7	crl	0.416222	86.0995
	7	crl	0.420457	86.7016
	7	crl	0.466413	93.2361
	7	crl	0.511399	99.6328
	7	dup	0.524346	101.474
	7	dup	0.54814	104.857
	7	crg	0.549668	105.074
	7	crg	0.564418	107.172
	7	crl	0.600438	112.293
	7	del	0.607018	113.229
	7	dup	0.674221	122.785
	7	del	0.681953	123.884
	7	del	0.686831	124.578
	7	crl	0.702531	126.81
	7	del	0.709304	127.773
	7	crg	0.712955	128.292
	7	crg	0.724326	129.909
	7	dup	0.724629	129.952
	7	del	0.728701	130.531
	7	crl	0.78035	137.876
	7	dup	0.78357	138.333
	7	crg	0.78669	138.777
	7	del	0.797464	140.309
	7	crg	0.826653	144.459
	7	dup	0.826677	144.463
	7	del	0.836054	145.796
	7	del	0.847106	147.368
	7	del	0.84919	147.664
	7	crl	0.86889	150.465
	7	dup	0.885747	152.862
	7	dup	0.908417	156.086
	7	crl	0.908607	156.113
	7	dup	0.912251	156.631
	7	dup	0.916477	157.232
	7	del	0.945643	161.379
	7	crl	0.955252	162.745
	7	del	0.958321	163.182
	7	crl	0.978858	166.102
	7	crl	0.995526	168.472
	7	del	0.995797	168.51

MUTATIONS   (11)  dup, deln, crl, crg, wgd:	0	0	0	0	0
	eid	type	time

