1	19	2	0.839871	0.813059
1	18	1	0.128945	1.01237
1	18	1	0.9872	1.30718
1	15	0	0.309171	1.70114
1	14	1	0.598954	5.50291
1	14	1	0.91177	7.03384
1	12	1	0.0795787	10.3146
1	12	0	0.206042	14.8421
1	12	2	0.43283	22.9613
1	12	0	0.497754	25.2856
1	12	2	0.551768	27.2193
1	12	3	0.603876	29.0848
1	12	1	0.701663	32.5857
1	12	3	0.747763	34.2361
1	12	1	0.766158	34.8947
1	12	1	0.967665	42.1088
1	7	0	0.218108	48.8769
1	7	3	0.248339	49.6546
1	7	3	0.293599	50.8188
1	7	3	0.382493	53.1055
1	7	0	0.5106	56.4009
1	7	0	0.623246	59.2986
1	7	0	0.633305	59.5574
1	7	2	0.74668	62.4738
1	7	1	0.83421	64.7254
1	7	3	0.86152	65.4279
1	3	1	0.0662527	73.0784
1	3	0	0.0671128	73.1314
1	3	0	0.111889	75.8944
1	3	1	0.151655	78.3482
1	3	1	0.154888	78.5478
1	3	3	0.195831	81.0742
1	3	2	0.200971	81.3914
1	3	1	0.244019	84.0477
1	3	3	0.249553	84.3892
1	3	2	0.251448	84.5061
1	3	3	0.307476	87.9634
1	3	2	0.393231	93.2551
1	3	1	0.399142	93.6199
1	3	0	0.487538	99.0745
1	3	3	0.49313	99.4195
1	3	2	0.497235	99.6728
1	3	3	0.511079	100.527
1	3	3	0.521246	101.154
1	3	2	0.52647	101.477
1	3	3	0.547622	102.782
1	3	2	0.558204	103.435
1	3	2	0.629102	107.81
1	3	3	0.655702	109.451
1	3	3	0.70611	112.562
1	3	2	0.725292	113.745
1	3	1	0.753186	115.467
1	3	3	0.833427	120.418
1	3	1	0.83898	120.761
1	3	2	0.84271	120.991
1	3	1	0.881737	123.399
1	3	1	0.891021	123.972
1	3	3	0.898635	124.442
1	3	0	0.931308	126.458
1	3	0	0.974423	129.118
2	19	2	0.839871	0.813059
2	18	1	0.128945	1.01237
2	18	1	0.9872	1.30718
2	16	1	0.0571225	8.70238
2	16	2	0.0806854	11.7511
2	16	1	0.0949099	13.5915
2	16	1	0.0954224	13.6578
2	16	0	0.109578	15.4894
2	16	0	0.121068	16.976
2	16	2	0.125921	17.6038
2	16	1	0.128806	17.9772
2	16	3	0.174387	23.8747
2	16	2	0.182533	24.9287
2	16	3	0.184161	25.1392
2	16	3	0.188534	25.7051
2	16	0	0.208436	28.2801
2	16	3	0.213809	28.9753
2	16	0	0.248826	33.506
2	16	1	0.253684	34.1346
2	16	0	0.270701	36.3362
2	16	3	0.281773	37.7688
2	16	2	0.28533	38.2291
2	16	1	0.313251	41.8416
2	16	0	0.365184	48.561
2	16	0	0.402116	53.3394
2	16	1	0.407304	54.0107
2	16	1	0.415349	55.0515
2	16	3	0.457746	60.5371
2	16	0	0.468787	61.9657
2	16	0	0.47617	62.9209
2	16	2	0.529324	69.7983
2	16	0	0.532607	70.223
2	16	2	0.533767	70.3731
2	16	3	0.571382	75.24
2	16	3	0.599122	78.829
2	16	1	0.620907	81.6477
2	16	2	0.629174	82.7174
2	16	3	0.651695	85.6312
2	16	0	0.651811	85.6463
2	16	2	0.689134	90.4752
2	16	1	0.693022	90.9783
2	16	1	0.714244	93.7242
2	16	1	0.717599	94.1582
2	16	0	0.722502	94.7926
2	16	0	0.750921	98.4696
2	16	2	0.763306	100.072
2	16	0	0.811974	106.369
2	16	2	0.824692	108.014
2	16	0	0.834504	109.284
2	16	2	0.849967	111.285
2	16	3	0.855016	111.938
2	16	3	0.856678	112.153
2	16	1	0.857705	112.286
2	16	2	0.885826	115.924
2	16	1	0.890131	116.481
2	16	3	0.96099	125.649
2	16	1	0.991248	129.564
3	19	2	0.839871	0.813059
3	18	1	0.128945	1.01237
3	18	1	0.9872	1.30718
3	15	0	0.309171	1.70114
3	14	1	0.598954	5.50291
3	14	1	0.91177	7.03384
3	12	1	0.0795787	10.3146
3	12	0	0.206042	14.8421
3	12	2	0.43283	22.9613
3	12	0	0.497754	25.2856
3	12	2	0.551768	27.2193
3	12	3	0.603876	29.0848
3	12	1	0.701663	32.5857
3	12	3	0.747763	34.2361
3	12	1	0.766158	34.8947
3	12	1	0.967665	42.1088
3	7	0	0.218108	48.8769
3	7	3	0.248339	49.6546
3	7	3	0.293599	50.8188
3	7	3	0.382493	53.1055
3	7	0	0.5106	56.4009
3	7	0	0.623246	59.2986
3	7	0	0.633305	59.5574
3	7	2	0.74668	62.4738
3	7	1	0.83421	64.7254
3	7	3	0.86152	65.4279
3	4	3	0.0210837	69.1557
3	4	3	0.127924	69.9944
3	4	2	0.406567	72.1817
3	4	3	0.596865	73.6755
3	1	1	0.00806789	77.2747
3	1	1	0.028003	78.3483
3	1	0	0.125266	83.5866
3	1	3	0.13013	83.8485
3	1	2	0.135325	84.1283
3	1	1	0.22158	88.7737
3	1	2	0.292778	92.6082
3	1	3	0.336479	94.9618
3	1	3	0.391633	97.9322
3	1	3	0.595304	108.901
3	1	2	0.665421	112.677
3	1	2	0.688408	113.915
3	1	2	0.729038	116.104
3	1	3	0.751395	117.308
3	1	1	0.767054	118.151
3	1	0	0.81701	120.842
3	1	2	0.85245	122.75
3	1	0	0.920789	126.431
3	1	2	0.992962	130.318
4	19	2	0.839871	0.813059
4	17	1	0.0759731	5.63644
4	17	3	0.127207	8.78465
4	17	0	0.154787	10.4794
4	17	0	0.156639	10.5932
4	17	2	0.172162	11.547
4	17	1	0.217875	14.3559
4	17	0	0.234334	15.3673
4	17	1	0.244311	15.9804
4	17	2	0.24689	16.1389
4	17	3	0.336104	21.6209
4	17	0	0.375485	24.0407
4	17	3	0.430895	27.4456
4	17	0	0.462887	29.4114
4	17	3	0.539838	34.1399
4	17	2	0.574774	36.2866
4	17	3	0.614291	38.7148
4	17	0	0.628325	39.5772
4	17	0	0.649676	40.8891
4	17	3	0.650209	40.9219
4	17	1	0.693276	43.5682
4	17	3	0.797849	49.994
4	17	2	0.868981	54.3649
4	17	2	0.878801	54.9683
4	17	3	0.884489	55.3178
4	17	0	0.93262	58.2754
4	17	2	0.99285	61.9763
4	5	1	0.0419594	65.2807
4	5	1	0.0547498	66.1541
4	5	3	0.0650754	66.8591
4	5	0	0.069088	67.1331
4	5	2	0.095294	68.9225
4	5	2	0.136961	71.7675
4	5	0	0.187634	75.2275
4	5	3	0.21706	77.2368
4	5	0	0.259902	80.1621
4	5	3	0.342526	85.8038
4	5	0	0.347201	86.123
4	5	0	0.42151	91.1968
4	5	0	0.484124	95.4722
4	5	0	0.498787	96.4734
4	5	0	0.512279	97.3946
4	5	1	0.587315	102.518
4	5	2	0.607913	103.925
4	5	3	0.609962	104.065
4	5	1	0.622784	104.94
4	5	2	0.634254	105.723
4	5	1	0.674021	108.439
4	5	0	0.69778	110.061
4	5	0	0.827966	118.95
4	5	1	0.888021	123.051
5	19	2	0.839871	0.813059
5	18	1	0.128945	1.01237
5	18	1	0.9872	1.30718
5	15	0	0.309171	1.70114
5	14	1	0.598954	5.50291
5	14	1	0.91177	7.03384
5	12	1	0.0795787	10.3146
5	12	0	0.206042	14.8421
5	12	2	0.43283	22.9613
5	12	0	0.497754	25.2856
5	12	2	0.551768	27.2193
5	12	3	0.603876	29.0848
5	12	1	0.701663	32.5857
5	12	3	0.747763	34.2361
5	12	1	0.766158	34.8947
5	12	1	0.967665	42.1088
5	8	0	0.00814952	43.9789
5	8	1	0.029037	45.8051
5	8	3	0.0623787	48.7202
5	8	3	0.0695162	49.3442
5	8	3	0.119883	53.7478
5	8	1	0.130802	54.7024
5	8	1	0.143394	55.8034
5	8	2	0.15946	57.208
5	8	1	0.235168	63.8272
5	8	0	0.237158	64.0012
5	8	0	0.245231	64.707
5	8	2	0.254124	65.4846
5	8	2	0.256976	65.7339
5	8	2	0.266373	66.5554
5	8	2	0.279036	67.6626
5	8	1	0.311837	70.5304
5	8	3	0.35127	73.978
5	8	1	0.358305	74.5931
5	8	2	0.387404	77.1373
5	8	1	0.405424	78.7128
5	8	1	0.415531	79.5964
5	8	1	0.462872	83.7354
5	8	3	0.476592	84.935
5	8	3	0.49547	86.5855
5	8	0	0.501689	87.1292
5	8	1	0.583392	94.2726
5	8	2	0.597895	95.5405
5	8	2	0.609342	96.5413
5	8	1	0.635615	98.8384
5	8	1	0.735312	107.555
5	8	0	0.744062	108.32
5	8	3	0.776068	111.118
5	8	2	0.783905	111.803
5	8	2	0.803316	113.501
5	8	2	0.857877	118.271
6	19	2	0.839871	0.813059
6	18	1	0.128945	1.01237
6	18	1	0.9872	1.30718
6	15	0	0.309171	1.70114
6	14	1	0.598954	5.50291
6	14	1	0.91177	7.03384
6	12	1	0.0795787	10.3146
6	12	0	0.206042	14.8421
6	12	2	0.43283	22.9613
6	12	0	0.497754	25.2856
6	12	2	0.551768	27.2193
6	12	3	0.603876	29.0848
6	12	1	0.701663	32.5857
6	12	3	0.747763	34.2361
6	12	1	0.766158	34.8947
6	12	1	0.967665	42.1088
6	7	0	0.218108	48.8769
6	7	3	0.248339	49.6546
6	7	3	0.293599	50.8188
6	7	3	0.382493	53.1055
6	7	0	0.5106	56.4009
6	7	0	0.623246	59.2986
6	7	0	0.633305	59.5574
6	7	2	0.74668	62.4738
6	7	1	0.83421	64.7254
6	7	3	0.86152	65.4279
6	4	3	0.0210837	69.1557
6	4	3	0.127924	69.9944
6	4	2	0.406567	72.1817
6	4	3	0.596865	73.6755
6	2	3	0.0191752	77.8729
6	2	3	0.0265498	78.2701
6	2	2	0.0325625	78.5939
6	2	2	0.19088	87.1203
6	2	0	0.199777	87.5995
6	2	0	0.230349	89.246
6	2	2	0.28032	91.9372
6	2	1	0.334552	94.858
6	2	2	0.449057	101.025
6	2	2	0.529053	105.333
6	2	0	0.538184	105.825
6	2	0	0.576722	107.9
6	2	2	0.639564	111.285
6	2	1	0.775047	118.582
6	2	3	0.811753	120.558
6	2	0	0.830065	121.545
6	2	3	0.832249	121.662
6	2	2	0.86352	123.346
6	2	3	0.865308	123.443
6	2	3	0.951035	128.06
7	19	2	0.839871	0.813059
7	17	1	0.0759731	5.63644
7	17	3	0.127207	8.78465
7	17	0	0.154787	10.4794
7	17	0	0.156639	10.5932
7	17	2	0.172162	11.547
7	17	1	0.217875	14.3559
7	17	0	0.234334	15.3673
7	17	1	0.244311	15.9804
7	17	2	0.24689	16.1389
7	17	3	0.336104	21.6209
7	17	0	0.375485	24.0407
7	17	3	0.430895	27.4456
7	17	0	0.462887	29.4114
7	17	3	0.539838	34.1399
7	17	2	0.574774	36.2866
7	17	3	0.614291	38.7148
7	17	0	0.628325	39.5772
7	17	0	0.649676	40.8891
7	17	3	0.650209	40.9219
7	17	1	0.693276	43.5682
7	17	3	0.797849	49.994
7	17	2	0.868981	54.3649
7	17	2	0.878801	54.9683
7	17	3	0.884489	55.3178
7	17	0	0.93262	58.2754
7	17	2	0.99285	61.9763
7	6	0	0.0857887	68.2734
7	6	2	0.104256	69.5344
7	6	3	0.118067	70.4775
7	6	0	0.119389	70.5677
7	6	3	0.138258	71.8561
7	6	2	0.213974	77.026
7	6	3	0.215043	77.0991
7	6	3	0.218619	77.3433
7	6	1	0.254774	79.8119
7	6	1	0.256902	79.9572
7	6	3	0.25824	80.0486
7	6	0	0.308329	83.4687
7	6	2	0.338046	85.4978
7	6	0	0.350209	86.3283
7	6	3	0.379462	88.3258
7	6	0	0.478358	95.0785
7	6	3	0.498535	96.4562
7	6	0	0.500535	96.5928
7	6	2	0.537676	99.1288
7	6	0	0.566019	101.064
7	6	0	0.581102	102.094
7	6	1	0.60596	103.791
7	6	0	0.673407	108.397
7	6	2	0.695278	109.89
7	6	3	0.723376	111.809
7	6	3	0.729281	112.212
7	6	3	0.739385	112.902
7	6	1	0.781697	115.791
7	6	3	0.829878	119.081
7	6	3	0.85429	120.748
7	6	2	0.932875	126.113
7	6	1	0.971059	128.721
7	6	3	0.973985	128.92
7	6	1	0.975695	129.037
7	6	2	0.980362	129.356
8	19	2	0.839871	0.813059
8	18	1	0.128945	1.01237
8	18	1	0.9872	1.30718
8	15	0	0.309171	1.70114
8	13	1	0.384774	5.92593
8	13	3	0.561792	7.46911
8	9	0	0.0263318	14.4335
8	9	0	0.0294141	14.8015
8	9	2	0.04363	16.499
8	9	2	0.0630145	18.8136
8	9	1	0.0642583	18.9622
8	9	2	0.0929403	22.387
8	9	1	0.106049	23.9523
8	9	3	0.118705	25.4635
8	9	1	0.124302	26.1319
8	9	3	0.16887	31.4536
8	9	3	0.178137	32.5601
8	9	2	0.17993	32.7742
8	9	3	0.182363	33.0647
8	9	3	0.189133	33.8731
8	9	1	0.197091	34.8234
8	9	1	0.277248	44.3947
8	9	0	0.33256	50.9993
8	9	2	0.357825	54.0163
8	9	1	0.35831	54.0741
8	9	0	0.360638	54.3521
8	9	0	0.367874	55.2162
8	9	2	0.397215	58.7197
8	9	1	0.41168	60.4469
8	9	3	0.491641	69.9948
8	9	1	0.503003	71.3515
8	9	1	0.524433	73.9105
8	9	1	0.53117	74.7149
8	9	2	0.545656	76.4447
8	9	0	0.551748	77.1721
8	9	2	0.589245	81.6495
8	9	2	0.607976	83.8862
8	9	0	0.60874	83.9774
8	9	2	0.646578	88.4954
8	9	1	0.707311	95.7475
8	9	0	0.717649	96.9819
8	9	1	0.734758	99.0248
8	9	0	0.741183	99.7921
8	9	2	0.744805	100.224
8	9	2	0.751731	101.052
8	9	1	0.763321	102.435
8	9	3	0.769637	103.19
8	9	0	0.801953	107.048
8	9	1	0.843836	112.05
8	9	0	0.87235	115.454
8	9	3	0.878133	116.145
8	9	1	0.878659	116.208
8	9	0	0.915006	120.548
8	9	3	0.926891	121.967
8	9	1	0.94214	123.788
8	9	1	0.988071	129.272
8	9	0	0.997693	130.421
9	19	2	0.839871	0.813059
9	18	1	0.128945	1.01237
9	18	1	0.9872	1.30718
9	15	0	0.309171	1.70114
9	13	1	0.384774	5.92593
9	13	3	0.561792	7.46911
9	10	0	0.0123538	12.7644
9	10	3	0.0167581	13.2903
9	10	0	0.0498821	17.2455
9	10	3	0.084877	21.4242
9	10	0	0.0977247	22.9583
9	10	0	0.104945	23.8205
9	10	2	0.120156	25.6368
9	10	1	0.133393	27.2173
9	10	3	0.166054	31.1173
9	10	3	0.205457	35.8224
9	10	1	0.310323	48.3442
9	10	0	0.310926	48.4162
9	10	0	0.35191	53.31
9	10	1	0.375208	56.0919
9	10	0	0.406233	59.7965
9	10	2	0.470697	67.4939
9	10	2	0.477315	68.2842
9	10	1	0.491996	70.0373
9	10	2	0.497788	70.7288
9	10	1	0.502755	71.322
9	10	0	0.503734	71.4388
9	10	2	0.514042	72.6698
9	10	1	0.524612	73.9318
9	10	1	0.554434	77.4928
9	10	3	0.573567	79.7774
9	10	3	0.601759	83.1438
9	10	1	0.602009	83.1736
9	10	1	0.619539	85.2669
9	10	3	0.649849	88.8861
9	10	4	0.655306	89.5377
9	10	0	0.704219	95.3783
9	10	0	0.70686	95.6936
9	10	2	0.709017	95.9512
9	10	0	0.713037	96.4312
9	10	1	0.716741	96.8735
9	10	1	0.724465	97.7958
9	10	2	0.773642	103.668
9	10	0	0.774238	103.739
9	10	1	0.798108	106.589
9	10	1	0.878978	116.246
9	10	3	0.889622	117.517
9	10	1	0.889934	117.554
9	10	3	0.900457	118.811
9	10	3	0.916185	120.689
9	10	2	0.921628	121.338
9	10	3	0.922579	121.452
9	10	0	0.925325	121.78
9	10	0	0.960297	125.956
10	19	2	0.839871	0.813059
10	18	1	0.128945	1.01237
10	18	1	0.9872	1.30718
10	15	0	0.309171	1.70114
10	14	1	0.598954	5.50291
10	14	1	0.91177	7.03384
10	11	2	0.00450557	8.02087
10	11	2	0.0164114	9.48803
10	11	2	0.0209144	10.0429
10	11	0	0.0263971	10.7186
10	11	2	0.0708339	16.1946
10	11	3	0.0948206	19.1505
10	11	0	0.103758	20.2518
10	11	2	0.13175	23.7014
10	11	2	0.147784	25.6772
10	11	0	0.218802	34.4288
10	11	1	0.229821	35.7867
10	11	3	0.234038	36.3064
10	11	2	0.238016	36.7967
10	11	3	0.256292	39.0488
10	11	3	0.261978	39.7495
10	11	2	0.279191	41.8707
10	11	0	0.299749	44.404
10	11	0	0.323067	47.2775
10	11	0	0.337003	48.9948
10	11	1	0.345391	50.0285
10	11	3	0.348416	50.4014
10	11	3	0.354758	51.1829
10	11	3	0.368449	52.87
10	11	1	0.377092	53.9351
10	11	2	0.384412	54.8371
10	11	2	0.387568	55.2261
10	11	1	0.412634	58.315
10	11	3	0.456931	63.7737
10	11	0	0.459977	64.1491
10	11	2	0.465224	64.7957
10	11	2	0.480462	66.6735
10	11	2	0.485862	67.339
10	11	1	0.493059	68.2258
10	11	3	0.505823	69.7988
10	11	2	0.50867	70.1496
10	11	3	0.52517	72.1829
10	11	3	0.531977	73.0217
10	11	2	0.534812	73.3711
10	11	2	0.567683	77.4218
10	11	2	0.578943	78.8095
10	11	0	0.584114	79.4467
10	11	0	0.591757	80.3885
10	11	1	0.603468	81.8317
10	11	3	0.631633	85.3025
10	11	2	0.635677	85.8009
10	11	2	0.678611	91.0916
10	11	3	0.687374	92.1715
10	11	2	0.691536	92.6844
10	11	1	0.7162	95.7238
10	11	2	0.72016	96.2117
10	11	3	0.722678	96.5221
10	11	0	0.751823	100.114
10	11	1	0.774563	102.916
10	11	3	0.780142	103.603
10	11	1	0.782772	103.928
10	11	0	0.799646	106.007
10	11	0	0.813276	107.687
10	11	0	0.83058	109.819
10	11	2	0.853781	112.678
10	11	2	0.862152	113.71
10	11	1	0.882516	116.219
10	11	1	0.906125	119.128
10	11	1	0.916352	120.389
10	11	3	0.990621	129.541
