NODE TIMES:	nid	time
	1	130.697
	2	130.697
	3	130.697
	4	130.697
	5	130.697
	6	130.697
	7	130.697
	8	130.697
	9	130.697
	10	130.697
	11	0
	12	0
	13	76.8402
	14	68.9901
	15	62.4157
	16	43.2664
	17	11.2892
	18	7.46564
	19	2.57161
	20	1.31158
	21	0.968076

ANCESTRY    (1)	19 (12 -> 21) 	18 (21 -> 20) 	15 (20 -> 19) 	14 (19 -> 18) 	12 (18 -> 16) 	7 (16 -> 14) 	3 (14 -> 1) 
ANCESTRY    (2)	19 (12 -> 21) 	18 (21 -> 20) 	16 (20 -> 2) 
ANCESTRY    (3)	19 (12 -> 21) 	18 (21 -> 20) 	15 (20 -> 19) 	14 (19 -> 18) 	12 (18 -> 16) 	7 (16 -> 14) 	4 (14 -> 13) 	1 (13 -> 3) 
ANCESTRY    (4)	19 (12 -> 21) 	17 (21 -> 15) 	5 (15 -> 4) 
ANCESTRY    (5)	19 (12 -> 21) 	18 (21 -> 20) 	15 (20 -> 19) 	14 (19 -> 18) 	12 (18 -> 16) 	8 (16 -> 5) 
ANCESTRY    (6)	19 (12 -> 21) 	18 (21 -> 20) 	15 (20 -> 19) 	14 (19 -> 18) 	12 (18 -> 16) 	7 (16 -> 14) 	4 (14 -> 13) 	2 (13 -> 6) 
ANCESTRY    (7)	19 (12 -> 21) 	17 (21 -> 15) 	6 (15 -> 7) 
ANCESTRY    (8)	19 (12 -> 21) 	18 (21 -> 20) 	15 (20 -> 19) 	13 (19 -> 17) 	9 (17 -> 8) 
ANCESTRY    (9)	19 (12 -> 21) 	18 (21 -> 20) 	15 (20 -> 19) 	13 (19 -> 17) 	10 (17 -> 9) 
ANCESTRY    (10)	19 (12 -> 21) 	18 (21 -> 20) 	15 (20 -> 19) 	14 (19 -> 18) 	11 (18 -> 10) 
ANCESTRY    (11)	20 (12 -> 11) 

MUTATIONS   (1)  dup, deln, crl, crg, wgd:	12	18	13	17	0
	eid	type	time
	19	crl	0.839871	0.813059
	18	del	0.128945	1.01237
	18	del	0.9872	1.30718
	15	dup	0.309171	1.70114
	14	del	0.598954	5.50291
	14	del	0.91177	7.03384
	12	del	0.0795787	10.3146
	12	dup	0.206042	14.8421
	12	crl	0.43283	22.9613
	12	dup	0.497754	25.2856
	12	crl	0.551768	27.2193
	12	crg	0.603876	29.0848
	12	del	0.701663	32.5857
	12	crg	0.747763	34.2361
	12	del	0.766158	34.8947
	12	del	0.967665	42.1088
	7	dup	0.218108	48.8769
	7	crg	0.248339	49.6546
	7	crg	0.293599	50.8188
	7	crg	0.382493	53.1055
	7	dup	0.5106	56.4009
	7	dup	0.623246	59.2986
	7	dup	0.633305	59.5574
	7	crl	0.74668	62.4738
	7	del	0.83421	64.7254
	7	crg	0.86152	65.4279
	3	del	0.0662527	73.0784
	3	dup	0.0671128	73.1314
	3	dup	0.111889	75.8944
	3	del	0.151655	78.3482
	3	del	0.154888	78.5478
	3	crg	0.195831	81.0742
	3	crl	0.200971	81.3914
	3	del	0.244019	84.0477
	3	crg	0.249553	84.3892
	3	crl	0.251448	84.5061
	3	crg	0.307476	87.9634
	3	crl	0.393231	93.2551
	3	del	0.399142	93.6199
	3	dup	0.487538	99.0745
	3	crg	0.49313	99.4195
	3	crl	0.497235	99.6728
	3	crg	0.511079	100.527
	3	crg	0.521246	101.154
	3	crl	0.52647	101.477
	3	crg	0.547622	102.782
	3	crl	0.558204	103.435
	3	crl	0.629102	107.81
	3	crg	0.655702	109.451
	3	crg	0.70611	112.562
	3	crl	0.725292	113.745
	3	del	0.753186	115.467
	3	crg	0.833427	120.418
	3	del	0.83898	120.761
	3	crl	0.84271	120.991
	3	del	0.881737	123.399
	3	del	0.891021	123.972
	3	crg	0.898635	124.442
	3	dup	0.931308	126.458
	3	dup	0.974423	129.118

MUTATIONS   (2)  dup, deln, crl, crg, wgd:	15	17	13	12	0
	eid	type	time
	19	crl	0.839871	0.813059
	18	del	0.128945	1.01237
	18	del	0.9872	1.30718
	16	del	0.0571225	8.70238
	16	crl	0.0806854	11.7511
	16	del	0.0949099	13.5915
	16	del	0.0954224	13.6578
	16	dup	0.109578	15.4894
	16	dup	0.121068	16.976
	16	crl	0.125921	17.6038
	16	del	0.128806	17.9772
	16	crg	0.174387	23.8747
	16	crl	0.182533	24.9287
	16	crg	0.184161	25.1392
	16	crg	0.188534	25.7051
	16	dup	0.208436	28.2801
	16	crg	0.213809	28.9753
	16	dup	0.248826	33.506
	16	del	0.253684	34.1346
	16	dup	0.270701	36.3362
	16	crg	0.281773	37.7688
	16	crl	0.28533	38.2291
	16	del	0.313251	41.8416
	16	dup	0.365184	48.561
	16	dup	0.402116	53.3394
	16	del	0.407304	54.0107
	16	del	0.415349	55.0515
	16	crg	0.457746	60.5371
	16	dup	0.468787	61.9657
	16	dup	0.47617	62.9209
	16	crl	0.529324	69.7983
	16	dup	0.532607	70.223
	16	crl	0.533767	70.3731
	16	crg	0.571382	75.24
	16	crg	0.599122	78.829
	16	del	0.620907	81.6477
	16	crl	0.629174	82.7174
	16	crg	0.651695	85.6312
	16	dup	0.651811	85.6463
	16	crl	0.689134	90.4752
	16	del	0.693022	90.9783
	16	del	0.714244	93.7242
	16	del	0.717599	94.1582
	16	dup	0.722502	94.7926
	16	dup	0.750921	98.4696
	16	crl	0.763306	100.072
	16	dup	0.811974	106.369
	16	crl	0.824692	108.014
	16	dup	0.834504	109.284
	16	crl	0.849967	111.285
	16	crg	0.855016	111.938
	16	crg	0.856678	112.153
	16	del	0.857705	112.286
	16	crl	0.885826	115.924
	16	del	0.890131	116.481
	16	crg	0.96099	125.649
	16	del	0.991248	129.564

MUTATIONS   (3)  dup, deln, crl, crg, wgd:	10	13	12	14	0
	eid	type	time
	19	crl	0.839871	0.813059
	18	del	0.128945	1.01237
	18	del	0.9872	1.30718
	15	dup	0.309171	1.70114
	14	del	0.598954	5.50291
	14	del	0.91177	7.03384
	12	del	0.0795787	10.3146
	12	dup	0.206042	14.8421
	12	crl	0.43283	22.9613
	12	dup	0.497754	25.2856
	12	crl	0.551768	27.2193
	12	crg	0.603876	29.0848
	12	del	0.701663	32.5857
	12	crg	0.747763	34.2361
	12	del	0.766158	34.8947
	12	del	0.967665	42.1088
	7	dup	0.218108	48.8769
	7	crg	0.248339	49.6546
	7	crg	0.293599	50.8188
	7	crg	0.382493	53.1055
	7	dup	0.5106	56.4009
	7	dup	0.623246	59.2986
	7	dup	0.633305	59.5574
	7	crl	0.74668	62.4738
	7	del	0.83421	64.7254
	7	crg	0.86152	65.4279
	4	crg	0.0210837	69.1557
	4	crg	0.127924	69.9944
	4	crl	0.406567	72.1817
	4	crg	0.596865	73.6755
	1	del	0.00806789	77.2747
	1	del	0.028003	78.3483
	1	dup	0.125266	83.5866
	1	crg	0.13013	83.8485
	1	crl	0.135325	84.1283
	1	del	0.22158	88.7737
	1	crl	0.292778	92.6082
	1	crg	0.336479	94.9618
	1	crg	0.391633	97.9322
	1	crg	0.595304	108.901
	1	crl	0.665421	112.677
	1	crl	0.688408	113.915
	1	crl	0.729038	116.104
	1	crg	0.751395	117.308
	1	del	0.767054	118.151
	1	dup	0.81701	120.842
	1	crl	0.85245	122.75
	1	dup	0.920789	126.431
	1	crl	0.992962	130.318

MUTATIONS   (4)  dup, deln, crl, crg, wgd:	18	10	11	12	0
	eid	type	time
	19	crl	0.839871	0.813059
	17	del	0.0759731	5.63644
	17	crg	0.127207	8.78465
	17	dup	0.154787	10.4794
	17	dup	0.156639	10.5932
	17	crl	0.172162	11.547
	17	del	0.217875	14.3559
	17	dup	0.234334	15.3673
	17	del	0.244311	15.9804
	17	crl	0.24689	16.1389
	17	crg	0.336104	21.6209
	17	dup	0.375485	24.0407
	17	crg	0.430895	27.4456
	17	dup	0.462887	29.4114
	17	crg	0.539838	34.1399
	17	crl	0.574774	36.2866
	17	crg	0.614291	38.7148
	17	dup	0.628325	39.5772
	17	dup	0.649676	40.8891
	17	crg	0.650209	40.9219
	17	del	0.693276	43.5682
	17	crg	0.797849	49.994
	17	crl	0.868981	54.3649
	17	crl	0.878801	54.9683
	17	crg	0.884489	55.3178
	17	dup	0.93262	58.2754
	17	crl	0.99285	61.9763
	5	del	0.0419594	65.2807
	5	del	0.0547498	66.1541
	5	crg	0.0650754	66.8591
	5	dup	0.069088	67.1331
	5	crl	0.095294	68.9225
	5	crl	0.136961	71.7675
	5	dup	0.187634	75.2275
	5	crg	0.21706	77.2368
	5	dup	0.259902	80.1621
	5	crg	0.342526	85.8038
	5	dup	0.347201	86.123
	5	dup	0.42151	91.1968
	5	dup	0.484124	95.4722
	5	dup	0.498787	96.4734
	5	dup	0.512279	97.3946
	5	del	0.587315	102.518
	5	crl	0.607913	103.925
	5	crg	0.609962	104.065
	5	del	0.622784	104.94
	5	crl	0.634254	105.723
	5	del	0.674021	108.439
	5	dup	0.69778	110.061
	5	dup	0.827966	118.95
	5	del	0.888021	123.051

MUTATIONS   (5)  dup, deln, crl, crg, wgd:	8	20	14	9	0
	eid	type	time
	19	crl	0.839871	0.813059
	18	del	0.128945	1.01237
	18	del	0.9872	1.30718
	15	dup	0.309171	1.70114
	14	del	0.598954	5.50291
	14	del	0.91177	7.03384
	12	del	0.0795787	10.3146
	12	dup	0.206042	14.8421
	12	crl	0.43283	22.9613
	12	dup	0.497754	25.2856
	12	crl	0.551768	27.2193
	12	crg	0.603876	29.0848
	12	del	0.701663	32.5857
	12	crg	0.747763	34.2361
	12	del	0.766158	34.8947
	12	del	0.967665	42.1088
	8	dup	0.00814952	43.9789
	8	del	0.029037	45.8051
	8	crg	0.0623787	48.7202
	8	crg	0.0695162	49.3442
	8	crg	0.119883	53.7478
	8	del	0.130802	54.7024
	8	del	0.143394	55.8034
	8	crl	0.15946	57.208
	8	del	0.235168	63.8272
	8	dup	0.237158	64.0012
	8	dup	0.245231	64.707
	8	crl	0.254124	65.4846
	8	crl	0.256976	65.7339
	8	crl	0.266373	66.5554
	8	crl	0.279036	67.6626
	8	del	0.311837	70.5304
	8	crg	0.35127	73.978
	8	del	0.358305	74.5931
	8	crl	0.387404	77.1373
	8	del	0.405424	78.7128
	8	del	0.415531	79.5964
	8	del	0.462872	83.7354
	8	crg	0.476592	84.935
	8	crg	0.49547	86.5855
	8	dup	0.501689	87.1292
	8	del	0.583392	94.2726
	8	crl	0.597895	95.5405
	8	crl	0.609342	96.5413
	8	del	0.635615	98.8384
	8	del	0.735312	107.555
	8	dup	0.744062	108.32
	8	crg	0.776068	111.118
	8	crl	0.783905	111.803
	8	crl	0.803316	113.501
	8	crl	0.857877	118.271

MUTATIONS   (6)  dup, deln, crl, crg, wgd:	12	11	12	15	0
	eid	type	time
	19	crl	0.839871	0.813059
	18	del	0.128945	1.01237
	18	del	0.9872	1.30718
	15	dup	0.309171	1.70114
	14	del	0.598954	5.50291
	14	del	0.91177	7.03384
	12	del	0.0795787	10.3146
	12	dup	0.206042	14.8421
	12	crl	0.43283	22.9613
	12	dup	0.497754	25.2856
	12	crl	0.551768	27.2193
	12	crg	0.603876	29.0848
	12	del	0.701663	32.5857
	12	crg	0.747763	34.2361
	12	del	0.766158	34.8947
	12	del	0.967665	42.1088
	7	dup	0.218108	48.8769
	7	crg	0.248339	49.6546
	7	crg	0.293599	50.8188
	7	crg	0.382493	53.1055
	7	dup	0.5106	56.4009
	7	dup	0.623246	59.2986
	7	dup	0.633305	59.5574
	7	crl	0.74668	62.4738
	7	del	0.83421	64.7254
	7	crg	0.86152	65.4279
	4	crg	0.0210837	69.1557
	4	crg	0.127924	69.9944
	4	crl	0.406567	72.1817
	4	crg	0.596865	73.6755
	2	crg	0.0191752	77.8729
	2	crg	0.0265498	78.2701
	2	crl	0.0325625	78.5939
	2	crl	0.19088	87.1203
	2	dup	0.199777	87.5995
	2	dup	0.230349	89.246
	2	crl	0.28032	91.9372
	2	del	0.334552	94.858
	2	crl	0.449057	101.025
	2	crl	0.529053	105.333
	2	dup	0.538184	105.825
	2	dup	0.576722	107.9
	2	crl	0.639564	111.285
	2	del	0.775047	118.582
	2	crg	0.811753	120.558
	2	dup	0.830065	121.545
	2	crg	0.832249	121.662
	2	crl	0.86352	123.346
	2	crg	0.865308	123.443
	2	crg	0.951035	128.06

MUTATIONS   (7)  dup, deln, crl, crg, wgd:	17	10	14	21	0
	eid	type	time
	19	crl	0.839871	0.813059
	17	del	0.0759731	5.63644
	17	crg	0.127207	8.78465
	17	dup	0.154787	10.4794
	17	dup	0.156639	10.5932
	17	crl	0.172162	11.547
	17	del	0.217875	14.3559
	17	dup	0.234334	15.3673
	17	del	0.244311	15.9804
	17	crl	0.24689	16.1389
	17	crg	0.336104	21.6209
	17	dup	0.375485	24.0407
	17	crg	0.430895	27.4456
	17	dup	0.462887	29.4114
	17	crg	0.539838	34.1399
	17	crl	0.574774	36.2866
	17	crg	0.614291	38.7148
	17	dup	0.628325	39.5772
	17	dup	0.649676	40.8891
	17	crg	0.650209	40.9219
	17	del	0.693276	43.5682
	17	crg	0.797849	49.994
	17	crl	0.868981	54.3649
	17	crl	0.878801	54.9683
	17	crg	0.884489	55.3178
	17	dup	0.93262	58.2754
	17	crl	0.99285	61.9763
	6	dup	0.0857887	68.2734
	6	crl	0.104256	69.5344
	6	crg	0.118067	70.4775
	6	dup	0.119389	70.5677
	6	crg	0.138258	71.8561
	6	crl	0.213974	77.026
	6	crg	0.215043	77.0991
	6	crg	0.218619	77.3433
	6	del	0.254774	79.8119
	6	del	0.256902	79.9572
	6	crg	0.25824	80.0486
	6	dup	0.308329	83.4687
	6	crl	0.338046	85.4978
	6	dup	0.350209	86.3283
	6	crg	0.379462	88.3258
	6	dup	0.478358	95.0785
	6	crg	0.498535	96.4562
	6	dup	0.500535	96.5928
	6	crl	0.537676	99.1288
	6	dup	0.566019	101.064
	6	dup	0.581102	102.094
	6	del	0.60596	103.791
	6	dup	0.673407	108.397
	6	crl	0.695278	109.89
	6	crg	0.723376	111.809
	6	crg	0.729281	112.212
	6	crg	0.739385	112.902
	6	del	0.781697	115.791
	6	crg	0.829878	119.081
	6	crg	0.85429	120.748
	6	crl	0.932875	126.113
	6	del	0.971059	128.721
	6	crg	0.973985	128.92
	6	del	0.975695	129.037
	6	crl	0.980362	129.356

MUTATIONS   (8)  dup, deln, crl, crg, wgd:	14	20	13	10	0
	eid	type	time
	19	crl	0.839871	0.813059
	18	del	0.128945	1.01237
	18	del	0.9872	1.30718
	15	dup	0.309171	1.70114
	13	del	0.384774	5.92593
	13	crg	0.561792	7.46911
	9	dup	0.0263318	14.4335
	9	dup	0.0294141	14.8015
	9	crl	0.04363	16.499
	9	crl	0.0630145	18.8136
	9	del	0.0642583	18.9622
	9	crl	0.0929403	22.387
	9	del	0.106049	23.9523
	9	crg	0.118705	25.4635
	9	del	0.124302	26.1319
	9	crg	0.16887	31.4536
	9	crg	0.178137	32.5601
	9	crl	0.17993	32.7742
	9	crg	0.182363	33.0647
	9	crg	0.189133	33.8731
	9	del	0.197091	34.8234
	9	del	0.277248	44.3947
	9	dup	0.33256	50.9993
	9	crl	0.357825	54.0163
	9	del	0.35831	54.0741
	9	dup	0.360638	54.3521
	9	dup	0.367874	55.2162
	9	crl	0.397215	58.7197
	9	del	0.41168	60.4469
	9	crg	0.491641	69.9948
	9	del	0.503003	71.3515
	9	del	0.524433	73.9105
	9	del	0.53117	74.7149
	9	crl	0.545656	76.4447
	9	dup	0.551748	77.1721
	9	crl	0.589245	81.6495
	9	crl	0.607976	83.8862
	9	dup	0.60874	83.9774
	9	crl	0.646578	88.4954
	9	del	0.707311	95.7475
	9	dup	0.717649	96.9819
	9	del	0.734758	99.0248
	9	dup	0.741183	99.7921
	9	crl	0.744805	100.224
	9	crl	0.751731	101.052
	9	del	0.763321	102.435
	9	crg	0.769637	103.19
	9	dup	0.801953	107.048
	9	del	0.843836	112.05
	9	dup	0.87235	115.454
	9	crg	0.878133	116.145
	9	del	0.878659	116.208
	9	dup	0.915006	120.548
	9	crg	0.926891	121.967
	9	del	0.94214	123.788
	9	del	0.988071	129.272
	9	dup	0.997693	130.421

MUTATIONS   (9)  dup, deln, crl, crg, wgd:	15	17	9	12	1
	eid	type	time
	19	crl	0.839871	0.813059
	18	del	0.128945	1.01237
	18	del	0.9872	1.30718
	15	dup	0.309171	1.70114
	13	del	0.384774	5.92593
	13	crg	0.561792	7.46911
	10	dup	0.0123538	12.7644
	10	crg	0.0167581	13.2903
	10	dup	0.0498821	17.2455
	10	crg	0.084877	21.4242
	10	dup	0.0977247	22.9583
	10	dup	0.104945	23.8205
	10	crl	0.120156	25.6368
	10	del	0.133393	27.2173
	10	crg	0.166054	31.1173
	10	crg	0.205457	35.8224
	10	del	0.310323	48.3442
	10	dup	0.310926	48.4162
	10	dup	0.35191	53.31
	10	del	0.375208	56.0919
	10	dup	0.406233	59.7965
	10	crl	0.470697	67.4939
	10	crl	0.477315	68.2842
	10	del	0.491996	70.0373
	10	crl	0.497788	70.7288
	10	del	0.502755	71.322
	10	dup	0.503734	71.4388
	10	crl	0.514042	72.6698
	10	del	0.524612	73.9318
	10	del	0.554434	77.4928
	10	crg	0.573567	79.7774
	10	crg	0.601759	83.1438
	10	del	0.602009	83.1736
	10	del	0.619539	85.2669
	10	crg	0.649849	88.8861
	10	wgd	0.655306	89.5377
	10	dup	0.704219	95.3783
	10	dup	0.70686	95.6936
	10	crl	0.709017	95.9512
	10	dup	0.713037	96.4312
	10	del	0.716741	96.8735
	10	del	0.724465	97.7958
	10	crl	0.773642	103.668
	10	dup	0.774238	103.739
	10	del	0.798108	106.589
	10	del	0.878978	116.246
	10	crg	0.889622	117.517
	10	del	0.889934	117.554
	10	crg	0.900457	118.811
	10	crg	0.916185	120.689
	10	crl	0.921628	121.338
	10	crg	0.922579	121.452
	10	dup	0.925325	121.78
	10	dup	0.960297	125.956

MUTATIONS   (10)  dup, deln, crl, crg, wgd:	14	16	24	16	0
	eid	type	time
	19	crl	0.839871	0.813059
	18	del	0.128945	1.01237
	18	del	0.9872	1.30718
	15	dup	0.309171	1.70114
	14	del	0.598954	5.50291
	14	del	0.91177	7.03384
	11	crl	0.00450557	8.02087
	11	crl	0.0164114	9.48803
	11	crl	0.0209144	10.0429
	11	dup	0.0263971	10.7186
	11	crl	0.0708339	16.1946
	11	crg	0.0948206	19.1505
	11	dup	0.103758	20.2518
	11	crl	0.13175	23.7014
	11	crl	0.147784	25.6772
	11	dup	0.218802	34.4288
	11	del	0.229821	35.7867
	11	crg	0.234038	36.3064
	11	crl	0.238016	36.7967
	11	crg	0.256292	39.0488
	11	crg	0.261978	39.7495
	11	crl	0.279191	41.8707
	11	dup	0.299749	44.404
	11	dup	0.323067	47.2775
	11	dup	0.337003	48.9948
	11	del	0.345391	50.0285
	11	crg	0.348416	50.4014
	11	crg	0.354758	51.1829
	11	crg	0.368449	52.87
	11	del	0.377092	53.9351
	11	crl	0.384412	54.8371
	11	crl	0.387568	55.2261
	11	del	0.412634	58.315
	11	crg	0.456931	63.7737
	11	dup	0.459977	64.1491
	11	crl	0.465224	64.7957
	11	crl	0.480462	66.6735
	11	crl	0.485862	67.339
	11	del	0.493059	68.2258
	11	crg	0.505823	69.7988
	11	crl	0.50867	70.1496
	11	crg	0.52517	72.1829
	11	crg	0.531977	73.0217
	11	crl	0.534812	73.3711
	11	crl	0.567683	77.4218
	11	crl	0.578943	78.8095
	11	dup	0.584114	79.4467
	11	dup	0.591757	80.3885
	11	del	0.603468	81.8317
	11	crg	0.631633	85.3025
	11	crl	0.635677	85.8009
	11	crl	0.678611	91.0916
	11	crg	0.687374	92.1715
	11	crl	0.691536	92.6844
	11	del	0.7162	95.7238
	11	crl	0.72016	96.2117
	11	crg	0.722678	96.5221
	11	dup	0.751823	100.114
	11	del	0.774563	102.916
	11	crg	0.780142	103.603
	11	del	0.782772	103.928
	11	dup	0.799646	106.007
	11	dup	0.813276	107.687
	11	dup	0.83058	109.819
	11	crl	0.853781	112.678
	11	crl	0.862152	113.71
	11	del	0.882516	116.219
	11	del	0.906125	119.128
	11	del	0.916352	120.389
	11	crg	0.990621	129.541

MUTATIONS   (11)  dup, deln, crl, crg, wgd:	0	0	0	0	0
	eid	type	time

