NODE TIMES:	nid	time
	1	128.928
	2	128.928
	3	128.928
	4	128.928
	5	128.928
	6	128.928
	7	128.928
	8	128.928
	9	128.928
	10	128.928
	11	0
	12	0
	13	84.7985
	14	83.3893
	15	46.1165
	16	24.0239
	17	20.141
	18	6.75443
	19	3.03819
	20	2.59895
	21	0.551413

ANCESTRY    (1)	19 (12 -> 21) 	18 (21 -> 19) 	14 (19 -> 17) 	9 (17 -> 1) 
ANCESTRY    (2)	19 (12 -> 21) 	18 (21 -> 19) 	14 (19 -> 17) 	10 (17 -> 13) 	1 (13 -> 2) 
ANCESTRY    (3)	19 (12 -> 21) 	17 (21 -> 20) 	16 (20 -> 18) 	12 (18 -> 3) 
ANCESTRY    (4)	19 (12 -> 21) 	17 (21 -> 20) 	16 (20 -> 18) 	11 (18 -> 14) 	3 (14 -> 4) 
ANCESTRY    (5)	19 (12 -> 21) 	18 (21 -> 19) 	13 (19 -> 5) 
ANCESTRY    (6)	19 (12 -> 21) 	17 (21 -> 20) 	15 (20 -> 16) 	8 (16 -> 6) 
ANCESTRY    (7)	19 (12 -> 21) 	17 (21 -> 20) 	15 (20 -> 16) 	7 (16 -> 15) 	5 (15 -> 7) 
ANCESTRY    (8)	19 (12 -> 21) 	18 (21 -> 19) 	14 (19 -> 17) 	10 (17 -> 13) 	2 (13 -> 8) 
ANCESTRY    (9)	19 (12 -> 21) 	17 (21 -> 20) 	16 (20 -> 18) 	11 (18 -> 14) 	4 (14 -> 9) 
ANCESTRY    (10)	19 (12 -> 21) 	17 (21 -> 20) 	15 (20 -> 16) 	7 (16 -> 15) 	6 (15 -> 10) 
ANCESTRY    (11)	20 (12 -> 11) 

MUTATIONS   (1)  dup, deln, crl, crg, wgd:	17	11	14	12	0
	eid	type	time
	18	crl	0.219456	1.09715
	14	crl	0.00338769	3.09613
	14	del	0.108588	4.89535
	14	crl	0.150885	5.61876
	14	dup	0.756423	15.9752
	14	del	0.836452	17.3439
	14	dup	0.981769	19.8292
	9	del	0.00128547	20.2808
	9	crg	0.0128704	21.5411
	9	crg	0.0233367	22.6797
	9	dup	0.0817341	29.0326
	9	crl	0.0967007	30.6608
	9	del	0.108824	31.9796
	9	crg	0.120755	33.2776
	9	crg	0.122629	33.4815
	9	dup	0.187829	40.5743
	9	dup	0.247174	47.0303
	9	dup	0.249032	47.2324
	9	del	0.271079	49.6308
	9	dup	0.27957	50.5546
	9	dup	0.318766	54.8186
	9	dup	0.324265	55.4169
	9	dup	0.333004	56.3675
	9	crl	0.346458	57.8312
	9	del	0.353054	58.5487
	9	crg	0.353255	58.5706
	9	crl	0.374688	60.9022
	9	crl	0.386026	62.1357
	9	del	0.450136	69.11
	9	crl	0.459314	70.1084
	9	dup	0.469257	71.1901
	9	crg	0.487488	73.1734
	9	del	0.541744	79.0758
	9	dup	0.552202	80.2135
	9	crl	0.556814	80.7151
	9	crl	0.592624	84.6109
	9	dup	0.610631	86.5698
	9	crg	0.645772	90.3926
	9	dup	0.655046	91.4015
	9	crg	0.669478	92.9716
	9	dup	0.785898	105.637
	9	crg	0.803863	107.591
	9	crl	0.823389	109.715
	9	del	0.860726	113.777
	9	crg	0.860815	113.787
	9	del	0.881989	116.09
	9	dup	0.884141	116.324
	9	crl	0.891498	117.124
	9	crl	0.912394	119.398
	9	crg	0.915308	119.715
	9	del	0.917813	119.987
	9	crg	0.931504	121.477
	9	dup	0.964896	125.109
	9	crl	0.997664	128.674

MUTATIONS   (2)  dup, deln, crl, crg, wgd:	18	11	12	14	0
	eid	type	time
	18	crl	0.219456	1.09715
	14	crl	0.00338769	3.09613
	14	del	0.108588	4.89535
	14	crl	0.150885	5.61876
	14	dup	0.756423	15.9752
	14	del	0.836452	17.3439
	14	dup	0.981769	19.8292
	10	dup	0.100891	26.6643
	10	crg	0.102297	26.7552
	10	dup	0.141656	29.3001
	10	crg	0.213917	33.9723
	10	crl	0.215358	34.0655
	10	crg	0.322714	41.0069
	10	del	0.34418	42.3948
	10	crg	0.407824	46.5098
	10	crg	0.46229	50.0315
	10	crl	0.53198	54.5375
	10	crg	0.549236	55.6532
	10	crl	0.549944	55.699
	10	del	0.569378	56.9555
	10	dup	0.582332	57.7931
	10	crl	0.625099	60.5583
	10	dup	0.687906	64.6193
	10	crg	0.715893	66.4288
	10	crg	0.736625	67.7693
	10	dup	0.820489	73.1917
	10	dup	0.836689	74.2392
	10	dup	0.925626	79.9896
	10	crl	0.939786	80.9051
	10	del	0.984267	83.7812
	1	del	0.0568841	87.3087
	1	del	0.0856403	88.5777
	1	crl	0.161992	91.9471
	1	del	0.213036	94.1997
	1	crg	0.244713	95.5976
	1	crl	0.36957	101.107
	1	dup	0.37285	101.252
	1	crg	0.402857	102.576
	1	del	0.4709	105.579
	1	crl	0.500607	106.89
	1	crg	0.502073	106.955
	1	del	0.53831	108.554
	1	dup	0.582184	110.49
	1	dup	0.625336	112.394
	1	dup	0.641703	113.117
	1	crl	0.663862	114.094
	1	dup	0.687788	115.15
	1	dup	0.73631	117.292
	1	dup	0.77919	119.184
	1	dup	0.836537	121.715
	1	del	0.885088	123.857
	1	crg	0.91416	125.14
	1	crg	0.928891	125.79
	1	dup	0.960057	127.165
	1	crg	0.993376	128.636

MUTATIONS   (3)  dup, deln, crl, crg, wgd:	18	12	8	12	0
	eid	type	time
	17	dup	0.712556	2.0104
	16	dup	0.632719	5.2282
	12	del	0.028962	10.2928
	12	crl	0.0311149	10.5558
	12	del	0.0400083	11.6424
	12	del	0.0792886	16.4414
	12	crl	0.0798036	16.5043
	12	dup	0.0909573	17.867
	12	dup	0.154831	25.6706
	12	dup	0.155603	25.765
	12	del	0.167557	27.2255
	12	dup	0.189852	29.9493
	12	del	0.23747	35.7669
	12	del	0.2391	35.9662
	12	crl	0.258613	38.3502
	12	crl	0.27411	40.2434
	12	crg	0.309197	44.5302
	12	dup	0.327741	46.7957
	12	crg	0.365531	51.4127
	12	dup	0.397827	55.3584
	12	crg	0.400986	55.7444
	12	del	0.426521	58.864
	12	crg	0.460738	63.0445
	12	crl	0.463224	63.3482
	12	del	0.481328	65.5601
	12	crg	0.545253	73.37
	12	dup	0.550147	73.9679
	12	dup	0.584719	78.1917
	12	crl	0.60822	81.0629
	12	dup	0.643364	85.3566
	12	crl	0.676198	89.3681
	12	crg	0.684449	90.3761
	12	dup	0.705549	92.9539
	12	dup	0.71982	94.6975
	12	crg	0.743084	97.5397
	12	dup	0.78188	102.28
	12	crg	0.790092	103.283
	12	dup	0.824446	107.48
	12	dup	0.844635	109.947
	12	crg	0.872087	113.301
	12	del	0.880909	114.378
	12	del	0.883027	114.637
	12	del	0.884484	114.815
	12	crl	0.897704	116.43
	12	dup	0.925106	119.778
	12	dup	0.945948	122.324
	12	crg	0.946449	122.386
	12	crg	0.963657	124.488
	12	del	0.970789	125.359
	12	crg	0.990662	127.787

MUTATIONS   (4)  dup, deln, crl, crg, wgd:	10	10	7	15	0
	eid	type	time
	17	dup	0.712556	2.0104
	16	dup	0.632719	5.2282
	11	crl	0.0148848	7.89512
	11	crl	0.10385	14.713
	11	crg	0.160202	19.0315
	11	dup	0.248767	25.8187
	11	crg	0.287189	28.7631
	11	crg	0.32424	31.6025
	11	crl	0.498063	44.9235
	11	dup	0.52139	46.7111
	11	crg	0.530513	47.4102
	11	dup	0.648528	56.4543
	11	crg	0.733819	62.9906
	11	del	0.737763	63.2928
	11	crl	0.775658	66.1969
	11	crg	0.815231	69.2296
	11	crg	0.816984	69.364
	11	crl	0.952437	79.7443
	11	del	0.976222	81.5671
	11	dup	0.979872	81.8468
	3	del	0.021998	84.3911
	3	crg	0.0319636	84.8449
	3	crg	0.0866828	87.3368
	3	crg	0.0910201	87.5343
	3	dup	0.19586	92.3086
	3	del	0.22307	93.5476
	3	del	0.240731	94.3519
	3	dup	0.253674	94.9414
	3	del	0.428205	102.889
	3	del	0.432909	103.103
	3	crl	0.436889	103.285
	3	crg	0.683322	114.507
	3	dup	0.684982	114.583
	3	crl	0.692356	114.918
	3	crg	0.696619	115.112
	3	dup	0.790476	119.387
	3	del	0.855725	122.358
	3	crg	0.859882	122.547
	3	crg	0.860811	122.59
	3	del	0.93565	125.998
	3	crg	0.949772	126.641
	3	del	0.981508	128.086

MUTATIONS   (5)  dup, deln, crl, crg, wgd:	22	14	11	12	0
	eid	type	time
	18	crl	0.219456	1.09715
	13	dup	0.01507	4.93535
	13	crg	0.0194429	5.48585
	13	crl	0.0473812	9.00301
	13	crl	0.0859266	13.8555
	13	crg	0.0877726	14.0879
	13	del	0.0936897	14.8328
	13	dup	0.128468	19.211
	13	crl	0.132144	19.6738
	13	dup	0.140286	20.6988
	13	crl	0.189443	26.8872
	13	dup	0.205065	28.8538
	13	del	0.224621	31.3157
	13	crg	0.2519	34.7499
	13	dup	0.27238	37.328
	13	crg	0.278791	38.1352
	13	del	0.313251	42.4734
	13	del	0.32023	43.3519
	13	dup	0.329484	44.5168
	13	del	0.357094	47.9927
	13	crl	0.359158	48.2526
	13	del	0.36133	48.526
	13	dup	0.363297	48.7736
	13	dup	0.3648	48.9628
	13	dup	0.391622	52.3394
	13	dup	0.401203	53.5456
	13	crl	0.437974	58.1747
	13	del	0.442075	58.6909
	13	crg	0.462911	61.314
	13	dup	0.524501	69.0676
	13	dup	0.53289	70.1236
	13	crg	0.53382	70.2407
	13	dup	0.558143	73.3028
	13	dup	0.569718	74.7599
	13	dup	0.595288	77.979
	13	crg	0.599898	78.5592
	13	crg	0.609689	79.7918
	13	crl	0.615728	80.5522
	13	dup	0.618218	80.8656
	13	del	0.625051	81.7258
	13	crg	0.625741	81.8127
	13	crl	0.627537	82.0387
	13	del	0.636434	83.1588
	13	crl	0.638953	83.4759
	13	dup	0.640802	83.7086
	13	del	0.741321	96.3631
	13	del	0.742001	96.4486
	13	dup	0.752052	97.714
	13	crg	0.764098	99.2304
	13	dup	0.799177	103.647
	13	del	0.806238	104.535
	13	dup	0.815955	105.759
	13	del	0.833523	107.97
	13	dup	0.892943	115.451
	13	crl	0.902747	116.685
	13	crg	0.905091	116.98
	13	crg	0.987341	127.334
	13	dup	0.990258	127.702
	13	del	0.997268	128.584

MUTATIONS   (6)  dup, deln, crl, crg, wgd:	18	9	16	15	0
	eid	type	time
	17	dup	0.712556	2.0104
	15	crl	0.0590933	3.86502
	15	del	0.105863	4.86705
	15	dup	0.155512	5.93078
	15	crg	0.234598	7.6252
	15	crg	0.408967	11.361
	15	dup	0.436055	11.9414
	15	dup	0.547917	14.338
	15	dup	0.589293	15.2245
	15	crg	0.595684	15.3614
	15	dup	0.756926	18.816
	15	del	0.837792	20.5486
	15	crl	0.895317	21.7811
	15	del	0.903193	21.9498
	8	dup	0.00417594	24.462
	8	dup	0.0153122	25.6302
	8	crg	0.0172238	25.8307
	8	dup	0.0242438	26.5672
	8	crl	0.0279492	26.9559
	8	crg	0.0503691	29.3078
	8	crl	0.0667872	31.0301
	8	crl	0.0910703	33.5775
	8	dup	0.199059	44.906
	8	dup	0.213439	46.4145
	8	dup	0.265669	51.8937
	8	dup	0.289326	54.3754
	8	del	0.295787	55.0532
	8	dup	0.323013	57.9093
	8	del	0.4007	66.059
	8	crg	0.404913	66.501
	8	del	0.405389	66.5509
	8	crl	0.419966	68.08
	8	crl	0.471992	73.5378
	8	crl	0.474709	73.8229
	8	del	0.495773	76.0325
	8	dup	0.508775	77.3965
	8	crg	0.514435	77.9903
	8	crg	0.515305	78.0815
	8	crl	0.516984	78.2576
	8	del	0.528215	79.4358
	8	dup	0.546579	81.3623
	8	del	0.552071	81.9384
	8	crl	0.646203	91.8132
	8	crg	0.651875	92.4083
	8	crl	0.684338	95.8138
	8	crl	0.718014	99.3466
	8	crg	0.718884	99.4379
	8	crg	0.740826	101.74
	8	crg	0.761308	103.888
	8	crg	0.762013	103.962
	8	dup	0.769102	104.706
	8	crl	0.817378	109.77
	8	crl	0.824112	110.477
	8	crl	0.847485	112.929
	8	crg	0.854554	113.67
	8	dup	0.864856	114.751
	8	crl	0.966907	125.456
	8	crg	0.998817	128.804

MUTATIONS   (7)  dup, deln, crl, crg, wgd:	13	20	17	14	0
	eid	type	time
	17	dup	0.712556	2.0104
	15	crl	0.0590933	3.86502
	15	del	0.105863	4.86705
	15	dup	0.155512	5.93078
	15	crg	0.234598	7.6252
	15	crg	0.408967	11.361
	15	dup	0.436055	11.9414
	15	dup	0.547917	14.338
	15	dup	0.589293	15.2245
	15	crg	0.595684	15.3614
	15	dup	0.756926	18.816
	15	del	0.837792	20.5486
	15	crl	0.895317	21.7811
	15	del	0.903193	21.9498
	7	del	0.0724404	25.6243
	7	del	0.138708	27.0883
	7	del	0.221343	28.9139
	7	crl	0.27177	30.028
	7	crl	0.374136	32.2895
	7	del	0.429819	33.5197
	7	del	0.438113	33.7029
	7	crl	0.670227	38.8309
	7	crl	0.678838	39.0212
	7	crg	0.805221	41.8133
	7	del	0.911796	44.1678
	7	crg	0.985959	45.8063
	5	crg	0.00356347	46.4116
	5	dup	0.0256388	48.2397
	5	dup	0.0488771	50.1641
	5	dup	0.0815705	52.8715
	5	del	0.082674	52.9628
	5	crg	0.0868399	53.3078
	5	crg	0.0988741	54.3044
	5	del	0.126695	56.6083
	5	del	0.144758	58.1041
	5	crl	0.152532	58.7479
	5	crl	0.1535	58.8281
	5	crl	0.169186	60.127
	5	crg	0.176148	60.7036
	5	del	0.213655	63.8096
	5	crg	0.343421	74.5557
	5	dup	0.371133	76.8506
	5	crl	0.410986	80.1509
	5	crl	0.438472	82.4271
	5	crl	0.438853	82.4586
	5	crg	0.445728	83.028
	5	del	0.504253	87.8745
	5	dup	0.513535	88.6432
	5	crg	0.548969	91.5775
	5	crl	0.575952	93.812
	5	crl	0.589113	94.9019
	5	del	0.61514	97.0572
	5	crg	0.649025	99.8633
	5	crl	0.691928	103.416
	5	del	0.701171	104.182
	5	dup	0.72948	106.526
	5	crl	0.771253	109.985
	5	crl	0.772717	110.106
	5	del	0.773979	110.211
	5	del	0.778639	110.597
	5	del	0.80015	112.378
	5	del	0.896232	120.335
	5	crg	0.911247	121.578
	5	dup	0.978712	127.165

MUTATIONS   (8)  dup, deln, crl, crg, wgd:	11	8	10	12	0
	eid	type	time
	18	crl	0.219456	1.09715
	14	crl	0.00338769	3.09613
	14	del	0.108588	4.89535
	14	crl	0.150885	5.61876
	14	dup	0.756423	15.9752
	14	del	0.836452	17.3439
	14	dup	0.981769	19.8292
	10	dup	0.100891	26.6643
	10	crg	0.102297	26.7552
	10	dup	0.141656	29.3001
	10	crg	0.213917	33.9723
	10	crl	0.215358	34.0655
	10	crg	0.322714	41.0069
	10	del	0.34418	42.3948
	10	crg	0.407824	46.5098
	10	crg	0.46229	50.0315
	10	crl	0.53198	54.5375
	10	crg	0.549236	55.6532
	10	crl	0.549944	55.699
	10	del	0.569378	56.9555
	10	dup	0.582332	57.7931
	10	crl	0.625099	60.5583
	10	dup	0.687906	64.6193
	10	crg	0.715893	66.4288
	10	crg	0.736625	67.7693
	10	dup	0.820489	73.1917
	10	dup	0.836689	74.2392
	10	dup	0.925626	79.9896
	10	crl	0.939786	80.9051
	10	del	0.984267	83.7812
	2	del	0.00752629	85.1306
	2	crg	0.0117528	85.3171
	2	crg	0.118758	90.0392
	2	crl	0.178678	92.6834
	2	crg	0.464648	105.303
	2	del	0.486957	106.288
	2	crl	0.584001	110.57
	2	dup	0.587679	110.733
	2	crg	0.633753	112.766
	2	dup	0.762928	118.466
	2	del	0.919782	125.388

MUTATIONS   (9)  dup, deln, crl, crg, wgd:	6	4	10	11	0
	eid	type	time
	17	dup	0.712556	2.0104
	16	dup	0.632719	5.2282
	11	crl	0.0148848	7.89512
	11	crl	0.10385	14.713
	11	crg	0.160202	19.0315
	11	dup	0.248767	25.8187
	11	crg	0.287189	28.7631
	11	crg	0.32424	31.6025
	11	crl	0.498063	44.9235
	11	dup	0.52139	46.7111
	11	crg	0.530513	47.4102
	11	dup	0.648528	56.4543
	11	crg	0.733819	62.9906
	11	del	0.737763	63.2928
	11	crl	0.775658	66.1969
	11	crg	0.815231	69.2296
	11	crg	0.816984	69.364
	11	crl	0.952437	79.7443
	11	del	0.976222	81.5671
	11	dup	0.979872	81.8468
	4	crl	0.176245	91.4153
	4	crg	0.211229	93.0084
	4	crg	0.25507	95.0049
	4	crg	0.268146	95.6004
	4	crl	0.369885	100.233
	4	del	0.575599	109.601
	4	crl	0.625305	111.865
	4	crl	0.776652	118.757
	4	crg	0.889263	123.885
	4	del	0.963311	127.257
	4	crl	0.994271	128.667

MUTATIONS   (10)  dup, deln, crl, crg, wgd:	15	16	13	14	0
	eid	type	time
	17	dup	0.712556	2.0104
	15	crl	0.0590933	3.86502
	15	del	0.105863	4.86705
	15	dup	0.155512	5.93078
	15	crg	0.234598	7.6252
	15	crg	0.408967	11.361
	15	dup	0.436055	11.9414
	15	dup	0.547917	14.338
	15	dup	0.589293	15.2245
	15	crg	0.595684	15.3614
	15	dup	0.756926	18.816
	15	del	0.837792	20.5486
	15	crl	0.895317	21.7811
	15	del	0.903193	21.9498
	7	del	0.0724404	25.6243
	7	del	0.138708	27.0883
	7	del	0.221343	28.9139
	7	crl	0.27177	30.028
	7	crl	0.374136	32.2895
	7	del	0.429819	33.5197
	7	del	0.438113	33.7029
	7	crl	0.670227	38.8309
	7	crl	0.678838	39.0212
	7	crg	0.805221	41.8133
	7	del	0.911796	44.1678
	7	crg	0.985959	45.8063
	6	dup	0.00114357	46.2112
	6	crg	0.0484439	50.1282
	6	del	0.0802804	52.7646
	6	crg	0.126976	56.6315
	6	dup	0.25404	67.1539
	6	dup	0.259274	67.5874
	6	crg	0.264089	67.9861
	6	crl	0.266114	68.1538
	6	crl	0.301133	71.0538
	6	dup	0.309596	71.7547
	6	crl	0.324138	72.9589
	6	crg	0.33613	73.9519
	6	del	0.349235	75.0372
	6	crg	0.384918	77.9922
	6	crg	0.427066	81.4825
	6	del	0.427081	81.4838
	6	crl	0.434642	82.1099
	6	dup	0.442428	82.7546
	6	crg	0.455906	83.8708
	6	crl	0.459628	84.179
	6	crg	0.459679	84.1832
	6	del	0.477742	85.6791
	6	dup	0.482025	86.0337
	6	del	0.512819	88.5838
	6	crl	0.513979	88.6799
	6	dup	0.535394	90.4533
	6	crl	0.546529	91.3754
	6	del	0.609257	96.5701
	6	dup	0.74598	107.892
	6	dup	0.917529	122.099
	6	del	0.939676	123.933
	6	crg	0.99966	128.9

MUTATIONS   (11)  dup, deln, crl, crg, wgd:	0	0	0	0	0
	eid	type	time

