1	14	3	0.943321	2.36602
1	12	3	0.00121092	2.77472
1	12	1	0.00552842	4.05732
1	12	2	0.00561435	4.08285
1	12	1	0.00747501	4.63559
1	12	2	0.0148246	6.81893
1	12	2	0.0187923	7.9976
1	12	0	0.021134	8.69327
1	12	0	0.0213112	8.7459
1	12	1	0.0441425	15.5284
1	12	1	0.0563028	19.1408
1	12	1	0.05689	19.3153
1	12	0	0.056956	19.3349
1	12	2	0.0624084	20.9546
1	12	3	0.0697077	23.123
1	12	2	0.107851	34.4542
1	12	1	0.135504	42.669
1	12	3	0.139637	43.897
1	12	1	0.164493	51.2809
1	12	0	0.176017	54.7043
1	12	3	0.176416	54.8229
1	12	0	0.18162	56.3687
1	12	2	0.193539	59.9095
1	12	1	0.220346	67.8731
1	12	3	0.223021	68.6678
1	12	0	0.230741	70.9611
1	12	2	0.250866	76.9395
1	12	2	0.258709	79.2695
1	12	2	0.26244	80.378
1	12	2	0.268914	82.301
1	12	1	0.281321	85.987
1	12	0	0.288506	88.1212
1	12	2	0.293318	89.5507
1	12	1	0.305643	93.2121
1	12	2	0.311767	95.0316
1	12	3	0.314038	95.706
1	12	0	0.321114	97.8082
1	12	3	0.332179	101.095
1	12	2	0.349548	106.255
1	12	4	0.358442	108.897
1	12	3	0.360215	109.424
1	12	1	0.36215	109.999
1	12	1	0.364066	110.568
1	12	1	0.366626	111.329
1	12	3	0.375018	113.821
1	12	1	0.377781	114.642
1	12	2	0.406526	123.181
1	12	2	0.4104	124.332
1	12	1	0.410931	124.49
1	12	3	0.412059	124.825
1	12	0	0.418755	126.814
1	12	3	0.448171	135.553
1	12	1	0.466213	140.913
1	12	1	0.469963	142.027
1	12	2	0.487558	147.254
1	12	1	0.494029	149.176
1	12	2	0.494909	149.438
1	12	1	0.507994	153.324
1	12	2	0.52522	158.442
1	12	2	0.532536	160.615
1	12	1	0.532575	160.627
1	12	0	0.54294	163.706
1	12	2	0.549404	165.626
1	12	1	0.551087	166.126
1	12	0	0.551336	166.2
1	12	3	0.552547	166.56
1	12	2	0.565462	170.396
1	12	2	0.574127	172.971
1	12	2	0.574303	173.023
1	12	2	0.6003	180.746
1	12	0	0.607267	182.816
1	12	2	0.61775	185.93
1	12	0	0.62536	188.19
1	12	1	0.628884	189.237
1	12	1	0.632614	190.345
1	12	3	0.638907	192.215
1	12	1	0.643212	193.494
1	12	2	0.648644	195.107
1	12	0	0.648944	195.196
1	12	3	0.658988	198.18
1	12	1	0.664258	199.746
1	12	1	0.693696	208.491
1	12	3	0.694074	208.603
1	12	1	0.716591	215.292
1	12	1	0.726554	218.252
1	12	2	0.732904	220.139
1	12	3	0.733268	220.247
1	12	3	0.735238	220.832
1	12	2	0.744362	223.542
1	12	3	0.745819	223.975
1	12	0	0.747761	224.552
1	12	1	0.749323	225.016
1	12	2	0.7614	228.604
1	12	3	0.764817	229.619
1	12	3	0.77019	231.215
1	12	2	0.798261	239.554
1	12	1	0.801703	240.576
1	12	3	0.826417	247.918
1	12	2	0.830742	249.203
1	12	2	0.835581	250.641
1	12	0	0.858827	257.546
1	12	1	0.859523	257.753
1	12	3	0.862423	258.615
1	12	1	0.874042	262.066
1	12	2	0.877454	263.08
1	12	3	0.886208	265.68
1	12	0	0.890753	267.031
1	12	3	0.897656	269.081
1	12	0	0.917823	275.072
1	12	3	0.918733	275.343
1	12	0	0.919525	275.578
1	12	1	0.920007	275.721
1	12	2	0.934324	279.974
1	12	1	0.937695	280.975
1	12	1	0.951025	284.936
1	12	2	0.953708	285.732
1	12	3	0.959128	287.343
1	12	3	0.965513	289.239
1	12	0	0.974019	291.766
1	12	1	0.978667	293.147
1	12	3	0.985832	295.275
1	12	1	0.992002	297.109
2	13	3	0.0197688	2.25903
2	13	2	0.0244798	2.42779
2	13	0	0.145291	6.75561
2	13	2	0.174914	7.81681
2	13	1	0.18615	8.21932
2	13	1	0.413882	16.3774
2	13	1	0.430738	16.9812
2	13	3	0.449225	17.6435
2	13	3	0.471309	18.4346
2	13	2	0.494255	19.2566
2	13	0	0.513229	19.9363
2	13	1	0.559799	21.6046
2	13	0	0.601765	23.1079
2	13	2	0.611203	23.446
2	13	2	0.674246	25.7044
2	13	3	0.683905	26.0504
2	13	2	0.779945	29.4909
2	13	1	0.79484	30.0245
2	13	0	0.893075	33.5435
2	13	2	0.957061	35.8357
2	7	0	0.00257065	37.7865
2	7	2	0.00274431	37.8144
2	7	1	0.0053929	38.2394
2	7	0	0.0376186	43.4113
2	7	1	0.0387795	43.5976
2	7	2	0.0450313	44.601
2	7	0	0.0880333	51.5024
2	7	3	0.0896191	51.7569
2	7	2	0.0995527	53.3511
2	7	1	0.128982	58.0743
2	7	3	0.162306	63.4223
2	7	1	0.180037	66.268
2	7	0	0.184574	66.9961
2	7	1	0.197368	69.0495
2	7	3	0.199937	69.4618
2	7	2	0.21501	71.8808
2	7	2	0.223371	73.2226
2	7	2	0.253525	78.0621
2	7	2	0.26227	79.4656
2	7	1	0.2628	79.5507
2	7	0	0.264001	79.7434
2	7	2	0.284648	83.057
2	7	1	0.286196	83.3055
2	7	1	0.293861	84.5356
2	7	0	0.294527	84.6425
2	7	0	0.295923	84.8666
2	7	3	0.312768	87.57
2	7	2	0.332804	90.7855
2	7	1	0.334721	91.0932
2	7	0	0.361008	95.3121
2	7	1	0.37564	97.6603
2	7	2	0.389116	99.8231
2	7	3	0.404449	102.284
2	7	1	0.410054	103.183
2	7	2	0.424532	105.507
2	7	1	0.444176	108.66
2	7	2	0.451666	109.862
2	7	1	0.51302	119.708
2	7	0	0.514345	119.921
2	7	1	0.606058	134.64
2	7	3	0.635021	139.288
2	7	0	0.672735	145.341
2	7	2	0.67606	145.875
2	7	3	0.684608	147.246
2	7	0	0.694873	148.894
2	7	0	0.705676	150.628
2	7	3	0.72142	153.154
2	7	1	0.722305	153.296
2	7	2	0.736478	155.571
2	7	0	0.742389	156.52
2	7	1	0.827255	170.14
2	7	2	0.849852	173.766
2	7	0	0.870271	177.044
2	7	3	0.886439	179.638
2	7	1	0.947254	189.398
2	7	2	0.948906	189.664
2	7	1	0.962328	191.818
2	7	0	0.972704	193.483
2	7	1	0.979674	194.602
2	7	3	0.98083	194.787
2	7	1	0.991867	196.558
2	7	0	0.998416	197.609
2	2	0	0.0826029	206.258
2	2	3	0.0950407	207.522
2	2	3	0.118619	209.918
2	2	1	0.136352	211.72
2	2	1	0.144438	212.542
2	2	3	0.155035	213.618
2	2	2	0.227323	220.964
2	2	3	0.25023	223.292
2	2	3	0.277635	226.077
2	2	1	0.297885	228.135
2	2	0	0.357643	234.208
2	2	0	0.370813	235.546
2	2	3	0.438456	242.42
2	2	1	0.439316	242.507
2	2	0	0.4652	245.138
2	2	0	0.475189	246.153
2	2	3	0.500815	248.757
2	2	3	0.500859	248.761
2	2	3	0.501465	248.823
2	2	2	0.501996	248.877
2	2	0	0.504309	249.112
2	2	1	0.514932	250.191
2	2	3	0.615457	260.407
2	2	0	0.68024	266.99
2	2	1	0.681704	267.139
2	2	3	0.719365	270.966
2	2	1	0.740179	273.081
2	2	1	0.763014	275.402
2	2	0	0.830778	282.288
2	2	1	0.888916	288.196
2	2	2	0.908278	290.164
2	2	3	0.93674	293.056
2	2	3	0.97008	296.444
3	16	2	0.00979563	2.59107
3	16	1	0.0120257	2.8815
3	16	0	0.0415902	6.73182
3	16	1	0.0498753	7.81083
3	16	0	0.05159	8.03414
3	16	2	0.0670492	10.0475
3	16	1	0.0908496	13.1471
3	16	1	0.101142	14.4876
3	16	3	0.108324	15.4229
3	16	1	0.150363	20.8978
3	16	1	0.158763	21.9918
3	16	3	0.158803	21.997
3	16	1	0.162969	22.5396
3	16	1	0.197801	27.0759
3	16	1	0.24116	32.7228
3	16	3	0.25316	34.2855
3	16	2	0.257833	34.8942
3	16	2	0.287153	38.7126
3	16	2	0.287492	38.7568
3	16	2	0.293138	39.4921
3	16	1	0.316016	42.4716
3	16	2	0.32416	43.5323
3	16	1	0.339737	45.5609
3	16	3	0.356339	47.723
3	16	2	0.371159	49.6531
3	16	1	0.380738	50.9007
3	16	1	0.388103	51.8598
3	16	3	0.395087	52.7694
3	16	2	0.466922	62.1249
3	16	1	0.472002	62.7864
3	16	0	0.488675	64.9578
3	16	1	0.497789	66.1448
3	16	0	0.512098	68.0083
3	16	4	0.523329	69.471
3	16	3	0.590989	78.2826
3	16	3	0.628969	83.229
3	16	3	0.639651	84.6202
3	16	2	0.663892	87.7771
3	16	3	0.6676	88.26
3	16	3	0.736468	97.2291
3	16	3	0.769046	101.472
3	16	0	0.773491	102.051
3	16	3	0.781713	103.122
3	16	0	0.799799	105.477
3	16	0	0.842342	111.018
3	16	0	0.850219	112.043
3	16	0	0.869027	114.493
3	16	3	0.8718	114.854
3	16	0	0.882056	116.19
3	16	1	0.904049	119.054
3	16	1	0.91013	119.846
3	16	1	0.915815	120.586
3	16	3	0.917581	120.816
3	16	3	0.93586	123.197
3	16	1	0.937688	123.435
3	16	1	0.947977	124.775
3	16	1	0.982223	129.235
3	16	0	0.989115	130.133
3	4	1	0.0152318	134.108
3	4	1	0.0242364	135.62
3	4	2	0.0400666	138.279
3	4	3	0.0489846	139.776
3	4	0	0.0625013	142.046
3	4	0	0.0656352	142.573
3	4	2	0.153575	157.341
3	4	0	0.158709	158.203
3	4	2	0.164484	159.173
3	4	3	0.184682	162.565
3	4	2	0.215904	167.808
3	4	0	0.218287	168.208
3	4	0	0.222122	168.852
3	4	0	0.263077	175.73
3	4	2	0.285931	179.568
3	4	0	0.32093	185.445
3	4	0	0.361889	192.324
3	4	2	0.374474	194.437
3	4	3	0.383457	195.946
3	4	3	0.386026	196.377
3	4	0	0.387468	196.619
3	4	1	0.390938	197.202
3	4	2	0.405352	199.623
3	4	2	0.405937	199.721
3	4	1	0.413341	200.964
3	4	2	0.416442	201.485
3	4	1	0.420852	202.226
3	4	0	0.47125	210.689
3	4	0	0.484215	212.866
3	4	1	0.49556	214.772
3	4	1	0.516852	218.347
3	4	1	0.536084	221.577
3	4	3	0.548758	223.705
3	4	2	0.549555	223.839
3	4	3	0.559162	225.453
3	4	3	0.56168	225.876
3	4	2	0.578552	228.709
3	4	0	0.602837	232.787
3	4	0	0.609206	233.857
3	4	0	0.621695	235.954
3	4	3	0.642135	239.387
3	4	1	0.664845	243.201
3	4	0	0.725976	253.466
3	4	1	0.728294	253.856
3	4	2	0.747007	256.998
3	4	1	0.749194	257.366
3	4	1	0.759631	259.118
3	4	3	0.762905	259.668
3	4	0	0.780219	262.576
3	4	3	0.780868	262.685
3	4	1	0.809268	267.454
3	4	2	0.80961	267.511
3	4	0	0.839451	272.523
3	4	0	0.843548	273.211
3	4	1	0.846711	273.742
3	4	2	0.85091	274.447
3	4	1	0.861774	276.272
3	4	0	0.872461	278.066
3	4	3	0.889155	280.87
3	4	0	0.890186	281.043
3	4	0	0.897825	282.326
3	4	3	0.924938	286.879
3	4	1	0.936067	288.748
3	4	0	0.954185	291.791
3	4	1	0.957928	292.419
3	4	2	0.997302	299.031
4	13	3	0.0197688	2.25903
4	13	2	0.0244798	2.42779
4	13	0	0.145291	6.75561
4	13	2	0.174914	7.81681
4	13	1	0.18615	8.21932
4	13	1	0.413882	16.3774
4	13	1	0.430738	16.9812
4	13	3	0.449225	17.6435
4	13	3	0.471309	18.4346
4	13	2	0.494255	19.2566
4	13	0	0.513229	19.9363
4	13	1	0.559799	21.6046
4	13	0	0.601765	23.1079
4	13	2	0.611203	23.446
4	13	2	0.674246	25.7044
4	13	3	0.683905	26.0504
4	13	2	0.779945	29.4909
4	13	1	0.79484	30.0245
4	13	0	0.893075	33.5435
4	13	2	0.957061	35.8357
4	8	3	0.00994657	38.0699
4	8	2	0.0612386	41.6588
4	8	2	0.121432	45.8705
4	8	0	0.128913	46.3939
4	8	2	0.176018	49.6899
4	8	0	0.190084	50.674
4	8	3	0.204373	51.6739
4	8	2	0.228837	53.3856
4	8	3	0.230776	53.5212
4	8	2	0.259123	55.5047
4	8	0	0.286595	57.4268
4	8	0	0.289183	57.6079
4	8	3	0.304825	58.7024
4	8	3	0.319764	59.7477
4	8	1	0.3569	62.3461
4	8	0	0.362016	62.704
4	8	2	0.375348	63.6369
4	8	3	0.37929	63.9127
4	8	2	0.406435	65.812
4	8	2	0.406734	65.833
4	8	2	0.415335	66.4348
4	8	1	0.421167	66.8428
4	8	2	0.423238	66.9877
4	8	3	0.431029	67.5329
4	8	0	0.464298	69.8607
4	8	0	0.466195	69.9934
4	8	0	0.547055	75.6512
4	8	1	0.583287	78.1863
4	8	0	0.591624	78.7696
4	8	3	0.671218	84.3388
4	8	2	0.678491	84.8477
4	8	1	0.685307	85.3246
4	8	0	0.712664	87.2387
4	8	2	0.77837	91.8362
4	8	3	0.781823	92.0778
4	8	3	0.798132	93.2189
4	8	1	0.871636	98.362
4	8	0	0.897152	100.147
4	8	1	0.914254	101.344
4	8	3	0.928467	102.338
4	5	1	0.00598156	108.493
4	5	0	0.0196852	111.126
4	5	0	0.0407775	115.179
4	5	0	0.0676441	120.341
4	5	1	0.0706987	120.928
4	5	3	0.0756382	121.877
4	5	2	0.0770766	122.153
4	5	1	0.14488	135.181
4	5	3	0.167567	139.54
4	5	3	0.168007	139.625
4	5	3	0.179278	141.79
4	5	3	0.187048	143.283
4	5	1	0.187176	143.308
4	5	1	0.192304	144.293
4	5	1	0.198	145.387
4	5	3	0.208348	147.376
4	5	0	0.230501	151.632
4	5	1	0.236964	152.874
4	5	3	0.291795	163.409
4	5	3	0.29799	164.6
4	5	0	0.30218	165.405
4	5	3	0.325944	169.971
4	5	0	0.33278	171.284
4	5	0	0.339121	172.503
4	5	0	0.346747	173.968
4	5	3	0.35114	174.812
4	5	1	0.352844	175.139
4	5	2	0.362515	176.997
4	5	2	0.393967	183.041
4	5	2	0.396929	183.61
4	5	1	0.423788	188.771
4	5	0	0.441436	192.161
4	5	0	0.450605	193.923
4	5	2	0.458302	195.402
4	5	1	0.473775	198.375
4	5	3	0.488395	201.184
4	5	3	0.496168	202.678
4	5	0	0.498296	203.087
4	5	2	0.52626	208.46
4	5	2	0.528913	208.969
4	5	1	0.532638	209.685
4	5	3	0.534271	209.999
4	5	2	0.545759	212.206
4	5	1	0.546648	212.377
4	5	3	0.554999	213.982
4	5	3	0.565354	215.971
4	5	0	0.597454	222.139
4	5	1	0.609483	224.45
4	5	2	0.620721	226.61
4	5	3	0.624415	227.319
4	5	1	0.625595	227.546
4	5	0	0.641342	230.572
4	5	0	0.644382	231.156
4	5	2	0.650715	232.373
4	5	0	0.650935	232.415
4	5	2	0.651564	232.536
4	5	1	0.690074	239.935
4	5	0	0.691865	240.279
4	5	1	0.738508	249.241
4	5	2	0.738632	249.265
4	5	1	0.751321	251.703
4	5	1	0.761028	253.568
4	5	0	0.763172	253.98
4	5	0	0.792968	259.705
4	5	0	0.795071	260.109
4	5	3	0.799551	260.97
4	5	1	0.809267	262.837
4	5	0	0.820578	265.01
4	5	0	0.830664	266.948
4	5	1	0.847443	270.172
4	5	2	0.856111	271.838
4	5	2	0.85693	271.995
4	5	3	0.858521	272.301
4	5	1	0.901472	280.553
4	5	2	0.906215	281.465
4	5	1	0.923957	284.873
4	5	2	0.950587	289.99
4	5	3	0.958017	291.418
4	5	2	0.960546	291.904
4	5	2	0.966533	293.054
4	5	3	0.969466	293.618
4	5	0	0.980108	295.662
4	5	3	0.997275	298.961
5	18	0	0.230504	1.367
5	18	3	0.579457	2.94635
5	10	2	0.00147101	5.28313
5	10	0	0.0106137	7.97688
5	10	0	0.0111698	8.14074
5	10	0	0.014883	9.23475
5	10	3	0.0366487	15.6477
5	10	0	0.0375035	15.8996
5	10	1	0.0437497	17.7399
5	10	3	0.0457703	18.3352
5	10	1	0.0460996	18.4323
5	10	2	0.0554487	21.1868
5	10	0	0.0669774	24.5836
5	10	2	0.0673551	24.6949
5	10	0	0.0680858	24.9102
5	10	0	0.0726463	26.2539
5	10	0	0.0940569	32.5622
5	10	3	0.0941201	32.5808
5	10	2	0.108549	36.8322
5	10	2	0.117072	39.3431
5	10	2	0.122139	40.8362
5	10	1	0.139722	46.0167
5	10	2	0.143412	47.1038
5	10	1	0.148129	48.4936
5	10	2	0.155128	50.5558
5	10	1	0.170053	54.9532
5	10	0	0.175188	56.4662
5	10	2	0.176386	56.8192
5	10	3	0.202922	64.6376
5	10	3	0.205014	65.2539
5	10	0	0.208419	66.2573
5	10	0	0.219527	69.5299
5	10	1	0.221534	70.1214
5	10	2	0.229029	72.3296
5	10	2	0.232226	73.2717
5	10	3	0.250505	78.6573
5	10	1	0.264063	82.6519
5	10	0	0.268021	83.8181
5	10	2	0.27304	85.2968
5	10	0	0.281811	87.881
5	10	2	0.287341	89.5104
5	10	1	0.289741	90.2176
5	10	0	0.293721	91.39
5	10	2	0.312414	96.8977
5	10	2	0.345273	106.579
5	10	0	0.348325	107.478
5	10	2	0.358527	110.484
5	10	1	0.372341	114.554
5	10	0	0.398316	122.207
5	10	3	0.41019	125.706
5	10	1	0.411676	126.144
5	10	2	0.430286	131.627
5	10	2	0.43354	132.586
5	10	2	0.438827	134.143
5	10	1	0.439859	134.447
5	10	1	0.448262	136.923
5	10	1	0.451653	137.923
5	10	0	0.460351	140.485
5	10	1	0.47678	145.326
5	10	0	0.480181	146.328
5	10	1	0.481504	146.717
5	10	2	0.483645	147.348
5	10	0	0.493409	150.225
5	10	0	0.501096	152.49
5	10	1	0.509407	154.939
5	10	2	0.517853	157.427
5	10	1	0.533045	161.903
5	10	2	0.533985	162.18
5	10	1	0.555028	168.38
5	10	2	0.557094	168.989
5	10	0	0.562374	170.545
5	10	3	0.581167	176.082
5	10	0	0.590035	178.694
5	10	3	0.596871	180.709
5	10	4	0.598759	181.265
5	10	2	0.599366	181.444
5	10	2	0.616607	186.524
5	10	2	0.63469	191.851
5	10	2	0.638491	192.971
5	10	1	0.674365	203.541
5	10	2	0.69444	209.456
5	10	2	0.700568	211.261
5	10	0	0.705956	212.849
5	10	1	0.70686	213.115
5	10	3	0.724443	218.296
5	10	2	0.741573	223.343
5	10	2	0.768341	231.23
5	10	2	0.78813	237.06
5	10	0	0.794024	238.797
5	10	0	0.798205	240.029
5	10	3	0.80853	243.071
5	10	3	0.809116	243.243
5	10	3	0.810268	243.583
5	10	0	0.833751	250.502
5	10	3	0.836495	251.31
5	10	1	0.839485	252.191
5	10	3	0.840609	252.522
5	10	1	0.841705	252.845
5	10	3	0.851563	255.75
5	10	2	0.85428	256.55
5	10	0	0.860131	258.274
5	10	1	0.862915	259.094
5	10	3	0.867016	260.303
5	10	2	0.868475	260.733
5	10	3	0.872717	261.982
5	10	3	0.875253	262.73
5	10	2	0.888219	266.55
5	10	3	0.894243	268.325
5	10	3	0.898637	269.619
5	10	3	0.918173	275.376
5	10	3	0.920967	276.199
5	10	1	0.922357	276.608
5	10	3	0.923685	276.999
5	10	1	0.926875	277.939
5	10	1	0.929253	278.64
5	10	1	0.931805	279.392
5	10	1	0.93332	279.838
5	10	2	0.946819	283.816
5	10	1	0.947394	283.985
5	10	0	0.952256	285.417
5	10	3	0.960639	287.887
5	10	3	0.965138	289.213
5	10	0	0.989653	296.436
5	10	3	0.991735	297.049
6	16	2	0.00979563	2.59107
6	16	1	0.0120257	2.8815
6	16	0	0.0415902	6.73182
6	16	1	0.0498753	7.81083
6	16	0	0.05159	8.03414
6	16	2	0.0670492	10.0475
6	16	1	0.0908496	13.1471
6	16	1	0.101142	14.4876
6	16	3	0.108324	15.4229
6	16	1	0.150363	20.8978
6	16	1	0.158763	21.9918
6	16	3	0.158803	21.997
6	16	1	0.162969	22.5396
6	16	1	0.197801	27.0759
6	16	1	0.24116	32.7228
6	16	3	0.25316	34.2855
6	16	2	0.257833	34.8942
6	16	2	0.287153	38.7126
6	16	2	0.287492	38.7568
6	16	2	0.293138	39.4921
6	16	1	0.316016	42.4716
6	16	2	0.32416	43.5323
6	16	1	0.339737	45.5609
6	16	3	0.356339	47.723
6	16	2	0.371159	49.6531
6	16	1	0.380738	50.9007
6	16	1	0.388103	51.8598
6	16	3	0.395087	52.7694
6	16	2	0.466922	62.1249
6	16	1	0.472002	62.7864
6	16	0	0.488675	64.9578
6	16	1	0.497789	66.1448
6	16	0	0.512098	68.0083
6	16	4	0.523329	69.471
6	16	3	0.590989	78.2826
6	16	3	0.628969	83.229
6	16	3	0.639651	84.6202
6	16	2	0.663892	87.7771
6	16	3	0.6676	88.26
6	16	3	0.736468	97.2291
6	16	3	0.769046	101.472
6	16	0	0.773491	102.051
6	16	3	0.781713	103.122
6	16	0	0.799799	105.477
6	16	0	0.842342	111.018
6	16	0	0.850219	112.043
6	16	0	0.869027	114.493
6	16	3	0.8718	114.854
6	16	0	0.882056	116.19
6	16	1	0.904049	119.054
6	16	1	0.91013	119.846
6	16	1	0.915815	120.586
6	16	3	0.917581	120.816
6	16	3	0.93586	123.197
6	16	1	0.937688	123.435
6	16	1	0.947977	124.775
6	16	1	0.982223	129.235
6	16	0	0.989115	130.133
6	3	1	0.0068549	132.701
6	3	0	0.0113346	133.454
6	3	1	0.0312822	136.803
6	3	1	0.0346099	137.362
6	3	0	0.0364608	137.673
6	3	2	0.0778921	144.631
6	3	2	0.115025	150.867
6	3	1	0.151727	157.03
6	3	0	0.155668	157.692
6	3	3	0.163529	159.012
6	3	3	0.169348	159.989
6	3	1	0.197594	164.733
6	3	1	0.226926	169.659
6	3	3	0.230803	170.31
6	3	2	0.246369	172.924
6	3	0	0.280711	178.691
6	3	0	0.285268	179.456
6	3	3	0.28804	179.922
6	3	1	0.296652	181.368
6	3	1	0.339072	188.492
6	3	2	0.345224	189.525
6	3	1	0.459838	208.773
6	3	0	0.463538	209.394
6	3	3	0.485614	213.101
6	3	1	0.555213	224.789
6	3	2	0.592434	231.04
6	3	1	0.629656	237.291
6	3	3	0.659662	242.33
6	3	3	0.675903	245.057
6	3	2	0.68304	246.256
6	3	0	0.684518	246.504
6	3	2	0.723773	253.097
6	3	3	0.741706	256.108
6	3	3	0.744652	256.603
6	3	2	0.74534	256.718
6	3	0	0.753089	258.02
6	3	1	0.760743	259.305
6	3	0	0.827216	270.468
6	3	2	0.82775	270.558
6	3	3	0.829584	270.866
6	3	0	0.83079	271.068
6	3	1	0.834906	271.76
6	3	0	0.83559	271.874
6	3	3	0.847584	273.889
6	3	3	0.85105	274.471
6	3	2	0.862458	276.386
6	3	1	0.865483	276.895
6	3	3	0.871917	277.975
6	3	0	0.878537	279.087
6	3	2	0.891529	281.269
6	3	1	0.919432	285.954
6	3	1	0.926815	287.194
6	3	0	0.928148	287.418
6	3	3	0.931171	287.926
6	3	3	0.948885	290.901
6	3	0	0.964231	293.478
7	13	3	0.0197688	2.25903
7	13	2	0.0244798	2.42779
7	13	0	0.145291	6.75561
7	13	2	0.174914	7.81681
7	13	1	0.18615	8.21932
7	13	1	0.413882	16.3774
7	13	1	0.430738	16.9812
7	13	3	0.449225	17.6435
7	13	3	0.471309	18.4346
7	13	2	0.494255	19.2566
7	13	0	0.513229	19.9363
7	13	1	0.559799	21.6046
7	13	0	0.601765	23.1079
7	13	2	0.611203	23.446
7	13	2	0.674246	25.7044
7	13	3	0.683905	26.0504
7	13	2	0.779945	29.4909
7	13	1	0.79484	30.0245
7	13	0	0.893075	33.5435
7	13	2	0.957061	35.8357
7	7	0	0.00257065	37.7865
7	7	2	0.00274431	37.8144
7	7	1	0.0053929	38.2394
7	7	0	0.0376186	43.4113
7	7	1	0.0387795	43.5976
7	7	2	0.0450313	44.601
7	7	0	0.0880333	51.5024
7	7	3	0.0896191	51.7569
7	7	2	0.0995527	53.3511
7	7	1	0.128982	58.0743
7	7	3	0.162306	63.4223
7	7	1	0.180037	66.268
7	7	0	0.184574	66.9961
7	7	1	0.197368	69.0495
7	7	3	0.199937	69.4618
7	7	2	0.21501	71.8808
7	7	2	0.223371	73.2226
7	7	2	0.253525	78.0621
7	7	2	0.26227	79.4656
7	7	1	0.2628	79.5507
7	7	0	0.264001	79.7434
7	7	2	0.284648	83.057
7	7	1	0.286196	83.3055
7	7	1	0.293861	84.5356
7	7	0	0.294527	84.6425
7	7	0	0.295923	84.8666
7	7	3	0.312768	87.57
7	7	2	0.332804	90.7855
7	7	1	0.334721	91.0932
7	7	0	0.361008	95.3121
7	7	1	0.37564	97.6603
7	7	2	0.389116	99.8231
7	7	3	0.404449	102.284
7	7	1	0.410054	103.183
7	7	2	0.424532	105.507
7	7	1	0.444176	108.66
7	7	2	0.451666	109.862
7	7	1	0.51302	119.708
7	7	0	0.514345	119.921
7	7	1	0.606058	134.64
7	7	3	0.635021	139.288
7	7	0	0.672735	145.341
7	7	2	0.67606	145.875
7	7	3	0.684608	147.246
7	7	0	0.694873	148.894
7	7	0	0.705676	150.628
7	7	3	0.72142	153.154
7	7	1	0.722305	153.296
7	7	2	0.736478	155.571
7	7	0	0.742389	156.52
7	7	1	0.827255	170.14
7	7	2	0.849852	173.766
7	7	0	0.870271	177.044
7	7	3	0.886439	179.638
7	7	1	0.947254	189.398
7	7	2	0.948906	189.664
7	7	1	0.962328	191.818
7	7	0	0.972704	193.483
7	7	1	0.979674	194.602
7	7	3	0.98083	194.787
7	7	1	0.991867	196.558
7	7	0	0.998416	197.609
7	1	2	0.00827104	198.704
7	1	2	0.0102117	198.901
7	1	3	0.0172191	199.613
7	1	0	0.0283431	200.744
7	1	0	0.098937	207.918
7	1	1	0.154047	213.518
7	1	2	0.186713	216.838
7	1	0	0.192155	217.391
7	1	0	0.204194	218.614
7	1	3	0.271957	225.5
7	1	3	0.30423	228.78
7	1	0	0.333937	231.799
7	1	1	0.35527	233.967
7	1	1	0.361503	234.6
7	1	1	0.379522	236.431
7	1	1	0.381216	236.603
7	1	3	0.402317	238.747
7	1	0	0.411259	239.656
7	1	0	0.432577	241.823
7	1	3	0.433873	241.954
7	1	1	0.442933	242.875
7	1	3	0.442955	242.877
7	1	3	0.470486	245.675
7	1	1	0.492774	247.94
7	1	2	0.49293	247.956
7	1	1	0.497088	248.378
7	1	3	0.499299	248.603
7	1	1	0.499716	248.645
7	1	0	0.524177	251.131
7	1	0	0.537146	252.449
7	1	2	0.594513	258.279
7	1	2	0.603744	259.217
7	1	0	0.651305	264.05
7	1	2	0.683077	267.278
7	1	3	0.700776	269.077
7	1	2	0.729347	271.981
7	1	1	0.751775	274.26
7	1	1	0.769699	276.081
7	1	0	0.775634	276.684
7	1	0	0.77785	276.909
7	1	2	0.788768	278.019
7	1	2	0.835078	282.725
7	1	2	0.868348	286.106
7	1	0	0.879482	287.237
7	1	2	0.942994	293.692
7	1	3	0.96132	295.554
7	1	2	0.973545	296.796
7	1	2	0.977956	297.244
8	14	3	0.943321	2.36602
8	11	1	0.000876821	2.67547
8	11	3	0.00221706	3.07362
8	11	3	0.0055259	4.05657
8	11	2	0.00692141	4.47113
8	11	1	0.0112596	5.75989
8	11	1	0.0139665	6.56402
8	11	2	0.0156268	7.05723
8	11	2	0.0157465	7.09279
8	11	1	0.0197239	8.27437
8	11	2	0.0313119	11.7168
8	11	0	0.0395533	14.1651
8	11	1	0.0402687	14.3776
8	11	0	0.0404911	14.4437
8	11	3	0.0584121	19.7675
8	11	0	0.0590811	19.9662
8	11	3	0.0616491	20.7291
8	11	2	0.0998995	32.0921
8	11	2	0.100166	32.1713
8	11	3	0.105602	33.7863
8	11	3	0.114021	36.287
8	11	3	0.11469	36.4859
8	11	0	0.118852	37.7224
8	11	2	0.125795	39.7849
8	11	0	0.134602	42.4011
8	11	3	0.141874	44.5615
8	11	3	0.158648	49.5443
8	11	3	0.162932	50.8171
8	11	0	0.16647	51.8683
8	11	3	0.175661	54.5986
8	11	1	0.17632	54.7943
8	11	0	0.189909	58.831
8	11	0	0.190189	58.9143
8	11	2	0.195486	60.4878
8	11	3	0.206831	63.8583
8	11	1	0.231895	71.3038
8	11	2	0.245572	75.367
8	11	2	0.258449	79.1924
8	11	0	0.267415	81.8559
8	11	0	0.267592	81.9083
8	11	0	0.273886	83.7782
8	11	0	0.276686	84.61
8	11	0	0.288864	88.2275
8	11	1	0.290341	88.6665
8	11	3	0.298919	91.2146
8	11	0	0.3061	93.3478
8	11	2	0.313963	95.6837
8	11	3	0.314238	95.7655
8	11	1	0.327775	99.7871
8	11	1	0.344851	104.86
8	11	2	0.353422	107.406
8	11	2	0.36861	111.918
8	11	3	0.372791	113.16
8	11	3	0.385679	116.989
8	11	2	0.391872	118.828
8	11	2	0.401676	121.741
8	11	0	0.404631	122.618
8	11	1	0.404632	122.619
8	11	1	0.424733	128.59
8	11	3	0.433083	131.071
8	11	0	0.437849	132.486
8	11	0	0.440767	133.353
8	11	0	0.443599	134.195
8	11	1	0.446089	134.934
8	11	3	0.457546	138.338
8	11	3	0.460594	139.243
8	11	3	0.462096	139.69
8	11	1	0.462415	139.784
8	11	1	0.465199	140.612
8	11	1	0.47505	143.538
8	11	1	0.488487	147.529
8	11	3	0.496888	150.025
8	11	1	0.500447	151.083
8	11	1	0.513782	155.044
8	11	0	0.534035	161.061
8	11	3	0.53461	161.231
8	11	2	0.539988	162.829
8	11	2	0.540937	163.111
8	11	1	0.564696	170.169
8	11	3	0.572776	172.569
8	11	2	0.578344	174.223
8	11	0	0.6097	183.538
8	11	3	0.615075	185.135
8	11	1	0.615611	185.294
8	11	3	0.618236	186.074
8	11	1	0.624602	187.965
8	11	1	0.625204	188.144
8	11	0	0.625927	188.359
8	11	0	0.625936	188.361
8	11	2	0.630998	189.865
8	11	0	0.640886	192.803
8	11	0	0.646299	194.411
8	11	0	0.679589	204.3
8	11	0	0.689824	207.341
8	11	0	0.702521	211.113
8	11	1	0.707452	212.577
8	11	0	0.707565	212.611
8	11	2	0.71549	214.965
8	11	2	0.723138	217.237
8	11	0	0.723388	217.311
8	11	1	0.727532	218.543
8	11	0	0.730059	219.293
8	11	0	0.746278	224.111
8	11	3	0.747684	224.529
8	11	1	0.754114	226.439
8	11	0	0.757049	227.311
8	11	3	0.768321	230.66
8	11	2	0.779981	234.124
8	11	3	0.813981	244.224
8	11	0	0.820866	246.269
8	11	0	0.841208	252.312
8	11	3	0.841649	252.443
8	11	3	0.864975	259.373
8	11	0	0.906646	271.752
8	11	2	0.907841	272.107
8	11	2	0.9104	272.867
8	11	4	0.920946	276
8	11	1	0.923297	276.698
8	11	3	0.923566	276.778
8	11	1	0.927059	277.816
8	11	1	0.928115	278.13
8	11	2	0.929617	278.576
8	11	2	0.94066	281.857
8	11	3	0.952017	285.23
8	11	0	0.953126	285.56
8	11	2	0.954511	285.971
8	11	2	0.964335	288.89
8	11	3	0.979863	293.502
8	11	0	0.983802	294.672
8	11	3	0.998172	298.942
9	13	3	0.0197688	2.25903
9	13	2	0.0244798	2.42779
9	13	0	0.145291	6.75561
9	13	2	0.174914	7.81681
9	13	1	0.18615	8.21932
9	13	1	0.413882	16.3774
9	13	1	0.430738	16.9812
9	13	3	0.449225	17.6435
9	13	3	0.471309	18.4346
9	13	2	0.494255	19.2566
9	13	0	0.513229	19.9363
9	13	1	0.559799	21.6046
9	13	0	0.601765	23.1079
9	13	2	0.611203	23.446
9	13	2	0.674246	25.7044
9	13	3	0.683905	26.0504
9	13	2	0.779945	29.4909
9	13	1	0.79484	30.0245
9	13	0	0.893075	33.5435
9	13	2	0.957061	35.8357
9	8	3	0.00994657	38.0699
9	8	2	0.0612386	41.6588
9	8	2	0.121432	45.8705
9	8	0	0.128913	46.3939
9	8	2	0.176018	49.6899
9	8	0	0.190084	50.674
9	8	3	0.204373	51.6739
9	8	2	0.228837	53.3856
9	8	3	0.230776	53.5212
9	8	2	0.259123	55.5047
9	8	0	0.286595	57.4268
9	8	0	0.289183	57.6079
9	8	3	0.304825	58.7024
9	8	3	0.319764	59.7477
9	8	1	0.3569	62.3461
9	8	0	0.362016	62.704
9	8	2	0.375348	63.6369
9	8	3	0.37929	63.9127
9	8	2	0.406435	65.812
9	8	2	0.406734	65.833
9	8	2	0.415335	66.4348
9	8	1	0.421167	66.8428
9	8	2	0.423238	66.9877
9	8	3	0.431029	67.5329
9	8	0	0.464298	69.8607
9	8	0	0.466195	69.9934
9	8	0	0.547055	75.6512
9	8	1	0.583287	78.1863
9	8	0	0.591624	78.7696
9	8	3	0.671218	84.3388
9	8	2	0.678491	84.8477
9	8	1	0.685307	85.3246
9	8	0	0.712664	87.2387
9	8	2	0.77837	91.8362
9	8	3	0.781823	92.0778
9	8	3	0.798132	93.2189
9	8	1	0.871636	98.362
9	8	0	0.897152	100.147
9	8	1	0.914254	101.344
9	8	3	0.928467	102.338
9	6	0	0.0431181	115.628
9	6	1	0.043816	115.762
9	6	1	0.0525517	117.441
9	6	3	0.061172	119.097
9	6	2	0.0736081	121.487
9	6	3	0.10744	127.987
9	6	0	0.131225	132.557
9	6	2	0.137262	133.717
9	6	1	0.149571	136.082
9	6	1	0.153596	136.856
9	6	1	0.153601	136.857
9	6	3	0.154954	137.117
9	6	1	0.162543	138.575
9	6	2	0.192848	144.398
9	6	3	0.218344	149.296
9	6	1	0.228348	151.219
9	6	1	0.228709	151.288
9	6	0	0.250656	155.505
9	6	2	0.251238	155.617
9	6	1	0.26232	157.746
9	6	1	0.278056	160.77
9	6	0	0.281136	161.361
9	6	3	0.292617	163.567
9	6	1	0.298429	164.684
9	6	1	0.304315	165.815
9	6	3	0.309446	166.801
9	6	2	0.355983	175.743
9	6	1	0.364862	177.448
9	6	1	0.411358	186.382
9	6	2	0.433373	190.612
9	6	0	0.436372	191.188
9	6	0	0.436434	191.2
9	6	3	0.459371	195.607
9	6	0	0.472075	198.048
9	6	1	0.472616	198.152
9	6	1	0.478736	199.328
9	6	3	0.486345	200.79
9	6	1	0.497022	202.842
9	6	0	0.508555	205.058
9	6	3	0.509142	205.171
9	6	0	0.529538	209.089
9	6	0	0.530467	209.268
9	6	1	0.56304	215.527
9	6	3	0.574037	217.639
9	6	1	0.581262	219.028
9	6	3	0.582736	219.311
9	6	2	0.589752	220.659
9	6	3	0.609775	224.506
9	6	3	0.66119	234.385
9	6	0	0.677159	237.454
9	6	2	0.677494	237.518
9	6	0	0.679242	237.854
9	6	1	0.684643	238.892
9	6	1	0.693277	240.55
9	6	2	0.696475	241.165
9	6	3	0.707466	243.277
9	6	3	0.716982	245.105
9	6	0	0.747996	251.064
9	6	3	0.749742	251.4
9	6	1	0.77074	255.434
9	6	3	0.797771	260.628
9	6	0	0.811094	263.188
9	6	0	0.822925	265.461
9	6	2	0.837666	268.294
9	6	1	0.840228	268.786
9	6	3	0.844538	269.614
9	6	2	0.845462	269.791
9	6	0	0.847711	270.224
9	6	3	0.859737	272.534
9	6	2	0.859787	272.544
9	6	0	0.86519	273.582
9	6	2	0.878745	276.186
9	6	1	0.927741	285.601
9	6	1	0.949125	289.709
9	6	1	0.959489	291.701
9	6	0	0.97139	293.987
9	6	0	0.999462	299.381
10	18	0	0.230504	1.367
10	18	3	0.579457	2.94635
10	9	1	0.000148494	4.89347
10	9	1	0.0116192	8.27315
10	9	1	0.0206756	10.9415
10	9	1	0.0225556	11.4954
10	9	1	0.0280218	13.1059
10	9	1	0.0369409	15.7338
10	9	2	0.0449122	18.0824
10	9	1	0.0541803	20.8131
10	9	1	0.0558212	21.2966
10	9	1	0.075593	27.122
10	9	1	0.0811617	28.7628
10	9	0	0.0851517	29.9384
10	9	3	0.0873662	30.5908
10	9	3	0.0894565	31.2067
10	9	0	0.0925873	32.1292
10	9	3	0.0960147	33.139
10	9	2	0.100663	34.5085
10	9	1	0.103468	35.3349
10	9	3	0.111863	37.8084
10	9	3	0.134767	44.5567
10	9	2	0.145204	47.6318
10	9	3	0.145746	47.7917
10	9	3	0.160459	52.1267
10	9	1	0.161306	52.3761
10	9	3	0.169783	54.8737
10	9	3	0.171314	55.3247
10	9	1	0.178768	57.5209
10	9	1	0.179041	57.6013
10	9	1	0.185677	59.5567
10	9	1	0.189162	60.5835
10	9	0	0.190599	61.0068
10	9	1	0.19542	62.4273
10	9	1	0.196243	62.6697
10	9	0	0.204125	64.9922
10	9	2	0.213249	67.6804
10	9	1	0.227475	71.8718
10	9	3	0.230524	72.77
10	9	0	0.239694	75.4718
10	9	0	0.244935	77.0162
10	9	1	0.25594	80.2587
10	9	3	0.256479	80.4173
10	9	1	0.257147	80.6142
10	9	2	0.269846	84.3556
10	9	2	0.272753	85.2122
10	9	3	0.291384	90.7014
10	9	3	0.304678	94.6184
10	9	3	0.309047	95.9057
10	9	1	0.312027	96.7836
10	9	0	0.320783	99.3635
10	9	0	0.326413	101.022
10	9	2	0.339819	104.972
10	9	0	0.344507	106.354
10	9	2	0.380236	116.881
10	9	3	0.39175	120.273
10	9	1	0.394746	121.156
10	9	1	0.396974	121.812
10	9	3	0.408384	125.174
10	9	1	0.41304	126.546
10	9	0	0.46188	140.936
10	9	2	0.474232	144.575
10	9	2	0.485425	147.873
10	9	3	0.511757	155.631
10	9	3	0.514232	156.36
10	9	1	0.515959	156.869
10	9	3	0.522006	158.651
10	9	2	0.543625	165.02
10	9	1	0.544402	165.249
10	9	3	0.54443	165.258
10	9	1	0.551882	167.453
10	9	2	0.554547	168.238
10	9	1	0.559048	169.565
10	9	3	0.559793	169.784
10	9	2	0.563272	170.809
10	9	2	0.59971	181.545
10	9	2	0.609422	184.407
10	9	0	0.642749	194.226
10	9	0	0.646399	195.301
10	9	1	0.65996	199.297
10	9	2	0.660731	199.524
10	9	2	0.67922	204.972
10	9	1	0.685208	206.736
10	9	1	0.690804	208.384
10	9	0	0.694924	209.599
10	9	2	0.697017	210.215
10	9	2	0.698617	210.687
10	9	1	0.702125	211.72
10	9	2	0.717352	216.207
10	9	1	0.739595	222.76
10	9	3	0.741231	223.242
10	9	1	0.742243	223.54
10	9	3	0.763012	229.66
10	9	3	0.765637	230.433
10	9	1	0.768994	231.422
10	9	1	0.778639	234.264
10	9	1	0.779154	234.416
10	9	1	0.801266	240.931
10	9	3	0.803031	241.451
10	9	3	0.828101	248.837
10	9	3	0.834973	250.862
10	9	0	0.845271	253.896
10	9	3	0.84685	254.361
10	9	0	0.854061	256.486
10	9	0	0.855568	256.93
10	9	1	0.866683	260.205
10	9	2	0.866897	260.268
10	9	2	0.871766	261.702
10	9	1	0.871884	261.737
10	9	1	0.875243	262.727
10	9	0	0.87532	262.749
10	9	2	0.875747	262.875
10	9	2	0.892107	267.696
10	9	1	0.899304	269.816
10	9	2	0.901121	270.351
10	9	3	0.90382	271.147
10	9	3	0.915194	274.498
10	9	0	0.929957	278.847
10	9	1	0.932477	279.59
10	9	2	0.933744	279.963
10	9	3	0.946596	283.75
10	9	3	0.955512	286.377
10	9	2	0.956899	286.785
10	9	1	0.966522	289.621
10	9	0	0.966659	289.661
10	9	1	0.966861	289.721
10	9	2	0.976139	292.454
10	9	0	0.981736	294.103
10	9	0	0.983961	294.759
10	9	0	0.989423	296.368
