NODE TIMES:	nid	time
	1	121.463
	2	121.463
	3	121.463
	4	121.463
	5	121.463
	6	121.463
	7	121.463
	8	121.463
	9	121.463
	10	121.463
	11	0
	12	0
	13	114.05
	14	102.627
	15	45.4814
	16	39.3979
	17	26.917
	18	21.7087
	19	11.0146
	20	2.23809
	21	0.644716

ANCESTRY    (1)	19 (12 -> 21) 	17 (21 -> 20) 	15 (20 -> 19) 	14 (19 -> 13) 	1 (13 -> 1) 
ANCESTRY    (2)	19 (12 -> 21) 	17 (21 -> 20) 	15 (20 -> 19) 	13 (19 -> 15) 	6 (15 -> 2) 
ANCESTRY    (3)	19 (12 -> 21) 	18 (21 -> 18) 	12 (18 -> 16) 	7 (16 -> 3) 
ANCESTRY    (4)	19 (12 -> 21) 	18 (21 -> 18) 	12 (18 -> 16) 	8 (16 -> 4) 
ANCESTRY    (5)	19 (12 -> 21) 	17 (21 -> 20) 	16 (20 -> 14) 	4 (14 -> 5) 
ANCESTRY    (6)	19 (12 -> 21) 	17 (21 -> 20) 	15 (20 -> 19) 	13 (19 -> 15) 	5 (15 -> 6) 
ANCESTRY    (7)	19 (12 -> 21) 	17 (21 -> 20) 	15 (20 -> 19) 	14 (19 -> 13) 	2 (13 -> 7) 
ANCESTRY    (8)	19 (12 -> 21) 	17 (21 -> 20) 	16 (20 -> 14) 	3 (14 -> 8) 
ANCESTRY    (9)	19 (12 -> 21) 	18 (21 -> 18) 	11 (18 -> 17) 	9 (17 -> 9) 
ANCESTRY    (10)	19 (12 -> 21) 	18 (21 -> 18) 	11 (18 -> 17) 	10 (17 -> 10) 
ANCESTRY    (11)	20 (12 -> 11) 

MUTATIONS   (1)  dup, deln, crl, crg, wgd:	8	13	12	14	0
	eid	type	time
	15	del	0.189597	3.90209
	15	del	0.920516	10.317
	15	del	0.988642	10.9149
	14	dup	0.0109573	12.1436
	14	dup	0.0110729	12.1555
	14	dup	0.0139575	12.4527
	14	crl	0.125416	23.9369
	14	crg	0.151373	26.6114
	14	del	0.161221	27.6261
	14	crg	0.17931	29.4899
	14	crg	0.184488	30.0233
	14	crg	0.187266	30.3096
	14	crg	0.249171	36.688
	14	dup	0.252557	37.0369
	14	crl	0.256568	37.4501
	14	crg	0.257552	37.5515
	14	dup	0.268242	38.653
	14	dup	0.268734	38.7037
	14	del	0.300184	41.9442
	14	crl	0.397142	51.9343
	14	del	0.401611	52.3947
	14	crg	0.458093	58.2144
	14	crg	0.473277	59.7788
	14	del	0.485284	61.0159
	14	crl	0.504177	62.9627
	14	del	0.518761	64.4653
	14	crl	0.519714	64.5634
	14	del	0.522775	64.8789
	14	del	0.529649	65.5871
	14	crg	0.547724	67.4495
	14	crg	0.562671	68.9896
	14	crg	0.571853	69.9356
	14	dup	0.583487	71.1344
	14	crg	0.586806	71.4764
	14	dup	0.598152	72.6454
	14	crl	0.69826	82.9601
	14	crg	0.699493	83.0871
	14	crl	0.711487	84.3229
	14	crg	0.735637	86.8112
	14	crl	0.738776	87.1345
	14	crl	0.801917	93.6403
	14	crl	0.811939	94.6729
	14	crl	0.919503	105.756
	14	del	0.958556	109.78
	14	crl	0.970491	111.009
	1	del	0.242368	115.847
	1	del	0.31984	116.421

MUTATIONS   (2)  dup, deln, crl, crg, wgd:	8	23	7	15	0
	eid	type	time
	15	del	0.189597	3.90209
	15	del	0.920516	10.317
	15	del	0.988642	10.9149
	13	dup	0.102504	14.5476
	13	dup	0.248402	19.5762
	13	crl	0.384103	24.2534
	13	del	0.411873	25.2106
	13	del	0.422565	25.5791
	13	dup	0.50182	28.3108
	13	del	0.574047	30.8002
	13	del	0.619068	32.3519
	13	del	0.627839	32.6542
	13	del	0.669317	34.0838
	13	crl	0.793387	38.3601
	13	crg	0.82389	39.4115
	13	crg	0.874637	41.1606
	6	del	0.0740732	51.1096
	6	del	0.141563	56.2376
	6	dup	0.178046	59.0097
	6	crg	0.201869	60.8197
	6	del	0.294444	67.8538
	6	crg	0.309363	68.9873
	6	dup	0.311404	69.1425
	6	dup	0.311557	69.154
	6	crg	0.32221	69.9635
	6	crl	0.344035	71.6218
	6	del	0.349043	72.0023
	6	crl	0.34959	72.0439
	6	dup	0.358557	72.7252
	6	del	0.39321	75.3582
	6	del	0.464329	80.7619
	6	crg	0.514166	84.5486
	6	dup	0.52625	85.4668
	6	crg	0.600005	91.0708
	6	del	0.61799	92.4374
	6	crl	0.655571	95.2928
	6	del	0.668922	96.3073
	6	crg	0.685924	97.5991
	6	del	0.722868	100.406
	6	crg	0.723916	100.486
	6	crg	0.756139	102.934
	6	crg	0.756557	102.966
	6	del	0.766463	103.719
	6	crg	0.781311	104.847
	6	del	0.815922	107.477
	6	crg	0.829767	108.529
	6	crg	0.869079	111.516
	6	crg	0.906154	114.333
	6	del	0.917156	115.169
	6	crl	0.94672	117.415
	6	crl	0.963393	118.682
	6	del	0.985378	120.352
	6	del	0.994609	121.053

MUTATIONS   (3)  dup, deln, crl, crg, wgd:	13	15	15	11	0
	eid	type	time
	18	crl	0.0262296	1.19722
	18	del	0.0967176	2.68198
	18	crg	0.335431	7.71023
	18	crg	0.529493	11.7979
	18	del	0.55161	12.2638
	18	del	0.637487	14.0727
	18	dup	0.645179	14.2348
	18	crl	0.674691	14.8564
	18	dup	0.705452	15.5043
	18	crl	0.733976	16.1052
	18	crg	0.767659	16.8147
	18	dup	0.776688	17.0049
	18	crg	0.79996	17.4951
	18	crl	0.905504	19.7182
	12	crg	0.00481547	21.7939
	12	crl	0.255645	26.2309
	12	crg	0.258448	26.2804
	12	del	0.461217	29.8673
	12	crg	0.738343	34.7694
	12	dup	0.799228	35.8464
	7	crl	0.000767606	39.4609
	7	dup	0.0204137	41.0731
	7	crl	0.0700177	45.1439
	7	dup	0.075837	45.6215
	7	del	0.171117	53.4407
	7	crl	0.235579	58.7308
	7	del	0.238012	58.9304
	7	crl	0.240869	59.1649
	7	dup	0.279526	62.3373
	7	del	0.283027	62.6245
	7	dup	0.285214	62.804
	7	del	0.357377	68.7262
	7	dup	0.359776	68.923
	7	crg	0.418094	73.7088
	7	dup	0.430944	74.7634
	7	crl	0.434402	75.0472
	7	crg	0.472662	78.187
	7	dup	0.474457	78.3343
	7	del	0.484606	79.1672
	7	crl	0.523595	82.3668
	7	del	0.586437	87.524
	7	del	0.610553	89.5031
	7	crg	0.619039	90.1995
	7	crl	0.652885	92.977
	7	dup	0.664194	93.9051
	7	del	0.672966	94.625
	7	del	0.710626	97.7156
	7	crl	0.784583	103.785
	7	del	0.884676	111.999
	7	crl	0.884821	112.011
	7	dup	0.890352	112.465
	7	del	0.898696	113.15
	7	crl	0.906663	113.803
	7	crg	0.95025	117.38

MUTATIONS   (4)  dup, deln, crl, crg, wgd:	8	11	12	14	0
	eid	type	time
	18	crl	0.0262296	1.19722
	18	del	0.0967176	2.68198
	18	crg	0.335431	7.71023
	18	crg	0.529493	11.7979
	18	del	0.55161	12.2638
	18	del	0.637487	14.0727
	18	dup	0.645179	14.2348
	18	crl	0.674691	14.8564
	18	dup	0.705452	15.5043
	18	crl	0.733976	16.1052
	18	crg	0.767659	16.8147
	18	dup	0.776688	17.0049
	18	crg	0.79996	17.4951
	18	crl	0.905504	19.7182
	12	crg	0.00481547	21.7939
	12	crl	0.255645	26.2309
	12	crg	0.258448	26.2804
	12	del	0.461217	29.8673
	12	crg	0.738343	34.7694
	12	dup	0.799228	35.8464
	8	dup	0.0740501	45.4748
	8	del	0.0967982	47.3417
	8	crg	0.109685	48.3992
	8	dup	0.209879	56.6217
	8	crg	0.236765	58.8281
	8	dup	0.24536	59.5334
	8	crg	0.287363	62.9804
	8	crg	0.291047	63.2827
	8	dup	0.337132	67.0647
	8	del	0.393912	71.7244
	8	crl	0.398947	72.1375
	8	crl	0.405017	72.6357
	8	del	0.410954	73.1229
	8	del	0.434079	75.0207
	8	crl	0.441795	75.6539
	8	crl	0.505332	80.8681
	8	crl	0.553025	84.7821
	8	crl	0.574901	86.5772
	8	crg	0.586441	87.5243
	8	del	0.596244	88.3288
	8	crg	0.66026	93.5823
	8	del	0.703751	97.1514
	8	crl	0.779744	103.388
	8	del	0.809785	105.853
	8	crg	0.883079	111.868

MUTATIONS   (5)  dup, deln, crl, crg, wgd:	12	11	10	14	0
	eid	type	time
	16	crl	0.0282739	5.07647
	16	crg	0.0407021	6.32412
	16	crl	0.0426608	6.52075
	16	del	0.0648368	8.74696
	16	crg	0.0804579	10.3151
	16	crg	0.0890021	11.1729
	16	dup	0.0939035	11.6649
	16	dup	0.141415	16.4345
	16	crl	0.179785	20.2865
	16	del	0.184565	20.7663
	16	crl	0.223514	24.6764
	16	crg	0.272796	29.6237
	16	dup	0.338226	36.1921
	16	del	0.350763	37.4507
	16	crl	0.356182	37.9947
	16	crg	0.422295	44.6317
	16	dup	0.468102	49.2302
	16	crl	0.475765	49.9994
	16	del	0.498852	52.3171
	16	crg	0.546631	57.1136
	16	del	0.566244	59.0826
	16	dup	0.605384	63.0117
	16	crg	0.624374	64.9181
	16	dup	0.663884	68.8845
	16	crg	0.67199	69.6982
	16	crg	0.680558	70.5584
	16	del	0.688637	71.3694
	16	del	0.74325	76.8519
	16	dup	0.76033	78.5666
	16	del	0.80182	82.7317
	16	crl	0.80492	83.0429
	16	dup	0.814479	84.0025
	16	crl	0.822617	84.8195
	16	dup	0.861209	88.6937
	16	crl	0.906645	93.2549
	16	crg	0.936445	96.2465
	16	crg	0.945349	97.1404
	16	del	0.949429	97.5499
	16	dup	0.954713	98.0804
	16	crg	0.991362	101.76
	4	crg	0.13446	105.159
	4	del	0.205105	106.49
	4	dup	0.261535	107.553
	4	dup	0.56256	113.223
	4	del	0.633938	114.568
	4	crl	0.70602	115.926
	4	crg	0.940453	120.341

MUTATIONS   (6)  dup, deln, crl, crg, wgd:	10	15	5	9	0
	eid	type	time
	15	del	0.189597	3.90209
	15	del	0.920516	10.317
	15	del	0.988642	10.9149
	13	dup	0.102504	14.5476
	13	dup	0.248402	19.5762
	13	crl	0.384103	24.2534
	13	del	0.411873	25.2106
	13	del	0.422565	25.5791
	13	dup	0.50182	28.3108
	13	del	0.574047	30.8002
	13	del	0.619068	32.3519
	13	del	0.627839	32.6542
	13	del	0.669317	34.0838
	13	crl	0.793387	38.3601
	13	crg	0.82389	39.4115
	13	crg	0.874637	41.1606
	5	dup	0.0206067	47.0472
	5	del	0.0789108	51.4772
	5	del	0.0863222	52.0403
	5	crg	0.0874546	52.1264
	5	del	0.115438	54.2526
	5	del	0.122324	54.7758
	5	crg	0.156204	57.35
	5	dup	0.16422	57.9591
	5	del	0.180341	59.1841
	5	crg	0.255743	64.9132
	5	dup	0.265513	65.6556
	5	del	0.373534	73.8631
	5	dup	0.508672	84.1312
	5	crg	0.510834	84.2955
	5	crl	0.609202	91.7697
	5	crg	0.650617	94.9164
	5	crg	0.665052	96.0132
	5	dup	0.669328	96.3381
	5	crg	0.75242	102.652
	5	crl	0.764046	103.535
	5	dup	0.873407	111.844
	5	crl	0.877267	112.138
	5	dup	0.922035	115.539

MUTATIONS   (7)  dup, deln, crl, crg, wgd:	9	11	13	14	0
	eid	type	time
	15	del	0.189597	3.90209
	15	del	0.920516	10.317
	15	del	0.988642	10.9149
	14	dup	0.0109573	12.1436
	14	dup	0.0110729	12.1555
	14	dup	0.0139575	12.4527
	14	crl	0.125416	23.9369
	14	crg	0.151373	26.6114
	14	del	0.161221	27.6261
	14	crg	0.17931	29.4899
	14	crg	0.184488	30.0233
	14	crg	0.187266	30.3096
	14	crg	0.249171	36.688
	14	dup	0.252557	37.0369
	14	crl	0.256568	37.4501
	14	crg	0.257552	37.5515
	14	dup	0.268242	38.653
	14	dup	0.268734	38.7037
	14	del	0.300184	41.9442
	14	crl	0.397142	51.9343
	14	del	0.401611	52.3947
	14	crg	0.458093	58.2144
	14	crg	0.473277	59.7788
	14	del	0.485284	61.0159
	14	crl	0.504177	62.9627
	14	del	0.518761	64.4653
	14	crl	0.519714	64.5634
	14	del	0.522775	64.8789
	14	del	0.529649	65.5871
	14	crg	0.547724	67.4495
	14	crg	0.562671	68.9896
	14	crg	0.571853	69.9356
	14	dup	0.583487	71.1344
	14	crg	0.586806	71.4764
	14	dup	0.598152	72.6454
	14	crl	0.69826	82.9601
	14	crg	0.699493	83.0871
	14	crl	0.711487	84.3229
	14	crg	0.735637	86.8112
	14	crl	0.738776	87.1345
	14	crl	0.801917	93.6403
	14	crl	0.811939	94.6729
	14	crl	0.919503	105.756
	14	del	0.958556	109.78
	14	crl	0.970491	111.009
	2	crl	0.505011	117.794
	2	dup	0.514035	117.861

MUTATIONS   (8)  dup, deln, crl, crg, wgd:	13	11	9	17	0
	eid	type	time
	16	crl	0.0282739	5.07647
	16	crg	0.0407021	6.32412
	16	crl	0.0426608	6.52075
	16	del	0.0648368	8.74696
	16	crg	0.0804579	10.3151
	16	crg	0.0890021	11.1729
	16	dup	0.0939035	11.6649
	16	dup	0.141415	16.4345
	16	crl	0.179785	20.2865
	16	del	0.184565	20.7663
	16	crl	0.223514	24.6764
	16	crg	0.272796	29.6237
	16	dup	0.338226	36.1921
	16	del	0.350763	37.4507
	16	crl	0.356182	37.9947
	16	crg	0.422295	44.6317
	16	dup	0.468102	49.2302
	16	crl	0.475765	49.9994
	16	del	0.498852	52.3171
	16	crg	0.546631	57.1136
	16	del	0.566244	59.0826
	16	dup	0.605384	63.0117
	16	crg	0.624374	64.9181
	16	dup	0.663884	68.8845
	16	crg	0.67199	69.6982
	16	crg	0.680558	70.5584
	16	del	0.688637	71.3694
	16	del	0.74325	76.8519
	16	dup	0.76033	78.5666
	16	del	0.80182	82.7317
	16	crl	0.80492	83.0429
	16	dup	0.814479	84.0025
	16	crl	0.822617	84.8195
	16	dup	0.861209	88.6937
	16	crl	0.906645	93.2549
	16	crg	0.936445	96.2465
	16	crg	0.945349	97.1404
	16	del	0.949429	97.5499
	16	dup	0.954713	98.0804
	16	crg	0.991362	101.76
	3	dup	0.196842	106.334
	3	dup	0.230629	106.971
	3	del	0.258853	107.503
	3	del	0.288189	108.055
	3	crg	0.297918	108.238
	3	crg	0.365476	109.511
	3	crg	0.412954	110.405
	3	crg	0.497801	112.003
	3	crg	0.676566	115.371
	3	dup	0.997182	121.41

MUTATIONS   (9)  dup, deln, crl, crg, wgd:	15	9	18	16	0
	eid	type	time
	18	crl	0.0262296	1.19722
	18	del	0.0967176	2.68198
	18	crg	0.335431	7.71023
	18	crg	0.529493	11.7979
	18	del	0.55161	12.2638
	18	del	0.637487	14.0727
	18	dup	0.645179	14.2348
	18	crl	0.674691	14.8564
	18	dup	0.705452	15.5043
	18	crl	0.733976	16.1052
	18	crg	0.767659	16.8147
	18	dup	0.776688	17.0049
	18	crg	0.79996	17.4951
	18	crl	0.905504	19.7182
	11	del	0.586414	24.7629
	11	dup	0.693188	25.3191
	9	crl	0.00496335	27.3863
	9	crg	0.028882	29.6477
	9	crg	0.0510119	31.74
	9	crl	0.0511219	31.7504
	9	crl	0.0643156	32.9978
	9	dup	0.0681114	33.3567
	9	crl	0.090451	35.4688
	9	dup	0.108563	37.1813
	9	crg	0.141054	40.2531
	9	dup	0.142953	40.4326
	9	crl	0.1433	40.4655
	9	dup	0.243491	49.9381
	9	crl	0.255105	51.0362
	9	crg	0.255965	51.1175
	9	dup	0.272341	52.6658
	9	crl	0.274561	52.8757
	9	crg	0.304991	55.7527
	9	crl	0.310864	56.308
	9	crg	0.347125	59.7364
	9	del	0.40084	64.8149
	9	crl	0.427994	67.3822
	9	crg	0.450228	69.4843
	9	crl	0.489562	73.2032
	9	dup	0.498874	74.0836
	9	crl	0.519558	76.0392
	9	crg	0.53918	77.8943
	9	dup	0.542681	78.2254
	9	dup	0.594112	83.088
	9	crl	0.599601	83.607
	9	dup	0.613823	84.9516
	9	crg	0.630111	86.4916
	9	dup	0.740387	96.9177
	9	crg	0.745518	97.4029
	9	del	0.771404	99.8502
	9	crl	0.80433	102.963
	9	del	0.871887	109.351
	9	del	0.882565	110.36
	9	crg	0.897021	111.727
	9	dup	0.901016	112.105
	9	crg	0.933344	115.161
	9	del	0.959657	117.649
	9	crl	0.979614	119.536

MUTATIONS   (10)  dup, deln, crl, crg, wgd:	16	11	12	13	0
	eid	type	time
	18	crl	0.0262296	1.19722
	18	del	0.0967176	2.68198
	18	crg	0.335431	7.71023
	18	crg	0.529493	11.7979
	18	del	0.55161	12.2638
	18	del	0.637487	14.0727
	18	dup	0.645179	14.2348
	18	crl	0.674691	14.8564
	18	dup	0.705452	15.5043
	18	crl	0.733976	16.1052
	18	crg	0.767659	16.8147
	18	dup	0.776688	17.0049
	18	crg	0.79996	17.4951
	18	crl	0.905504	19.7182
	11	del	0.586414	24.7629
	11	dup	0.693188	25.3191
	10	dup	0.0178765	28.6072
	10	del	0.0287881	29.6388
	10	del	0.0334656	30.0811
	10	crg	0.0388031	30.5857
	10	crg	0.0493009	31.5782
	10	dup	0.189609	44.8438
	10	dup	0.208925	46.67
	10	crg	0.230444	48.7046
	10	crg	0.243961	49.9825
	10	dup	0.251261	50.6728
	10	del	0.269357	52.3837
	10	del	0.314442	56.6463
	10	dup	0.355855	60.5618
	10	dup	0.410041	65.6848
	10	del	0.425691	67.1644
	10	crl	0.439714	68.4903
	10	dup	0.505497	74.7098
	10	crg	0.54058	78.0267
	10	dup	0.555855	79.471
	10	del	0.565785	80.4098
	10	crl	0.575448	81.3234
	10	crl	0.581069	81.8549
	10	crl	0.641498	87.5681
	10	crl	0.686064	91.7817
	10	del	0.710236	94.0671
	10	crl	0.730713	96.0031
	10	dup	0.759443	98.7194
	10	crg	0.777356	100.413
	10	crg	0.786722	101.299
	10	crg	0.843241	106.642
	10	crl	0.93049	114.891
	10	crl	0.939875	115.779
	10	dup	0.945463	116.307
	10	dup	0.960645	117.742
	10	dup	0.98382	119.933
	10	crg	0.989327	120.454

MUTATIONS   (11)  dup, deln, crl, crg, wgd:	0	0	0	0	0
	eid	type	time

