NODE TIMES:	nid	time
	1	168.776
	2	168.776
	3	168.776
	4	168.776
	5	168.776
	6	168.776
	7	168.776
	8	168.776
	9	168.776
	10	168.776
	11	0
	12	0
	13	109.743
	14	94.8841
	15	57.0903
	16	28.2481
	17	22.5924
	18	21.0782
	19	14.9746
	20	4.09923
	21	2.16095

ANCESTRY    (1)	19 (12 -> 21) 	18 (21 -> 20) 	16 (20 -> 19) 	13 (19 -> 16) 	8 (16 -> 1) 
ANCESTRY    (2)	19 (12 -> 21) 	18 (21 -> 20) 	15 (20 -> 17) 	9 (17 -> 15) 	5 (15 -> 13) 	2 (13 -> 2) 
ANCESTRY    (3)	19 (12 -> 21) 	18 (21 -> 20) 	15 (20 -> 17) 	9 (17 -> 15) 	6 (15 -> 3) 
ANCESTRY    (4)	19 (12 -> 21) 	18 (21 -> 20) 	15 (20 -> 17) 	10 (17 -> 14) 	3 (14 -> 4) 
ANCESTRY    (5)	19 (12 -> 21) 	18 (21 -> 20) 	16 (20 -> 19) 	14 (19 -> 5) 
ANCESTRY    (6)	19 (12 -> 21) 	17 (21 -> 18) 	12 (18 -> 6) 
ANCESTRY    (7)	19 (12 -> 21) 	18 (21 -> 20) 	15 (20 -> 17) 	9 (17 -> 15) 	5 (15 -> 13) 	1 (13 -> 7) 
ANCESTRY    (8)	19 (12 -> 21) 	18 (21 -> 20) 	16 (20 -> 19) 	13 (19 -> 16) 	7 (16 -> 8) 
ANCESTRY    (9)	19 (12 -> 21) 	18 (21 -> 20) 	15 (20 -> 17) 	10 (17 -> 14) 	4 (14 -> 9) 
ANCESTRY    (10)	19 (12 -> 21) 	17 (21 -> 18) 	11 (18 -> 10) 
ANCESTRY    (11)	20 (12 -> 11) 

MUTATIONS   (1)  dup, deln, crl, crg, wgd:	26	15	17	13	0
	eid	type	time
	19	crg	0.960085	2.0747
	16	del	0.209904	6.38202
	16	crl	0.272595	7.0638
	16	dup	0.287657	7.22761
	16	dup	0.656262	11.2363
	16	crg	0.685246	11.5515
	13	del	0.0270896	15.3342
	13	dup	0.231279	18.0445
	13	dup	0.262241	18.4555
	13	crg	0.290451	18.8299
	13	crl	0.514518	21.8041
	13	del	0.735975	24.7436
	8	crl	0.000198534	28.276
	8	crl	0.00127712	28.4276
	8	del	0.066535	37.5982
	8	del	0.0919653	41.1718
	8	crg	0.0957939	41.7099
	8	dup	0.100804	42.4139
	8	dup	0.115191	44.4357
	8	del	0.170889	52.2628
	8	del	0.178104	53.2767
	8	dup	0.179534	53.4777
	8	crg	0.188484	54.7354
	8	crl	0.201875	56.6172
	8	dup	0.204988	57.0547
	8	crl	0.214206	58.3501
	8	del	0.220158	59.1865
	8	dup	0.230744	60.6742
	8	crl	0.234835	61.249
	8	crl	0.257556	64.4419
	8	dup	0.263192	65.234
	8	dup	0.270839	66.3085
	8	dup	0.2935	69.493
	8	del	0.304317	71.0132
	8	del	0.328858	74.4619
	8	dup	0.393442	83.5378
	8	crl	0.418349	87.0379
	8	del	0.442426	90.4213
	8	dup	0.471847	94.5559
	8	crg	0.48921	96.9959
	8	dup	0.489395	97.0218
	8	dup	0.532586	103.091
	8	del	0.552645	105.91
	8	dup	0.56699	107.926
	8	crg	0.581755	110.001
	8	crl	0.592306	111.484
	8	crl	0.623106	115.812
	8	dup	0.634019	117.346
	8	crl	0.63481	117.457
	8	crg	0.63627	117.662
	8	del	0.643768	118.716
	8	crl	0.647206	119.199
	8	crg	0.657678	120.67
	8	crg	0.681723	124.049
	8	crg	0.709027	127.886
	8	dup	0.715906	128.853
	8	dup	0.717778	129.116
	8	crl	0.735595	131.62
	8	dup	0.735707	131.636
	8	del	0.751406	133.842
	8	dup	0.771603	136.68
	8	dup	0.797426	140.309
	8	dup	0.806361	141.564
	8	crl	0.823572	143.983
	8	crl	0.845271	147.032
	8	crg	0.892818	153.714
	8	dup	0.899483	154.651
	8	crg	0.901881	154.988
	8	dup	0.979113	165.841
	8	crl	0.987513	167.021
	8	del	0.987693	167.047

MUTATIONS   (2)  dup, deln, crl, crg, wgd:	24	24	15	14	0
	eid	type	time
	19	crg	0.960085	2.0747
	15	crl	0.0255619	4.57195
	15	dup	0.452738	12.4718
	15	dup	0.734292	17.6786
	15	del	0.771168	18.3606
	15	dup	0.847331	19.7691
	15	dup	0.934985	21.3901
	9	crg	0.0228421	23.3804
	9	del	0.0413031	24.0173
	9	del	0.103986	26.1797
	9	crl	0.130891	27.1079
	9	crg	0.151121	27.8058
	9	crl	0.230711	30.5514
	9	crl	0.310247	33.2953
	9	crl	0.342061	34.3928
	9	del	0.358889	34.9733
	9	dup	0.406967	36.6319
	9	crl	0.459879	38.4572
	9	crg	0.554998	41.7386
	9	del	0.564816	42.0773
	9	dup	0.567798	42.1802
	9	dup	0.676409	45.927
	9	crl	0.728703	47.7311
	9	crl	0.840311	51.5813
	9	crl	0.882953	53.0524
	9	crg	0.914606	54.1443
	9	del	0.970216	56.0628
	9	dup	0.984074	56.5408
	5	del	0.0761791	61.1013
	5	del	0.167132	65.8902
	5	dup	0.178147	66.4701
	5	crl	0.2904	72.3805
	5	del	0.297867	72.7737
	5	del	0.379613	77.0777
	5	dup	0.400234	78.1635
	5	crg	0.422989	79.3616
	5	dup	0.424471	79.4396
	5	del	0.501749	83.5085
	5	del	0.579079	87.5801
	5	dup	0.606579	89.0281
	5	crl	0.618838	89.6735
	5	crg	0.687359	93.2813
	5	crg	0.711404	94.5473
	5	crl	0.716906	94.837
	5	dup	0.723094	95.1628
	5	dup	0.775285	97.9108
	5	dup	0.885927	103.736
	5	crg	0.919796	105.52
	5	del	0.928834	105.995
	5	dup	0.999302	109.706
	2	crg	0.0226575	111.08
	2	crl	0.0827559	114.628
	2	dup	0.138374	117.911
	2	crg	0.254042	124.74
	2	dup	0.26844	125.59
	2	dup	0.269062	125.626
	2	del	0.294516	127.129
	2	dup	0.34147	129.901
	2	crl	0.349304	130.363
	2	del	0.359677	130.976
	2	dup	0.433036	135.306
	2	del	0.451233	136.38
	2	del	0.464231	137.148
	2	del	0.497879	139.134
	2	del	0.509562	139.824
	2	dup	0.510571	139.883
	2	crl	0.547874	142.086
	2	dup	0.571037	143.453
	2	del	0.602499	145.31
	2	dup	0.657959	148.584
	2	del	0.664603	148.976
	2	crg	0.682514	150.034
	2	del	0.747536	153.872
	2	crg	0.751792	154.124
	2	del	0.883688	161.91
	2	del	0.948216	165.719
	2	crg	0.961385	166.497

MUTATIONS   (3)  dup, deln, crl, crg, wgd:	19	16	23	18	0
	eid	type	time
	19	crg	0.960085	2.0747
	15	crl	0.0255619	4.57195
	15	dup	0.452738	12.4718
	15	dup	0.734292	17.6786
	15	del	0.771168	18.3606
	15	dup	0.847331	19.7691
	15	dup	0.934985	21.3901
	9	crg	0.0228421	23.3804
	9	del	0.0413031	24.0173
	9	del	0.103986	26.1797
	9	crl	0.130891	27.1079
	9	crg	0.151121	27.8058
	9	crl	0.230711	30.5514
	9	crl	0.310247	33.2953
	9	crl	0.342061	34.3928
	9	del	0.358889	34.9733
	9	dup	0.406967	36.6319
	9	crl	0.459879	38.4572
	9	crg	0.554998	41.7386
	9	del	0.564816	42.0773
	9	dup	0.567798	42.1802
	9	dup	0.676409	45.927
	9	crl	0.728703	47.7311
	9	crl	0.840311	51.5813
	9	crl	0.882953	53.0524
	9	crg	0.914606	54.1443
	9	del	0.970216	56.0628
	9	dup	0.984074	56.5408
	6	crl	0.00375645	57.5098
	6	dup	0.0395714	61.5098
	6	del	0.0671524	64.5902
	6	dup	0.0726136	65.2002
	6	crg	0.0749634	65.4626
	6	del	0.0764954	65.6337
	6	crg	0.0929371	67.47
	6	dup	0.0983149	68.0706
	6	dup	0.104842	68.7997
	6	crl	0.12231	70.7506
	6	crl	0.170861	76.1731
	6	dup	0.177461	76.9102
	6	dup	0.26146	86.2916
	6	del	0.282493	88.6408
	6	crl	0.316167	92.4016
	6	crg	0.367757	98.1635
	6	crl	0.370823	98.506
	6	crl	0.386444	100.251
	6	crg	0.409983	102.88
	6	del	0.410799	102.971
	6	dup	0.446146	106.918
	6	crg	0.483641	111.106
	6	crg	0.508756	113.911
	6	crg	0.513134	114.4
	6	crg	0.540536	117.461
	6	dup	0.544931	117.951
	6	del	0.55649	119.242
	6	dup	0.56372	120.05
	6	del	0.577688	121.61
	6	crl	0.593799	123.409
	6	dup	0.604736	124.631
	6	del	0.612425	125.49
	6	crl	0.629104	127.352
	6	del	0.642508	128.849
	6	crl	0.648828	129.555
	6	crl	0.689586	134.107
	6	crg	0.733673	139.031
	6	del	0.76385	142.401
	6	crl	0.783596	144.607
	6	crg	0.815643	148.186
	6	crl	0.884708	155.9
	6	crg	0.901489	157.774
	6	crg	0.909272	158.643
	6	crl	0.920132	159.856
	6	dup	0.945587	162.699
	6	del	0.965413	164.913
	6	crl	0.984809	167.08
	6	crg	0.985196	167.123

MUTATIONS   (4)  dup, deln, crl, crg, wgd:	19	17	15	14	0
	eid	type	time
	19	crg	0.960085	2.0747
	15	crl	0.0255619	4.57195
	15	dup	0.452738	12.4718
	15	dup	0.734292	17.6786
	15	del	0.771168	18.3606
	15	dup	0.847331	19.7691
	15	dup	0.934985	21.3901
	10	crl	0.0134139	23.5621
	10	crg	0.0222124	24.1982
	10	del	0.0667379	27.417
	10	del	0.133999	32.2794
	10	del	0.211032	37.8483
	10	crl	0.214549	38.1025
	10	crl	0.265048	41.7531
	10	crg	0.28063	42.8796
	10	crg	0.410054	52.2359
	10	dup	0.424133	53.2537
	10	dup	0.43082	53.7371
	10	crl	0.441227	54.4895
	10	del	0.442666	54.5934
	10	crl	0.566432	63.5407
	10	dup	0.639507	68.8234
	10	crg	0.683252	71.9858
	10	crg	0.732566	75.5508
	10	crl	0.861091	84.8421
	10	dup	0.892646	87.1233
	10	dup	0.952394	91.4426
	10	crg	0.953306	91.5085
	10	crl	0.991994	94.3053
	10	crl	0.996984	94.666
	3	crl	0.0108941	95.689
	3	del	0.0242811	96.6782
	3	dup	0.0248471	96.7201
	3	crg	0.0562127	99.0377
	3	del	0.0873134	101.336
	3	crl	0.0880936	101.393
	3	crl	0.114183	103.321
	3	dup	0.174807	107.801
	3	del	0.199404	109.618
	3	del	0.249224	113.3
	3	crg	0.254418	113.684
	3	dup	0.289314	116.262
	3	dup	0.293493	116.571
	3	del	0.303064	117.278
	3	del	0.305414	117.452
	3	crl	0.322869	118.742
	3	crg	0.346178	120.464
	3	del	0.356508	121.227
	3	del	0.367964	122.074
	3	del	0.369985	122.223
	3	dup	0.373309	122.469
	3	dup	0.450054	128.14
	3	dup	0.525483	133.713
	3	dup	0.532219	134.211
	3	crg	0.546706	135.281
	3	crg	0.569113	136.937
	3	crg	0.575938	137.441
	3	del	0.691111	145.952
	3	dup	0.807081	154.521
	3	del	0.824186	155.785
	3	dup	0.827668	156.042
	3	del	0.867003	158.949
	3	crl	0.949924	165.076
	3	crl	0.969052	166.489
	3	crg	0.981483	167.408

MUTATIONS   (5)  dup, deln, crl, crg, wgd:	16	23	10	14	1
	eid	type	time
	19	crg	0.960085	2.0747
	16	del	0.209904	6.38202
	16	crl	0.272595	7.0638
	16	dup	0.287657	7.22761
	16	dup	0.656262	11.2363
	16	crg	0.685246	11.5515
	14	crl	0.0035862	15.5262
	14	crl	0.00667188	16.0008
	14	del	0.00961006	16.4527
	14	del	0.0159404	17.4263
	14	dup	0.0480886	22.3707
	14	crl	0.0608902	24.3396
	14	crl	0.0632629	24.7045
	14	del	0.0712527	25.9334
	14	dup	0.0837296	27.8524
	14	wgd	0.0940473	29.4392
	14	crg	0.0965416	29.8229
	14	crg	0.114652	32.6082
	14	crl	0.123122	33.911
	14	crg	0.161948	39.8825
	14	del	0.166285	40.5496
	14	crg	0.194001	44.8123
	14	dup	0.208488	47.0404
	14	dup	0.209992	47.2718
	14	del	0.214268	47.9294
	14	crg	0.219526	48.738
	14	dup	0.254201	54.0711
	14	crg	0.256818	54.4737
	14	crl	0.260727	55.0749
	14	del	0.289732	59.5358
	14	del	0.295466	60.4178
	14	del	0.309244	62.5367
	14	del	0.319622	64.133
	14	dup	0.34121	67.4533
	14	crg	0.363946	70.95
	14	crg	0.37439	72.5564
	14	del	0.376539	72.8869
	14	dup	0.386505	74.4197
	14	del	0.400395	76.5559
	14	del	0.454933	84.944
	14	dup	0.467928	86.9427
	14	del	0.471647	87.5146
	14	dup	0.494801	91.0758
	14	crl	0.501096	92.0439
	14	crl	0.513873	94.009
	14	del	0.525272	95.7623
	14	dup	0.532018	96.7997
	14	del	0.533556	97.0364
	14	crg	0.622257	110.679
	14	del	0.629877	111.851
	14	crg	0.636622	112.888
	14	crg	0.647789	114.606
	14	dup	0.647906	114.624
	14	dup	0.702201	122.974
	14	del	0.752905	130.773
	14	del	0.753006	130.788
	14	del	0.757248	131.441
	14	crl	0.811147	139.73
	14	crg	0.868037	148.48
	14	del	0.871274	148.978
	14	dup	0.873444	149.312
	14	del	0.932667	158.42
	14	dup	0.932809	158.442
	14	del	0.978028	165.397

MUTATIONS   (6)  dup, deln, crl, crg, wgd:	15	23	14	20	1
	eid	type	time
	19	crg	0.960085	2.0747
	17	del	0.195826	5.86544
	17	crl	0.196024	5.86918
	17	dup	0.503212	11.6803
	17	del	0.668028	14.7982
	17	crl	0.828252	17.8292
	17	crg	0.860665	18.4423
	12	crl	0.00663755	22.0585
	12	crg	0.0264594	24.9862
	12	del	0.0630345	30.3883
	12	crl	0.107967	37.0247
	12	dup	0.144651	42.4428
	12	crg	0.146586	42.7286
	12	dup	0.169191	46.0673
	12	crl	0.206248	51.5406
	12	crg	0.210762	52.2073
	12	crl	0.234661	55.7371
	12	crl	0.244024	57.1201
	12	crg	0.263586	60.0093
	12	crg	0.279908	62.4201
	12	crg	0.286811	63.4395
	12	del	0.30561	66.2162
	12	crg	0.308806	66.6882
	12	crl	0.32369	68.8865
	12	del	0.324935	69.0705
	12	del	0.325809	69.1994
	12	del	0.375371	76.5198
	12	del	0.388359	78.438
	12	crg	0.396075	79.5777
	12	del	0.407202	81.2211
	12	dup	0.408053	81.3468
	12	crl	0.434244	85.2151
	12	dup	0.435109	85.3429
	12	crl	0.437866	85.7501
	12	crl	0.441321	86.2604
	12	crg	0.450576	87.6273
	12	dup	0.499191	94.8077
	12	crg	0.506642	95.9082
	12	dup	0.517226	97.4714
	12	del	0.523417	98.3858
	12	crl	0.527557	98.9972
	12	crg	0.552667	102.706
	12	dup	0.558297	103.538
	12	dup	0.562469	104.154
	12	del	0.568945	105.11
	12	del	0.592477	108.586
	12	del	0.60952	111.103
	12	del	0.611677	111.422
	12	dup	0.617056	112.216
	12	crg	0.630865	114.256
	12	crl	0.632236	114.458
	12	del	0.692949	123.425
	12	crg	0.703282	124.951
	12	crg	0.719295	127.317
	12	dup	0.731179	129.072
	12	dup	0.755094	132.604
	12	crl	0.766452	134.282
	12	crg	0.818657	141.992
	12	del	0.837066	144.711
	12	del	0.855387	147.417
	12	dup	0.864062	148.698
	12	wgd	0.898264	153.75
	12	del	0.910326	155.531
	12	del	0.913404	155.986
	12	del	0.931825	158.707
	12	crg	0.949842	161.368
	12	crg	0.957857	162.552
	12	del	0.960185	162.896
	12	dup	0.981314	166.016
	12	del	0.981481	166.041
	12	dup	0.982993	166.264
	12	del	0.984105	166.429
	12	crg	0.992205	167.625

MUTATIONS   (7)  dup, deln, crl, crg, wgd:	24	16	17	17	0
	eid	type	time
	19	crg	0.960085	2.0747
	15	crl	0.0255619	4.57195
	15	dup	0.452738	12.4718
	15	dup	0.734292	17.6786
	15	del	0.771168	18.3606
	15	dup	0.847331	19.7691
	15	dup	0.934985	21.3901
	9	crg	0.0228421	23.3804
	9	del	0.0413031	24.0173
	9	del	0.103986	26.1797
	9	crl	0.130891	27.1079
	9	crg	0.151121	27.8058
	9	crl	0.230711	30.5514
	9	crl	0.310247	33.2953
	9	crl	0.342061	34.3928
	9	del	0.358889	34.9733
	9	dup	0.406967	36.6319
	9	crl	0.459879	38.4572
	9	crg	0.554998	41.7386
	9	del	0.564816	42.0773
	9	dup	0.567798	42.1802
	9	dup	0.676409	45.927
	9	crl	0.728703	47.7311
	9	crl	0.840311	51.5813
	9	crl	0.882953	53.0524
	9	crg	0.914606	54.1443
	9	del	0.970216	56.0628
	9	dup	0.984074	56.5408
	5	del	0.0761791	61.1013
	5	del	0.167132	65.8902
	5	dup	0.178147	66.4701
	5	crl	0.2904	72.3805
	5	del	0.297867	72.7737
	5	del	0.379613	77.0777
	5	dup	0.400234	78.1635
	5	crg	0.422989	79.3616
	5	dup	0.424471	79.4396
	5	del	0.501749	83.5085
	5	del	0.579079	87.5801
	5	dup	0.606579	89.0281
	5	crl	0.618838	89.6735
	5	crg	0.687359	93.2813
	5	crg	0.711404	94.5473
	5	crl	0.716906	94.837
	5	dup	0.723094	95.1628
	5	dup	0.775285	97.9108
	5	dup	0.885927	103.736
	5	crg	0.919796	105.52
	5	del	0.928834	105.995
	5	dup	0.999302	109.706
	1	crl	0.0303895	111.537
	1	dup	0.0333278	111.71
	1	crl	0.0723814	114.015
	1	crg	0.0877491	114.923
	1	dup	0.104968	115.939
	1	dup	0.1191	116.773
	1	del	0.14714	118.429
	1	crg	0.155028	118.894
	1	crg	0.190607	120.995
	1	crg	0.269912	125.676
	1	crg	0.280832	126.321
	1	crg	0.296829	127.265
	1	del	0.353532	130.613
	1	crl	0.454729	136.587
	1	crg	0.498448	139.168
	1	dup	0.522716	140.6
	1	dup	0.588637	144.492
	1	del	0.626688	146.738
	1	dup	0.665311	149.018
	1	crg	0.708008	151.539
	1	dup	0.739775	153.414
	1	crl	0.762675	154.766
	1	crl	0.764694	154.885
	1	dup	0.8246	158.422

MUTATIONS   (8)  dup, deln, crl, crg, wgd:	19	14	25	14	0
	eid	type	time
	19	crg	0.960085	2.0747
	16	del	0.209904	6.38202
	16	crl	0.272595	7.0638
	16	dup	0.287657	7.22761
	16	dup	0.656262	11.2363
	16	crg	0.685246	11.5515
	13	del	0.0270896	15.3342
	13	dup	0.231279	18.0445
	13	dup	0.262241	18.4555
	13	crg	0.290451	18.8299
	13	crl	0.514518	21.8041
	13	del	0.735975	24.7436
	7	crl	0.0130219	30.0781
	7	del	0.038772	33.6967
	7	crg	0.0634735	37.1679
	7	crl	0.0903101	40.9392
	7	dup	0.0932068	41.3463
	7	dup	0.151392	49.523
	7	dup	0.151438	49.5293
	7	crl	0.152388	49.6629
	7	crl	0.158331	50.498
	7	dup	0.192631	55.3181
	7	dup	0.218391	58.9381
	7	crl	0.235197	61.2999
	7	crg	0.249863	63.3609
	7	crl	0.25984	64.7629
	7	crg	0.288753	68.8261
	7	crg	0.319492	73.1457
	7	crl	0.34426	76.6262
	7	dup	0.345791	76.8414
	7	del	0.38239	81.9846
	7	del	0.419609	87.2149
	7	dup	0.450824	91.6016
	7	dup	0.460805	93.0041
	7	dup	0.461983	93.1697
	7	dup	0.524615	101.971
	7	crl	0.531079	102.88
	7	del	0.57935	109.663
	7	crl	0.589157	111.041
	7	crl	0.610588	114.053
	7	crl	0.622127	115.674
	7	crl	0.633597	117.286
	7	del	0.651654	119.824
	7	crl	0.655164	120.317
	7	del	0.660446	121.059
	7	crg	0.672027	122.687
	7	del	0.687092	124.804
	7	crl	0.720033	129.433
	7	dup	0.721536	129.644
	7	del	0.747662	133.316
	7	dup	0.758783	134.878
	7	dup	0.764598	135.696
	7	crg	0.770418	136.513
	7	crg	0.803201	141.12
	7	crg	0.812121	142.374
	7	crl	0.820848	143.6
	7	crl	0.822586	143.845
	7	crl	0.825601	144.268
	7	crl	0.870722	150.609
	7	crg	0.87529	151.251
	7	crl	0.894027	153.884
	7	del	0.904278	155.325
	7	crl	0.906203	155.595
	7	crg	0.90989	156.113
	7	dup	0.913886	156.675
	7	dup	0.921536	157.75
	7	crl	0.924783	158.206
	7	del	0.95859	162.957
	7	crg	0.969511	164.492
	7	del	0.974015	165.125
	7	crl	0.979316	165.869
	7	crl	0.991101	167.526

MUTATIONS   (9)  dup, deln, crl, crg, wgd:	19	9	20	17	0
	eid	type	time
	19	crg	0.960085	2.0747
	15	crl	0.0255619	4.57195
	15	dup	0.452738	12.4718
	15	dup	0.734292	17.6786
	15	del	0.771168	18.3606
	15	dup	0.847331	19.7691
	15	dup	0.934985	21.3901
	10	crl	0.0134139	23.5621
	10	crg	0.0222124	24.1982
	10	del	0.0667379	27.417
	10	del	0.133999	32.2794
	10	del	0.211032	37.8483
	10	crl	0.214549	38.1025
	10	crl	0.265048	41.7531
	10	crg	0.28063	42.8796
	10	crg	0.410054	52.2359
	10	dup	0.424133	53.2537
	10	dup	0.43082	53.7371
	10	crl	0.441227	54.4895
	10	del	0.442666	54.5934
	10	crl	0.566432	63.5407
	10	dup	0.639507	68.8234
	10	crg	0.683252	71.9858
	10	crg	0.732566	75.5508
	10	crl	0.861091	84.8421
	10	dup	0.892646	87.1233
	10	dup	0.952394	91.4426
	10	crg	0.953306	91.5085
	10	crl	0.991994	94.3053
	10	crl	0.996984	94.666
	4	crg	0.00906343	95.5538
	4	dup	0.0325686	97.2906
	4	crl	0.0330143	97.3236
	4	dup	0.074992	100.425
	4	crl	0.0866986	101.29
	4	crg	0.126221	104.211
	4	crg	0.132384	104.666
	4	del	0.142145	105.387
	4	crg	0.149818	105.954
	4	dup	0.212437	110.581
	4	crl	0.217763	110.975
	4	crg	0.267936	114.682
	4	crl	0.331069	119.347
	4	crg	0.341981	120.154
	4	dup	0.355618	121.161
	4	crl	0.444925	127.76
	4	crl	0.446488	127.876
	4	dup	0.449262	128.081
	4	crg	0.526659	133.8
	4	del	0.528572	133.941
	4	crg	0.55792	136.11
	4	crg	0.563846	136.548
	4	dup	0.655808	143.343
	4	crl	0.684356	145.453
	4	crl	0.686244	145.592
	4	crl	0.742783	149.77
	4	dup	0.752161	150.463
	4	crg	0.772772	151.986
	4	dup	0.794467	153.589
	4	del	0.803078	154.225
	4	dup	0.862419	158.61
	4	del	0.9108	162.185
	4	dup	0.962241	165.986
	4	crl	0.993544	168.299
	4	crl	0.999664	168.751

MUTATIONS   (10)  dup, deln, crl, crg, wgd:	14	15	12	13	0
	eid	type	time
	19	crg	0.960085	2.0747
	17	del	0.195826	5.86544
	17	crl	0.196024	5.86918
	17	dup	0.503212	11.6803
	17	del	0.668028	14.7982
	17	crl	0.828252	17.8292
	17	crg	0.860665	18.4423
	11	crl	0.00189162	21.3576
	11	del	0.00979142	22.5244
	11	dup	0.011549	22.784
	11	dup	0.0117392	22.812
	11	crg	0.0466722	27.9716
	11	del	0.0536273	28.9988
	11	dup	0.132718	40.6803
	11	dup	0.169506	46.1138
	11	crl	0.189743	49.1029
	11	crg	0.193762	49.6964
	11	dup	0.21343	52.6013
	11	del	0.22903	54.9054
	11	del	0.238047	56.2373
	11	crg	0.31344	67.3727
	11	crl	0.332241	70.1495
	11	del	0.339386	71.2048
	11	dup	0.355321	73.5583
	11	crg	0.359824	74.2235
	11	crl	0.372484	76.0933
	11	crl	0.384879	77.9241
	11	crl	0.462799	89.4327
	11	del	0.46461	89.7001
	11	crg	0.469632	90.4419
	11	del	0.473883	91.0697
	11	crl	0.522081	98.1885
	11	dup	0.566631	104.768
	11	del	0.578562	106.531
	11	crg	0.600853	109.823
	11	crg	0.61211	111.486
	11	crl	0.61604	112.066
	11	crl	0.637457	115.229
	11	dup	0.6401	115.62
	11	crg	0.644857	116.322
	11	dup	0.655754	117.932
	11	dup	0.659942	118.55
	11	dup	0.667108	119.609
	11	crg	0.802237	139.567
	11	del	0.804597	139.915
	11	del	0.867766	149.246
	11	crg	0.88264	151.442
	11	del	0.926931	157.984
	11	dup	0.931542	158.665
	11	dup	0.94646	160.868
	11	del	0.951691	161.641
	11	crg	0.957615	162.516
	11	del	0.975514	165.16
	11	crl	0.997475	168.403

MUTATIONS   (11)  dup, deln, crl, crg, wgd:	0	0	0	0	0
	eid	type	time

