NODE TIMES:	nid	time
	1	153.435
	2	153.435
	3	153.435
	4	153.435
	5	153.435
	6	153.435
	7	153.435
	8	153.435
	9	153.435
	10	153.435
	11	0
	12	0
	13	147.636
	14	83.306
	15	47.5319
	16	42.0404
	17	18.9471
	18	5.45804
	19	2.3379
	20	1.44184
	21	0.461805

ANCESTRY    (1)	19 (12 -> 21) 	17 (21 -> 20) 	16 (20 -> 19) 	13 (19 -> 17) 	9 (17 -> 1) 
ANCESTRY    (2)	19 (12 -> 21) 	17 (21 -> 20) 	16 (20 -> 19) 	14 (19 -> 16) 	8 (16 -> 14) 	3 (14 -> 2) 
ANCESTRY    (3)	19 (12 -> 21) 	18 (21 -> 18) 	12 (18 -> 15) 	5 (15 -> 13) 	1 (13 -> 3) 
ANCESTRY    (4)	19 (12 -> 21) 	17 (21 -> 20) 	16 (20 -> 19) 	14 (19 -> 16) 	7 (16 -> 4) 
ANCESTRY    (5)	19 (12 -> 21) 	17 (21 -> 20) 	15 (20 -> 5) 
ANCESTRY    (6)	19 (12 -> 21) 	17 (21 -> 20) 	16 (20 -> 19) 	14 (19 -> 16) 	8 (16 -> 14) 	4 (14 -> 6) 
ANCESTRY    (7)	19 (12 -> 21) 	17 (21 -> 20) 	16 (20 -> 19) 	13 (19 -> 17) 	10 (17 -> 7) 
ANCESTRY    (8)	19 (12 -> 21) 	18 (21 -> 18) 	12 (18 -> 15) 	5 (15 -> 13) 	2 (13 -> 8) 
ANCESTRY    (9)	19 (12 -> 21) 	18 (21 -> 18) 	12 (18 -> 15) 	6 (15 -> 9) 
ANCESTRY    (10)	19 (12 -> 21) 	18 (21 -> 18) 	11 (18 -> 10) 
ANCESTRY    (11)	20 (12 -> 11) 

MUTATIONS   (1)  dup, deln, crl, crg, wgd:	19	18	17	26	0
	eid	type	time
	13	crl	0.0902807	3.83738
	13	dup	0.26149	6.68102
	13	crg	0.298528	7.29619
	13	crg	0.501224	10.6628
	13	crg	0.533623	11.2009
	13	dup	0.944065	18.018
	13	dup	0.950931	18.1321
	13	dup	0.986566	18.7239
	9	crg	0.0236491	22.1276
	9	dup	0.0307352	23.0806
	9	crg	0.0549474	26.3368
	9	crg	0.0789215	29.5611
	9	crl	0.169974	41.8065
	9	crl	0.171066	41.9533
	9	crl	0.177504	42.8192
	9	dup	0.190097	44.5128
	9	del	0.190944	44.6268
	9	crg	0.191655	44.7224
	9	crg	0.197362	45.49
	9	crg	0.222338	48.8488
	9	crl	0.233287	50.3215
	9	crl	0.257194	53.5366
	9	dup	0.277547	56.2739
	9	crg	0.368169	68.4614
	9	del	0.372577	69.0542
	9	del	0.377076	69.6593
	9	del	0.381987	70.3199
	9	crg	0.390419	71.4538
	9	del	0.393474	71.8647
	9	crg	0.397237	72.3708
	9	del	0.397654	72.4268
	9	crg	0.406414	73.6049
	9	del	0.414387	74.6773
	9	crg	0.416429	74.9518
	9	del	0.426369	76.2886
	9	crg	0.430775	76.8812
	9	crl	0.440063	78.1303
	9	dup	0.451248	79.6345
	9	crg	0.455729	80.2372
	9	dup	0.475167	82.8514
	9	crl	0.485045	84.1799
	9	crl	0.489161	84.7335
	9	dup	0.499368	86.1062
	9	crl	0.51187	87.7875
	9	del	0.524011	89.4203
	9	del	0.529306	90.1325
	9	crl	0.531905	90.482
	9	crg	0.534068	90.7729
	9	del	0.547033	92.5166
	9	del	0.55747	93.9201
	9	del	0.57532	96.3208
	9	del	0.588416	98.082
	9	dup	0.623971	102.864
	9	del	0.627353	103.319
	9	crl	0.630491	103.741
	9	del	0.642117	105.304
	9	crg	0.675542	109.8
	9	crl	0.68331	110.844
	9	crl	0.692851	112.127
	9	dup	0.698114	112.835
	9	dup	0.700104	113.103
	9	crl	0.716737	115.34
	9	crg	0.728539	116.927
	9	dup	0.751671	120.038
	9	crl	0.770447	122.563
	9	dup	0.771607	122.719
	9	del	0.775478	123.24
	9	crl	0.792293	125.501
	9	crg	0.806401	127.398
	9	dup	0.812229	128.182
	9	crg	0.827533	130.241
	9	del	0.843681	132.412
	9	crg	0.858471	134.401
	9	dup	0.871092	136.099
	9	crg	0.875371	136.674
	9	dup	0.922102	142.959
	9	crg	0.940129	145.383
	9	dup	0.951186	146.87
	9	crg	0.961401	148.244
	9	crg	0.997391	153.084

MUTATIONS   (2)  dup, deln, crl, crg, wgd:	13	15	8	10	0
	eid	type	time
	14	crg	0.00187472	2.41233
	14	crg	0.00692501	2.61284
	14	crg	0.0822018	5.60151
	14	dup	0.0869663	5.79068
	14	crg	0.188057	9.80422
	14	crl	0.190828	9.91425
	14	del	0.24068	11.8935
	14	dup	0.279371	13.4296
	14	del	0.417843	18.9273
	14	crl	0.77038	32.9239
	14	del	0.899512	38.0508
	14	del	0.966361	40.7048
	8	crg	0.128025	47.3234
	8	dup	0.146613	48.0905
	8	del	0.153784	48.3864
	8	del	0.263623	52.919
	8	dup	0.432045	59.869
	8	dup	0.597023	66.6769
	8	del	0.639572	68.4327
	8	crl	0.726968	72.0392
	8	crl	0.904869	79.3804
	3	del	0.10814	90.8898
	3	del	0.126957	92.2094
	3	dup	0.131746	92.5453
	3	crl	0.170889	95.2903
	3	crg	0.174231	95.5248
	3	crg	0.200101	97.339
	3	crg	0.267737	102.082
	3	crg	0.313897	105.319
	3	dup	0.357349	108.367
	3	del	0.378081	109.821
	3	del	0.420075	112.766
	3	crl	0.427298	113.272
	3	dup	0.521108	119.851
	3	dup	0.542381	121.343
	3	crl	0.560487	122.613
	3	del	0.602682	125.572
	3	crl	0.689106	131.632
	3	dup	0.746364	135.648
	3	dup	0.822108	140.96
	3	dup	0.826561	141.272
	3	del	0.840034	142.217
	3	del	0.929203	148.47
	3	del	0.956724	150.4
	3	crg	0.981176	152.115
	3	dup	0.99153	152.841

MUTATIONS   (3)  dup, deln, crl, crg, wgd:	17	18	13	14	1
	eid	type	time
	12	crl	0.0219364	6.38099
	12	crg	0.0547134	7.76004
	12	dup	0.0693368	8.3753
	12	crg	0.105458	9.89505
	12	del	0.110744	10.1175
	12	del	0.114337	10.2686
	12	del	0.123829	10.668
	12	crg	0.140436	11.3667
	12	dup	0.292888	17.781
	12	crg	0.301778	18.155
	12	crg	0.350239	20.194
	12	crg	0.356249	20.4468
	12	crl	0.384579	21.6388
	12	crl	0.399861	22.2817
	12	dup	0.474976	25.4421
	12	dup	0.556417	28.8686
	12	del	0.560637	29.0462
	12	del	0.632253	32.0594
	12	del	0.730581	36.1964
	12	dup	0.734402	36.3571
	12	crg	0.736251	36.435
	12	del	0.749599	36.9966
	12	crg	0.797678	39.0194
	12	crl	0.826061	40.2136
	12	del	0.931064	44.6315
	5	crl	0.00836056	48.3688
	5	crg	0.00930051	48.4629
	5	del	0.0400304	51.5391
	5	del	0.0587314	53.4111
	5	del	0.170133	64.5629
	5	crl	0.232177	70.7737
	5	dup	0.261654	73.7245
	5	crg	0.299645	77.5275
	5	del	0.310534	78.6176
	5	crl	0.347087	82.2767
	5	crl	0.365317	84.1016
	5	dup	0.374054	84.9762
	5	dup	0.376564	85.2274
	5	dup	0.441841	91.7619
	5	dup	0.441932	91.771
	5	dup	0.465282	94.1085
	5	dup	0.649245	112.524
	5	crl	0.657217	113.322
	5	dup	0.659287	113.529
	5	crl	0.66185	113.786
	5	del	0.661955	113.796
	5	dup	0.675285	115.131
	5	del	0.6802	115.623
	5	del	0.742582	121.867
	5	del	0.74918	122.528
	5	crg	0.760727	123.684
	5	dup	0.760988	123.71
	5	dup	0.761122	123.723
	5	del	0.814896	129.106
	5	crg	0.82448	130.066
	5	crl	0.832476	130.866
	5	del	0.868164	134.439
	5	crl	0.886311	136.255
	5	wgd	0.903419	137.968
	5	crl	0.950614	142.692
	1	crg	0.126267	148.368
	1	dup	0.304421	149.401
	1	crg	0.885529	152.771

MUTATIONS   (4)  dup, deln, crl, crg, wgd:	14	10	16	19	0
	eid	type	time
	14	crg	0.00187472	2.41233
	14	crg	0.00692501	2.61284
	14	crg	0.0822018	5.60151
	14	dup	0.0869663	5.79068
	14	crg	0.188057	9.80422
	14	crl	0.190828	9.91425
	14	del	0.24068	11.8935
	14	dup	0.279371	13.4296
	14	del	0.417843	18.9273
	14	crl	0.77038	32.9239
	14	del	0.899512	38.0508
	14	del	0.966361	40.7048
	7	del	0.0165519	43.8842
	7	crg	0.0479205	47.3785
	7	crg	0.0761967	50.5283
	7	crl	0.0924899	52.3433
	7	crg	0.0961234	52.7481
	7	dup	0.110812	54.3843
	7	dup	0.133686	56.9323
	7	crl	0.158488	59.6952
	7	del	0.185481	62.7021
	7	crg	0.213894	65.8671
	7	del	0.238264	68.5818
	7	del	0.239588	68.7293
	7	dup	0.244634	69.2914
	7	del	0.251215	70.0244
	7	crl	0.264018	71.4507
	7	crl	0.311409	76.7298
	7	crg	0.339181	79.8234
	7	dup	0.366281	82.8423
	7	crl	0.374813	83.7927
	7	dup	0.410234	87.7384
	7	crg	0.440804	91.1437
	7	crl	0.479085	95.4081
	7	crg	0.480458	95.561
	7	crg	0.515137	99.4241
	7	crl	0.520391	100.009
	7	crl	0.564343	104.905
	7	dup	0.587287	107.461
	7	dup	0.621093	111.227
	7	dup	0.625347	111.701
	7	crg	0.628004	111.997
	7	crl	0.629228	112.133
	7	dup	0.640416	113.38
	7	crg	0.645719	113.97
	7	crl	0.645974	113.999
	7	dup	0.676885	117.442
	7	del	0.713148	121.481
	7	crg	0.721848	122.451
	7	dup	0.774782	128.347
	7	crl	0.793431	130.424
	7	crl	0.818102	133.173
	7	crg	0.840296	135.645
	7	crl	0.850542	136.786
	7	crl	0.862695	138.14
	7	crg	0.866186	138.529
	7	crg	0.886669	140.811
	7	crg	0.909757	143.383
	7	dup	0.918907	144.402

MUTATIONS   (5)  dup, deln, crl, crg, wgd:	14	18	20	14	0
	eid	type	time
	15	dup	0.00287221	1.8784
	15	dup	0.0215101	4.71123
	15	crg	0.0431551	8.00113
	15	dup	0.0442949	8.17437
	15	crl	0.0491825	8.91726
	15	crl	0.0612819	10.7563
	15	dup	0.0657429	11.4343
	15	crg	0.0929084	15.5633
	15	del	0.0967179	16.1423
	15	del	0.10344	17.164
	15	crl	0.129319	21.0974
	15	del	0.147463	23.8553
	15	crg	0.153329	24.7468
	15	crg	0.176842	28.3207
	15	dup	0.198822	31.6615
	15	crl	0.210529	33.4409
	15	crg	0.229148	36.2709
	15	del	0.256557	40.4369
	15	crl	0.268459	42.2458
	15	crl	0.313458	49.0854
	15	del	0.314009	49.1692
	15	dup	0.33083	51.7259
	15	del	0.346572	54.1184
	15	del	0.354396	55.3078
	15	crg	0.354699	55.3538
	15	del	0.369825	57.6528
	15	dup	0.389062	60.5767
	15	crg	0.401407	62.4531
	15	crl	0.408569	63.5416
	15	del	0.426341	66.2429
	15	crg	0.431065	66.9609
	15	dup	0.43403	67.4115
	15	crl	0.44597	69.2263
	15	del	0.449553	69.7709
	15	del	0.450509	69.9163
	15	crl	0.457034	70.908
	15	del	0.508725	78.7646
	15	crl	0.576083	89.0027
	15	del	0.589209	90.9978
	15	crg	0.611154	94.3332
	15	dup	0.626021	96.593
	15	del	0.635548	98.041
	15	crl	0.643958	99.3192
	15	crl	0.654276	100.888
	15	dup	0.671098	103.444
	15	del	0.673491	103.808
	15	crg	0.680716	104.906
	15	crg	0.690794	106.438
	15	crl	0.711342	109.561
	15	crl	0.73554	113.239
	15	crl	0.741955	114.214
	15	del	0.755108	116.213
	15	dup	0.763049	117.42
	15	del	0.768485	118.247
	15	del	0.768605	118.265
	15	dup	0.776483	119.462
	15	crg	0.790446	121.584
	15	crl	0.811542	124.791
	15	crl	0.831389	127.807
	15	crg	0.85044	130.703
	15	dup	0.858671	131.954
	15	crg	0.891557	136.953
	15	dup	0.902539	138.622
	15	crl	0.903666	138.793
	15	crl	0.914704	140.471
	15	crl	0.918683	141.076

MUTATIONS   (6)  dup, deln, crl, crg, wgd:	12	11	15	10	0
	eid	type	time
	14	crg	0.00187472	2.41233
	14	crg	0.00692501	2.61284
	14	crg	0.0822018	5.60151
	14	dup	0.0869663	5.79068
	14	crg	0.188057	9.80422
	14	crl	0.190828	9.91425
	14	del	0.24068	11.8935
	14	dup	0.279371	13.4296
	14	del	0.417843	18.9273
	14	crl	0.77038	32.9239
	14	del	0.899512	38.0508
	14	del	0.966361	40.7048
	8	crg	0.128025	47.3234
	8	dup	0.146613	48.0905
	8	del	0.153784	48.3864
	8	del	0.263623	52.919
	8	dup	0.432045	59.869
	8	dup	0.597023	66.6769
	8	del	0.639572	68.4327
	8	crl	0.726968	72.0392
	8	crl	0.904869	79.3804
	4	crg	0.00417313	83.5987
	4	dup	0.150496	93.8602
	4	dup	0.151764	93.9491
	4	crg	0.163888	94.7994
	4	crl	0.197465	97.1541
	4	crl	0.256138	101.269
	4	crl	0.26772	102.081
	4	crl	0.350393	107.879
	4	dup	0.351077	107.927
	4	del	0.435967	113.88
	4	crl	0.532188	120.628
	4	del	0.561825	122.706
	4	dup	0.575774	123.685
	4	dup	0.62323	127.013
	4	crl	0.624497	127.102
	4	crg	0.660108	129.599
	4	del	0.731037	134.573
	4	crg	0.753929	136.178
	4	crl	0.759964	136.602
	4	crl	0.77592	137.721
	4	crg	0.77937	137.963
	4	dup	0.80852	140.007
	4	dup	0.844618	142.538
	4	del	0.930588	148.567
	4	crl	0.957216	150.435
	4	crl	0.964059	150.915
	4	crl	0.968748	151.244

MUTATIONS   (7)  dup, deln, crl, crg, wgd:	11	8	12	20	0
	eid	type	time
	13	crl	0.0902807	3.83738
	13	dup	0.26149	6.68102
	13	crg	0.298528	7.29619
	13	crg	0.501224	10.6628
	13	crg	0.533623	11.2009
	13	dup	0.944065	18.018
	13	dup	0.950931	18.1321
	13	dup	0.986566	18.7239
	10	crl	0.00665388	19.8419
	10	dup	0.0575581	26.6879
	10	dup	0.0680585	28.1001
	10	del	0.0808115	29.8153
	10	crg	0.0872082	30.6755
	10	crg	0.0880957	30.7949
	10	crg	0.103322	32.8427
	10	crl	0.103562	32.8749
	10	del	0.14298	38.1762
	10	crl	0.149525	39.0563
	10	del	0.157965	40.1914
	10	del	0.158926	40.3207
	10	crg	0.168447	41.6012
	10	dup	0.208119	46.9367
	10	crg	0.240261	51.2593
	10	crl	0.25044	52.6283
	10	dup	0.281373	56.7884
	10	crl	0.308379	60.4203
	10	del	0.311114	60.7882
	10	crg	0.334937	63.9921
	10	crl	0.338622	64.4877
	10	del	0.365795	68.1421
	10	crl	0.400255	72.7766
	10	dup	0.502664	86.5494
	10	crl	0.533287	90.6679
	10	crl	0.577646	96.6336
	10	crg	0.585451	97.6833
	10	crg	0.588195	98.0523
	10	del	0.61342	101.445
	10	del	0.641154	105.175
	10	crg	0.645988	105.825
	10	crg	0.685484	111.137
	10	crg	0.717725	115.473
	10	crg	0.729133	117.007
	10	dup	0.763807	121.67
	10	crl	0.788274	124.961
	10	crg	0.795806	125.974
	10	crl	0.859101	134.486
	10	crg	0.885573	138.046
	10	crg	0.902869	140.372
	10	crg	0.939381	145.283
	10	dup	0.969997	149.4
	10	crg	0.975837	150.186

MUTATIONS   (8)  dup, deln, crl, crg, wgd:	16	18	13	13	1
	eid	type	time
	12	crl	0.0219364	6.38099
	12	crg	0.0547134	7.76004
	12	dup	0.0693368	8.3753
	12	crg	0.105458	9.89505
	12	del	0.110744	10.1175
	12	del	0.114337	10.2686
	12	del	0.123829	10.668
	12	crg	0.140436	11.3667
	12	dup	0.292888	17.781
	12	crg	0.301778	18.155
	12	crg	0.350239	20.194
	12	crg	0.356249	20.4468
	12	crl	0.384579	21.6388
	12	crl	0.399861	22.2817
	12	dup	0.474976	25.4421
	12	dup	0.556417	28.8686
	12	del	0.560637	29.0462
	12	del	0.632253	32.0594
	12	del	0.730581	36.1964
	12	dup	0.734402	36.3571
	12	crg	0.736251	36.435
	12	del	0.749599	36.9966
	12	crg	0.797678	39.0194
	12	crl	0.826061	40.2136
	12	del	0.931064	44.6315
	5	crl	0.00836056	48.3688
	5	crg	0.00930051	48.4629
	5	del	0.0400304	51.5391
	5	del	0.0587314	53.4111
	5	del	0.170133	64.5629
	5	crl	0.232177	70.7737
	5	dup	0.261654	73.7245
	5	crg	0.299645	77.5275
	5	del	0.310534	78.6176
	5	crl	0.347087	82.2767
	5	crl	0.365317	84.1016
	5	dup	0.374054	84.9762
	5	dup	0.376564	85.2274
	5	dup	0.441841	91.7619
	5	dup	0.441932	91.771
	5	dup	0.465282	94.1085
	5	dup	0.649245	112.524
	5	crl	0.657217	113.322
	5	dup	0.659287	113.529
	5	crl	0.66185	113.786
	5	del	0.661955	113.796
	5	dup	0.675285	115.131
	5	del	0.6802	115.623
	5	del	0.742582	121.867
	5	del	0.74918	122.528
	5	crg	0.760727	123.684
	5	dup	0.760988	123.71
	5	dup	0.761122	123.723
	5	del	0.814896	129.106
	5	crg	0.82448	130.066
	5	crl	0.832476	130.866
	5	del	0.868164	134.439
	5	crl	0.886311	136.255
	5	wgd	0.903419	137.968
	5	crl	0.950614	142.692
	2	crg	0.315047	149.463

MUTATIONS   (9)  dup, deln, crl, crg, wgd:	14	20	10	17	0
	eid	type	time
	12	crl	0.0219364	6.38099
	12	crg	0.0547134	7.76004
	12	dup	0.0693368	8.3753
	12	crg	0.105458	9.89505
	12	del	0.110744	10.1175
	12	del	0.114337	10.2686
	12	del	0.123829	10.668
	12	crg	0.140436	11.3667
	12	dup	0.292888	17.781
	12	crg	0.301778	18.155
	12	crg	0.350239	20.194
	12	crg	0.356249	20.4468
	12	crl	0.384579	21.6388
	12	crl	0.399861	22.2817
	12	dup	0.474976	25.4421
	12	dup	0.556417	28.8686
	12	del	0.560637	29.0462
	12	del	0.632253	32.0594
	12	del	0.730581	36.1964
	12	dup	0.734402	36.3571
	12	crg	0.736251	36.435
	12	del	0.749599	36.9966
	12	crg	0.797678	39.0194
	12	crl	0.826061	40.2136
	12	del	0.931064	44.6315
	6	del	0.0304624	50.758
	6	del	0.0699189	54.9365
	6	dup	0.0877488	56.8248
	6	dup	0.0880332	56.8549
	6	dup	0.104933	58.6446
	6	del	0.109778	59.1578
	6	crg	0.143725	62.7529
	6	dup	0.152044	63.6338
	6	crl	0.169228	65.4537
	6	crl	0.276401	76.8037
	6	crl	0.372367	86.9668
	6	crg	0.381334	87.9165
	6	del	0.391744	89.0189
	6	dup	0.470956	97.4078
	6	crg	0.526864	103.329
	6	dup	0.56913	107.805
	6	crg	0.570165	107.914
	6	dup	0.620037	113.196
	6	crg	0.634006	114.675
	6	crl	0.639384	115.245
	6	del	0.669273	118.41
	6	crg	0.715887	123.347
	6	crl	0.72743	124.569
	6	del	0.75031	126.992
	6	del	0.783118	130.467
	6	del	0.828142	135.235
	6	del	0.833755	135.829
	6	crg	0.871358	139.812
	6	dup	0.872313	139.913
	6	dup	0.890249	141.812
	6	crg	0.929499	145.969
	6	del	0.968606	150.111
	6	del	0.972891	150.564
	6	crg	0.982369	151.568
	6	del	0.995339	152.942
	6	crl	0.998501	153.277

MUTATIONS   (10)  dup, deln, crl, crg, wgd:	17	22	14	14	0
	eid	type	time
	11	crl	0.000705057	5.56237
	11	crl	0.0902393	18.8114
	11	dup	0.141223	26.3558
	11	crg	0.14161	26.413
	11	crl	0.14345	26.6853
	11	del	0.151272	27.8428
	11	crl	0.154049	28.2537
	11	crg	0.164349	29.7779
	11	crl	0.170646	30.7097
	11	del	0.187145	33.1513
	11	dup	0.209765	36.4984
	11	crg	0.226853	39.0271
	11	del	0.227921	39.1851
	11	del	0.229908	39.4792
	11	del	0.230017	39.4952
	11	crg	0.234013	40.0867
	11	del	0.248329	42.205
	11	crg	0.263133	44.3958
	11	crg	0.311212	51.5103
	11	del	0.359134	58.6017
	11	del	0.360995	58.8771
	11	dup	0.369374	60.117
	11	del	0.369913	60.1968
	11	dup	0.37659	61.1848
	11	crl	0.378696	61.4964
	11	del	0.379598	61.6299
	11	crg	0.40178	64.9123
	11	crl	0.401916	64.9325
	11	del	0.436454	70.0434
	11	crg	0.459064	73.3891
	11	del	0.499015	79.3008
	11	dup	0.5226	82.791
	11	crg	0.527131	83.4614
	11	del	0.546571	86.3381
	11	dup	0.552802	87.2601
	11	del	0.567009	89.3625
	11	crg	0.569658	89.7544
	11	crl	0.577164	90.8651
	11	dup	0.581234	91.4674
	11	del	0.609319	95.6234
	11	dup	0.644963	100.898
	11	dup	0.663568	103.651
	11	crl	0.670576	104.688
	11	dup	0.681017	106.233
	11	dup	0.694858	108.281
	11	del	0.703365	109.54
	11	dup	0.727738	113.147
	11	crl	0.731464	113.698
	11	crg	0.736272	114.41
	11	dup	0.736514	114.445
	11	del	0.769841	119.377
	11	del	0.771604	119.638
	11	dup	0.795819	123.221
	11	dup	0.827046	127.842
	11	del	0.831812	128.547
	11	crl	0.834368	128.925
	11	dup	0.835388	129.076
	11	del	0.841086	129.92
	11	crg	0.868999	134.05
	11	del	0.874822	134.912
	11	dup	0.881042	135.832
	11	crg	0.888853	136.988
	11	crl	0.894197	137.779
	11	crg	0.950512	146.112
	11	crl	0.954793	146.746
	11	del	0.966589	148.491
	11	crl	0.985591	151.303

MUTATIONS   (11)  dup, deln, crl, crg, wgd:	0	0	0	0	0
	eid	type	time

