NODE TIMES:	nid	time
	1	105.541
	2	105.541
	3	105.541
	4	105.541
	5	105.541
	6	105.541
	7	105.541
	8	105.541
	9	105.541
	10	105.541
	11	0
	12	0
	13	98.3116
	14	74.774
	15	34.1309
	16	21.4742
	17	10.2748
	18	5.60772
	19	5.15019
	20	1.13821
	21	0.0342351

ANCESTRY    (1)	19 (12 -> 21) 	18 (21 -> 1) 
ANCESTRY    (2)	19 (12 -> 21) 	17 (21 -> 20) 	16 (20 -> 19) 	14 (19 -> 18) 	12 (18 -> 17) 	10 (17 -> 2) 
ANCESTRY    (3)	19 (12 -> 21) 	17 (21 -> 20) 	16 (20 -> 19) 	14 (19 -> 18) 	11 (18 -> 16) 	7 (16 -> 14) 	4 (14 -> 3) 
ANCESTRY    (4)	19 (12 -> 21) 	17 (21 -> 20) 	16 (20 -> 19) 	13 (19 -> 15) 	5 (15 -> 4) 
ANCESTRY    (5)	19 (12 -> 21) 	17 (21 -> 20) 	15 (20 -> 5) 
ANCESTRY    (6)	19 (12 -> 21) 	17 (21 -> 20) 	16 (20 -> 19) 	14 (19 -> 18) 	11 (18 -> 16) 	8 (16 -> 6) 
ANCESTRY    (7)	19 (12 -> 21) 	17 (21 -> 20) 	16 (20 -> 19) 	14 (19 -> 18) 	12 (18 -> 17) 	9 (17 -> 13) 	1 (13 -> 7) 
ANCESTRY    (8)	19 (12 -> 21) 	17 (21 -> 20) 	16 (20 -> 19) 	13 (19 -> 15) 	6 (15 -> 8) 
ANCESTRY    (9)	19 (12 -> 21) 	17 (21 -> 20) 	16 (20 -> 19) 	14 (19 -> 18) 	12 (18 -> 17) 	9 (17 -> 13) 	2 (13 -> 9) 
ANCESTRY    (10)	19 (12 -> 21) 	17 (21 -> 20) 	16 (20 -> 19) 	14 (19 -> 18) 	11 (18 -> 16) 	7 (16 -> 14) 	3 (14 -> 10) 
ANCESTRY    (11)	20 (12 -> 11) 

MUTATIONS   (1)  dup, deln, crl, crg, wgd:	10	10	8	3	0
	eid	type	time
	18	crl	0.0492686	5.2324
	18	del	0.0718571	7.61563
	18	dup	0.0937421	9.92465
	18	crl	0.119302	12.6214
	18	crg	0.130882	13.8432
	18	crg	0.16666	17.6179
	18	del	0.231297	24.4376
	18	del	0.291852	30.8265
	18	crl	0.307462	32.4736
	18	dup	0.307626	32.4908
	18	dup	0.33422	35.2967
	18	del	0.369708	39.0409
	18	crl	0.382291	40.3685
	18	del	0.404105	42.67
	18	dup	0.417025	44.0331
	18	crl	0.447135	47.21
	18	crl	0.467633	49.3726
	18	crl	0.567223	59.88
	18	del	0.577397	60.9534
	18	dup	0.583923	61.6419
	18	dup	0.659821	69.6497
	18	crl	0.691302	72.9711
	18	del	0.719088	75.9027
	18	del	0.720511	76.0529
	18	dup	0.72988	77.0413
	18	del	0.748952	79.0536
	18	dup	0.78353	82.7018
	18	dup	0.821105	86.6663
	18	crg	0.899535	94.9411
	18	dup	0.902202	95.2225
	18	del	0.968942	102.264

MUTATIONS   (2)  dup, deln, crl, crg, wgd:	16	6	9	13	0
	eid	type	time
	17	crl	0.171639	0.223721
	16	crg	0.113418	1.59324
	12	crg	0.043273	5.80968
	12	crl	0.285287	6.93917
	10	crg	0.00244058	10.5073
	10	crg	0.0317037	13.2951
	10	crg	0.0653115	16.4968
	10	crl	0.0969458	19.5104
	10	del	0.11058	20.8093
	10	crl	0.143953	23.9886
	10	dup	0.180525	27.4727
	10	dup	0.185032	27.902
	10	dup	0.192624	28.6254
	10	dup	0.211152	30.3904
	10	dup	0.225376	31.7455
	10	dup	0.226121	31.8165
	10	crl	0.229632	32.1509
	10	crg	0.232032	32.3795
	10	del	0.253463	34.4213
	10	dup	0.296346	38.5066
	10	crl	0.303389	39.1775
	10	dup	0.372945	45.8038
	10	dup	0.394865	47.892
	10	crg	0.41916	50.2065
	10	dup	0.435962	51.8072
	10	del	0.456716	53.7843
	10	dup	0.478469	55.8567
	10	crg	0.500965	57.9997
	10	crl	0.538738	61.5983
	10	del	0.543995	62.099
	10	dup	0.562051	63.8192
	10	del	0.592696	66.7386
	10	crg	0.687098	75.7319
	10	crg	0.709434	77.8597
	10	crg	0.710432	77.9548
	10	dup	0.76439	83.0952
	10	dup	0.772788	83.8953
	10	crg	0.780679	84.647
	10	crl	0.793874	85.904
	10	dup	0.81363	87.7861
	10	del	0.860262	92.2286
	10	crg	0.88309	94.4033
	10	crl	0.961094	101.834
	10	dup	0.984935	104.106

MUTATIONS   (3)  dup, deln, crl, crg, wgd:	7	12	12	6	0
	eid	type	time
	17	crl	0.171639	0.223721
	16	crg	0.113418	1.59324
	11	del	0.0788435	6.85869
	11	crg	0.382479	11.6763
	11	del	0.506056	13.637
	11	dup	0.576549	14.7555
	11	del	0.734694	17.2647
	11	crg	0.767981	17.7929
	11	crl	0.882843	19.6153
	7	del	0.0868196	26.1017
	7	crl	0.0894545	26.2421
	7	dup	0.143846	29.1411
	7	crl	0.187433	31.4643
	7	crg	0.192636	31.7416
	7	dup	0.206153	32.4621
	7	crl	0.34377	39.7971
	7	crg	0.377375	41.5882
	7	del	0.392182	42.3774
	7	crl	0.425946	44.177
	7	del	0.588713	52.8525
	7	dup	0.64342	55.7684
	7	dup	0.648984	56.0649
	7	crl	0.668391	57.0993
	7	del	0.710646	59.3515
	7	del	0.81542	64.9359
	7	del	0.836205	66.0437
	7	crl	0.923947	70.7204
	7	dup	0.940667	71.6116
	4	crl	0.0309776	75.7271
	4	crl	0.116968	78.3727
	4	crl	0.252003	82.5273
	4	del	0.301858	84.0612
	4	crg	0.515557	90.6361
	4	del	0.525886	90.9538
	4	del	0.582757	92.7036
	4	dup	0.727342	97.152
	4	crl	0.952615	104.083

MUTATIONS   (4)  dup, deln, crl, crg, wgd:	9	9	8	10	0
	eid	type	time
	17	crl	0.171639	0.223721
	16	crg	0.113418	1.59324
	13	crg	0.148279	9.44742
	13	del	0.178486	10.3229
	13	del	0.21745	11.4521
	13	crl	0.219901	11.5231
	13	crl	0.36411	15.7024
	13	dup	0.375912	16.0444
	13	crl	0.452274	18.2574
	13	crg	0.493294	19.4462
	13	del	0.625371	23.2739
	5	del	0.00958399	34.8153
	5	dup	0.149458	44.8037
	5	del	0.180453	47.0171
	5	del	0.183505	47.235
	5	crl	0.185606	47.385
	5	dup	0.193048	47.9165
	5	dup	0.257037	52.4859
	5	crg	0.273022	53.6274
	5	dup	0.339331	58.3625
	5	crl	0.455511	66.6589
	5	crg	0.46737	67.5058
	5	dup	0.590154	76.2738
	5	crl	0.647156	80.3443
	5	del	0.647609	80.3766
	5	crg	0.660332	81.2852
	5	dup	0.713509	85.0826
	5	crg	0.71895	85.4711
	5	crg	0.750889	87.7518
	5	crg	0.783803	90.1022
	5	del	0.848583	94.7281
	5	dup	0.85813	95.4099
	5	del	0.904295	98.7065
	5	dup	0.925628	100.23
	5	crg	0.927561	100.368
	5	crl	0.92802	100.401

MUTATIONS   (5)  dup, deln, crl, crg, wgd:	14	13	8	8	0
	eid	type	time
	17	crl	0.171639	0.223721
	15	crl	0.00162965	1.30835
	15	del	0.0112853	2.31643
	15	dup	0.0605614	7.46098
	15	del	0.0809677	9.59145
	15	del	0.0945773	11.0123
	15	dup	0.151336	16.938
	15	crg	0.189261	20.8976
	15	dup	0.205019	22.5428
	15	del	0.294048	31.8376
	15	del	0.328285	35.412
	15	dup	0.341334	36.7744
	15	crl	0.362303	38.9636
	15	crg	0.386582	41.4983
	15	del	0.387818	41.6274
	15	crl	0.407393	43.6711
	15	crg	0.444175	47.5112
	15	del	0.447943	47.9047
	15	dup	0.467527	49.9493
	15	crg	0.509698	54.3521
	15	dup	0.516645	55.0773
	15	dup	0.532161	56.6972
	15	crl	0.540877	57.6072
	15	del	0.542654	57.7927
	15	dup	0.561794	59.7909
	15	crl	0.586813	62.403
	15	crg	0.611641	64.9951
	15	del	0.698022	74.0136
	15	crl	0.719769	76.284
	15	del	0.730141	77.3668
	15	dup	0.784663	83.0591
	15	dup	0.804662	85.1471
	15	dup	0.809904	85.6943
	15	crl	0.817852	86.5241
	15	dup	0.838474	88.6771
	15	dup	0.859548	90.8773
	15	del	0.861183	91.0479
	15	del	0.861543	91.0855
	15	del	0.918417	97.0234
	15	crg	0.924609	97.6698
	15	crg	0.93363	98.6116
	15	dup	0.94568	99.8697
	15	crg	0.990339	104.532

MUTATIONS   (6)  dup, deln, crl, crg, wgd:	9	12	13	15	0
	eid	type	time
	17	crl	0.171639	0.223721
	16	crg	0.113418	1.59324
	11	del	0.0788435	6.85869
	11	crg	0.382479	11.6763
	11	del	0.506056	13.637
	11	dup	0.576549	14.7555
	11	del	0.734694	17.2647
	11	crg	0.767981	17.7929
	11	crl	0.882843	19.6153
	8	crl	0.0260323	23.6626
	8	dup	0.0506684	25.7337
	8	crl	0.0639014	26.8462
	8	crl	0.0800263	28.2017
	8	dup	0.101738	30.027
	8	crg	0.104774	30.2822
	8	del	0.162035	35.096
	8	crg	0.221858	40.125
	8	crg	0.253486	42.7839
	8	crg	0.26778	43.9855
	8	crl	0.268772	44.069
	8	del	0.319288	48.3157
	8	crg	0.343951	50.389
	8	crg	0.351578	51.0302
	8	del	0.352515	51.1089
	8	dup	0.358746	51.6327
	8	crl	0.373412	52.8657
	8	crg	0.38472	53.8163
	8	del	0.392576	54.4767
	8	crg	0.403336	55.3813
	8	crl	0.457349	59.922
	8	crg	0.534271	66.3886
	8	crl	0.549544	67.6725
	8	del	0.56152	68.6793
	8	crg	0.568882	69.2982
	8	crl	0.60801	72.5875
	8	del	0.67157	77.9308
	8	crl	0.695124	79.911
	8	dup	0.711066	81.2512
	8	dup	0.72492	82.4158
	8	del	0.728544	82.7204
	8	crg	0.76295	85.6128
	8	crg	0.799816	88.7121
	8	dup	0.808108	89.4091
	8	del	0.80947	89.5236
	8	dup	0.810068	89.5739
	8	crl	0.907835	97.7929
	8	del	0.910325	98.0021
	8	dup	0.990075	104.706
	8	crl	0.990114	104.71

MUTATIONS   (7)  dup, deln, crl, crg, wgd:	5	10	12	18	0
	eid	type	time
	17	crl	0.171639	0.223721
	16	crg	0.113418	1.59324
	12	crg	0.043273	5.80968
	12	crl	0.285287	6.93917
	9	crg	0.0123995	11.3664
	9	del	0.0285007	12.7839
	9	crg	0.0642448	15.9307
	9	crg	0.118406	20.6989
	9	crl	0.139002	22.5121
	9	crl	0.157973	24.1823
	9	del	0.169719	25.2163
	9	crg	0.235386	30.9975
	9	del	0.31134	37.6842
	9	crl	0.311452	37.6941
	9	crl	0.33823	40.0515
	9	del	0.344044	40.5634
	9	crg	0.347488	40.8665
	9	del	0.358992	41.8793
	9	crg	0.394687	45.0218
	9	crg	0.445552	49.4997
	9	dup	0.480955	52.6165
	9	crg	0.488824	53.3093
	9	del	0.499615	54.2593
	9	del	0.503809	54.6286
	9	crl	0.531184	57.0386
	9	del	0.562214	59.7703
	9	crl	0.590127	62.2277
	9	crg	0.592902	62.472
	9	dup	0.595457	62.6969
	9	dup	0.620076	64.8643
	9	crl	0.625521	65.3437
	9	crg	0.705537	72.3881
	9	dup	0.718503	73.5295
	9	del	0.738994	75.3334
	9	crg	0.755322	76.7709
	9	crg	0.779409	78.8915
	9	crl	0.783928	79.2893
	9	crg	0.823506	82.7736
	9	crl	0.82517	82.9201
	9	del	0.919879	91.258
	1	crg	0.0888147	98.9537
	1	crg	0.199453	99.7535
	1	crg	0.229971	99.9741
	1	crl	0.687109	103.279
	1	dup	0.735672	103.63

MUTATIONS   (8)  dup, deln, crl, crg, wgd:	7	9	9	11	1
	eid	type	time
	17	crl	0.171639	0.223721
	16	crg	0.113418	1.59324
	13	crg	0.148279	9.44742
	13	del	0.178486	10.3229
	13	del	0.21745	11.4521
	13	crl	0.219901	11.5231
	13	crl	0.36411	15.7024
	13	dup	0.375912	16.0444
	13	crl	0.452274	18.2574
	13	crg	0.493294	19.4462
	13	del	0.625371	23.2739
	6	wgd	0.0403127	37.0097
	6	dup	0.197604	48.2418
	6	crg	0.223788	50.1116
	6	dup	0.237441	51.0866
	6	del	0.288819	54.7555
	6	crg	0.369592	60.5234
	6	del	0.379449	61.2274
	6	crl	0.384573	61.5932
	6	crg	0.410834	63.4685
	6	crl	0.485906	68.8294
	6	crg	0.497664	69.6691
	6	dup	0.51508	70.9128
	6	dup	0.5258	71.6783
	6	crg	0.533187	72.2058
	6	crl	0.54063	72.7373
	6	crl	0.601965	77.1172
	6	crg	0.649603	80.519
	6	del	0.683062	82.9083
	6	dup	0.685064	83.0513
	6	del	0.753504	87.9386
	6	crg	0.813703	92.2374
	6	crl	0.856656	95.3046
	6	del	0.95017	101.982
	6	crg	0.96246	102.86
	6	del	0.970574	103.44
	6	dup	0.97368	103.661

MUTATIONS   (9)  dup, deln, crl, crg, wgd:	4	12	13	15	0
	eid	type	time
	17	crl	0.171639	0.223721
	16	crg	0.113418	1.59324
	12	crg	0.043273	5.80968
	12	crl	0.285287	6.93917
	9	crg	0.0123995	11.3664
	9	del	0.0285007	12.7839
	9	crg	0.0642448	15.9307
	9	crg	0.118406	20.6989
	9	crl	0.139002	22.5121
	9	crl	0.157973	24.1823
	9	del	0.169719	25.2163
	9	crg	0.235386	30.9975
	9	del	0.31134	37.6842
	9	crl	0.311452	37.6941
	9	crl	0.33823	40.0515
	9	del	0.344044	40.5634
	9	crg	0.347488	40.8665
	9	del	0.358992	41.8793
	9	crg	0.394687	45.0218
	9	crg	0.445552	49.4997
	9	dup	0.480955	52.6165
	9	crg	0.488824	53.3093
	9	del	0.499615	54.2593
	9	del	0.503809	54.6286
	9	crl	0.531184	57.0386
	9	del	0.562214	59.7703
	9	crl	0.590127	62.2277
	9	crg	0.592902	62.472
	9	dup	0.595457	62.6969
	9	dup	0.620076	64.8643
	9	crl	0.625521	65.3437
	9	crg	0.705537	72.3881
	9	dup	0.718503	73.5295
	9	del	0.738994	75.3334
	9	crg	0.755322	76.7709
	9	crg	0.779409	78.8915
	9	crl	0.783928	79.2893
	9	crg	0.823506	82.7736
	9	crl	0.82517	82.9201
	9	del	0.919879	91.258
	2	crl	0.205132	99.7946
	2	crl	0.282349	100.353
	2	del	0.291085	100.416
	2	del	0.567363	102.413

MUTATIONS   (10)  dup, deln, crl, crg, wgd:	9	17	12	7	0
	eid	type	time
	17	crl	0.171639	0.223721
	16	crg	0.113418	1.59324
	11	del	0.0788435	6.85869
	11	crg	0.382479	11.6763
	11	del	0.506056	13.637
	11	dup	0.576549	14.7555
	11	del	0.734694	17.2647
	11	crg	0.767981	17.7929
	11	crl	0.882843	19.6153
	7	del	0.0868196	26.1017
	7	crl	0.0894545	26.2421
	7	dup	0.143846	29.1411
	7	crl	0.187433	31.4643
	7	crg	0.192636	31.7416
	7	dup	0.206153	32.4621
	7	crl	0.34377	39.7971
	7	crg	0.377375	41.5882
	7	del	0.392182	42.3774
	7	crl	0.425946	44.177
	7	del	0.588713	52.8525
	7	dup	0.64342	55.7684
	7	dup	0.648984	56.0649
	7	crl	0.668391	57.0993
	7	del	0.710646	59.3515
	7	del	0.81542	64.9359
	7	del	0.836205	66.0437
	7	crl	0.923947	70.7204
	7	dup	0.940667	71.6116
	3	del	0.0134411	75.1875
	3	del	0.274469	83.2185
	3	crl	0.288003	83.6349
	3	del	0.329925	84.9247
	3	crg	0.423483	87.8032
	3	del	0.438162	88.2549
	3	crl	0.51744	90.694
	3	del	0.584707	92.7636
	3	del	0.586041	92.8046
	3	crl	0.637731	94.395
	3	dup	0.655898	94.9539
	3	del	0.728987	97.2026
	3	crg	0.751936	97.9087
	3	crl	0.800412	99.4002
	3	del	0.94914	103.976
	3	dup	0.954999	104.156
	3	dup	0.974751	104.764

MUTATIONS   (11)  dup, deln, crl, crg, wgd:	0	0	0	0	0
	eid	type	time

