NODE TIMES:	nid	time
	1	170.797
	2	170.797
	3	170.797
	4	170.797
	5	170.797
	6	170.797
	7	170.797
	8	170.797
	9	170.797
	10	170.797
	11	0
	12	0
	13	141.007
	14	138.273
	15	52.4162
	16	13.3184
	17	13.0922
	18	4.50331
	19	2.30688
	20	1.71483
	21	1.53134

ANCESTRY    (1)	19 (12 -> 21) 	18 (21 -> 17) 	9 (17 -> 1) 
ANCESTRY    (2)	19 (12 -> 21) 	17 (21 -> 20) 	15 (20 -> 19) 	14 (19 -> 18) 	12 (18 -> 13) 	1 (13 -> 2) 
ANCESTRY    (3)	19 (12 -> 21) 	18 (21 -> 17) 	10 (17 -> 3) 
ANCESTRY    (4)	19 (12 -> 21) 	17 (21 -> 20) 	15 (20 -> 19) 	14 (19 -> 18) 	12 (18 -> 13) 	2 (13 -> 4) 
ANCESTRY    (5)	19 (12 -> 21) 	17 (21 -> 20) 	16 (20 -> 14) 	3 (14 -> 5) 
ANCESTRY    (6)	19 (12 -> 21) 	17 (21 -> 20) 	15 (20 -> 19) 	14 (19 -> 18) 	11 (18 -> 15) 	5 (15 -> 6) 
ANCESTRY    (7)	19 (12 -> 21) 	17 (21 -> 20) 	15 (20 -> 19) 	13 (19 -> 16) 	7 (16 -> 7) 
ANCESTRY    (8)	19 (12 -> 21) 	17 (21 -> 20) 	15 (20 -> 19) 	14 (19 -> 18) 	11 (18 -> 15) 	6 (15 -> 8) 
ANCESTRY    (9)	19 (12 -> 21) 	17 (21 -> 20) 	15 (20 -> 19) 	13 (19 -> 16) 	8 (16 -> 9) 
ANCESTRY    (10)	19 (12 -> 21) 	17 (21 -> 20) 	16 (20 -> 14) 	4 (14 -> 10) 
ANCESTRY    (11)	20 (12 -> 11) 

MUTATIONS   (1)  dup, deln, crl, crg, wgd:	8	10	8	18	0
	eid	type	time
	19	crg	0.304522	0.466326
	18	crl	0.075668	2.40613
	18	del	0.124778	2.97388
	18	crl	0.604096	8.51523
	9	crg	0.0160342	15.6209
	9	crg	0.0285861	17.6004
	9	crg	0.0316074	18.0769
	9	crl	0.0566051	22.0191
	9	crg	0.09073	27.4008
	9	dup	0.140843	35.3038
	9	del	0.205144	45.4444
	9	crl	0.216598	47.2509
	9	dup	0.221615	48.0421
	9	crg	0.299058	60.2551
	9	crg	0.325868	64.4832
	9	del	0.375489	72.3087
	9	del	0.407696	77.3879
	9	crg	0.432475	81.2957
	9	dup	0.441543	82.7258
	9	crg	0.468351	86.9535
	9	crl	0.478194	88.5058
	9	del	0.516628	94.5671
	9	crg	0.535094	97.4793
	9	crg	0.557905	101.077
	9	dup	0.573332	103.509
	9	crg	0.590812	106.266
	9	del	0.59291	106.597
	9	crl	0.595606	107.022
	9	crg	0.605416	108.569
	9	crl	0.636535	113.477
	9	crl	0.67905	120.182
	9	crg	0.738226	129.514
	9	del	0.739455	129.708
	9	crg	0.751895	131.67
	9	dup	0.801816	139.543
	9	dup	0.805003	140.045
	9	dup	0.825218	143.233
	9	crg	0.86549	149.584
	9	crg	0.881429	152.098
	9	crg	0.888162	153.16
	9	del	0.935892	160.687
	9	dup	0.955695	163.81
	9	del	0.985498	168.51
	9	del	0.995235	170.046

MUTATIONS   (2)  dup, deln, crl, crg, wgd:	16	20	20	16	0
	eid	type	time
	19	crg	0.304522	0.466326
	14	del	0.378761	3.1388
	14	dup	0.973069	4.44416
	12	crg	0.0357419	9.38222
	12	crl	0.0740879	14.6166
	12	crl	0.0996642	18.1078
	12	crg	0.133552	22.7337
	12	del	0.138712	23.4381
	12	del	0.139993	23.6129
	12	crg	0.173026	28.122
	12	del	0.181808	29.3208
	12	crg	0.201463	32.0038
	12	dup	0.20907	33.0422
	12	dup	0.262893	40.3891
	12	crl	0.272708	41.7289
	12	dup	0.274283	41.944
	12	dup	0.285286	43.4459
	12	crg	0.295941	44.9003
	12	crl	0.301111	45.606
	12	crl	0.311388	47.0089
	12	dup	0.334869	50.2141
	12	crl	0.348539	52.0802
	12	dup	0.360967	53.7767
	12	dup	0.374431	55.6145
	12	del	0.377894	56.0873
	12	del	0.379877	56.3579
	12	del	0.397712	58.7925
	12	dup	0.398451	58.8933
	12	dup	0.404932	59.778
	12	del	0.441589	64.7818
	12	del	0.465664	68.0681
	12	crl	0.470217	68.6897
	12	crg	0.483651	70.5235
	12	crl	0.506793	73.6824
	12	del	0.57479	82.9643
	12	del	0.609621	87.7188
	12	crl	0.658026	94.3263
	12	crl	0.669843	95.9394
	12	crl	0.683197	97.7623
	12	del	0.691499	98.8955
	12	del	0.714374	102.018
	12	del	0.721091	102.935
	12	crg	0.738341	105.29
	12	crl	0.739668	105.471
	12	crl	0.748189	106.634
	12	dup	0.762158	108.541
	12	crg	0.770709	109.708
	12	crl	0.773833	110.134
	12	crg	0.77907	110.849
	12	crl	0.80067	113.798
	12	dup	0.838694	118.988
	12	del	0.84967	120.486
	12	crg	0.855698	121.309
	12	crl	0.856712	121.448
	12	crg	0.861185	122.058
	12	dup	0.874402	123.862
	12	del	0.92917	131.338
	12	crg	0.945276	133.537
	12	crl	0.979429	138.199
	12	dup	0.996025	140.464
	1	crg	0.121707	144.633
	1	del	0.17037	146.082
	1	del	0.2132	147.358
	1	del	0.383059	152.418
	1	crg	0.546946	157.301
	1	crl	0.620286	159.485
	1	crl	0.646755	160.274
	1	dup	0.656764	160.572
	1	crg	0.689355	161.543
	1	crl	0.771374	163.986
	1	dup	0.895826	167.694
	1	del	0.984452	170.334

MUTATIONS   (3)  dup, deln, crl, crg, wgd:	17	14	13	20	0
	eid	type	time
	19	crg	0.304522	0.466326
	18	crl	0.075668	2.40613
	18	del	0.124778	2.97388
	18	crl	0.604096	8.51523
	10	del	0.0446389	20.132
	10	dup	0.0762862	25.1229
	10	crl	0.0768369	25.2098
	10	dup	0.093579	27.8501
	10	dup	0.123242	32.528
	10	crl	0.129375	33.4953
	10	del	0.151253	36.9455
	10	del	0.15397	37.3741
	10	del	0.170888	40.042
	10	del	0.196823	44.1323
	10	crl	0.208435	45.9635
	10	crg	0.26055	54.1822
	10	dup	0.265177	54.912
	10	crl	0.308463	61.7384
	10	dup	0.31424	62.6494
	10	crg	0.355573	69.1679
	10	crl	0.359136	69.7297
	10	dup	0.380416	73.0857
	10	dup	0.401356	76.3881
	10	crg	0.407898	77.4197
	10	dup	0.446495	83.5068
	10	del	0.449788	84.0261
	10	crg	0.469327	87.1074
	10	dup	0.517272	94.6686
	10	crg	0.526265	96.0869
	10	crl	0.533679	97.2561
	10	crg	0.545872	99.179
	10	dup	0.548711	99.6268
	10	crg	0.558901	101.234
	10	crg	0.608172	109.004
	10	crl	0.618012	110.556
	10	del	0.672653	119.173
	10	crg	0.672787	119.194
	10	dup	0.676052	119.709
	10	crg	0.682126	120.667
	10	crg	0.704879	124.255
	10	del	0.713092	125.55
	10	crg	0.730318	128.267
	10	crg	0.736677	129.27
	10	crl	0.737305	129.369
	10	del	0.737541	129.406
	10	crg	0.741589	130.044
	10	del	0.74171	130.064
	10	dup	0.764058	133.588
	10	crl	0.764421	133.645
	10	del	0.773291	135.044
	10	crl	0.77499	135.312
	10	dup	0.789764	137.642
	10	crg	0.796741	138.742
	10	crg	0.845782	146.476
	10	del	0.849721	147.097
	10	del	0.882768	152.309
	10	dup	0.890727	153.564
	10	dup	0.906389	156.034
	10	crg	0.906512	156.054
	10	crg	0.914697	157.344
	10	crl	0.936473	160.779
	10	crg	0.969814	166.037
	10	dup	0.977081	167.183
	10	dup	0.99113	169.398

MUTATIONS   (4)  dup, deln, crl, crg, wgd:	19	20	19	14	0
	eid	type	time
	19	crg	0.304522	0.466326
	14	del	0.378761	3.1388
	14	dup	0.973069	4.44416
	12	crg	0.0357419	9.38222
	12	crl	0.0740879	14.6166
	12	crl	0.0996642	18.1078
	12	crg	0.133552	22.7337
	12	del	0.138712	23.4381
	12	del	0.139993	23.6129
	12	crg	0.173026	28.122
	12	del	0.181808	29.3208
	12	crg	0.201463	32.0038
	12	dup	0.20907	33.0422
	12	dup	0.262893	40.3891
	12	crl	0.272708	41.7289
	12	dup	0.274283	41.944
	12	dup	0.285286	43.4459
	12	crg	0.295941	44.9003
	12	crl	0.301111	45.606
	12	crl	0.311388	47.0089
	12	dup	0.334869	50.2141
	12	crl	0.348539	52.0802
	12	dup	0.360967	53.7767
	12	dup	0.374431	55.6145
	12	del	0.377894	56.0873
	12	del	0.379877	56.3579
	12	del	0.397712	58.7925
	12	dup	0.398451	58.8933
	12	dup	0.404932	59.778
	12	del	0.441589	64.7818
	12	del	0.465664	68.0681
	12	crl	0.470217	68.6897
	12	crg	0.483651	70.5235
	12	crl	0.506793	73.6824
	12	del	0.57479	82.9643
	12	del	0.609621	87.7188
	12	crl	0.658026	94.3263
	12	crl	0.669843	95.9394
	12	crl	0.683197	97.7623
	12	del	0.691499	98.8955
	12	del	0.714374	102.018
	12	del	0.721091	102.935
	12	crg	0.738341	105.29
	12	crl	0.739668	105.471
	12	crl	0.748189	106.634
	12	dup	0.762158	108.541
	12	crg	0.770709	109.708
	12	crl	0.773833	110.134
	12	crg	0.77907	110.849
	12	crl	0.80067	113.798
	12	dup	0.838694	118.988
	12	del	0.84967	120.486
	12	crg	0.855698	121.309
	12	crl	0.856712	121.448
	12	crg	0.861185	122.058
	12	dup	0.874402	123.862
	12	del	0.92917	131.338
	12	crg	0.945276	133.537
	12	crl	0.979429	138.199
	12	dup	0.996025	140.464
	2	dup	0.189621	146.656
	2	del	0.193003	146.757
	2	del	0.233927	147.976
	2	dup	0.304672	150.083
	2	dup	0.432383	153.888
	2	del	0.454719	154.553
	2	crl	0.500785	155.925
	2	dup	0.700812	161.884
	2	crg	0.701466	161.904
	2	crl	0.782407	164.315
	2	del	0.846892	166.236
	2	dup	0.884125	167.345

MUTATIONS   (5)  dup, deln, crl, crg, wgd:	21	21	11	14	1
	eid	type	time
	19	crg	0.304522	0.466326
	16	dup	0.00432865	2.30594
	16	dup	0.00443337	2.32024
	16	del	0.0155479	3.83801
	16	dup	0.0190346	4.31415
	16	crg	0.044726	7.82251
	16	crl	0.0469348	8.12414
	16	crl	0.0499565	8.53678
	16	del	0.0531888	8.97817
	16	dup	0.0547882	9.19658
	16	del	0.0899486	13.998
	16	crl	0.102792	15.7518
	16	dup	0.185662	27.0685
	16	del	0.205253	29.7437
	16	del	0.210495	30.4596
	16	dup	0.249527	35.7897
	16	crg	0.258346	36.994
	16	dup	0.262989	37.628
	16	del	0.271095	38.7349
	16	del	0.273268	39.0317
	16	crg	0.289998	41.3164
	16	dup	0.294047	41.8692
	16	crg	0.321016	45.5521
	16	dup	0.322109	45.7014
	16	crl	0.344118	48.7068
	16	dup	0.363673	51.3772
	16	crg	0.369019	52.1073
	16	dup	0.373272	52.688
	16	crg	0.382337	53.9259
	16	crg	0.387757	54.6661
	16	crg	0.388527	54.7712
	16	crg	0.423971	59.6114
	16	del	0.482542	67.6097
	16	crl	0.516116	72.1945
	16	crl	0.586427	81.7959
	16	dup	0.620517	86.4513
	16	del	0.663857	92.3696
	16	del	0.669458	93.1346
	16	dup	0.67123	93.3765
	16	del	0.679905	94.5612
	16	dup	0.698558	97.1084
	16	crg	0.741871	103.023
	16	del	0.756706	105.049
	16	dup	0.783	108.64
	16	del	0.792621	109.953
	16	dup	0.799962	110.956
	16	wgd	0.806935	111.908
	16	crg	0.838873	116.269
	16	del	0.859527	119.09
	16	dup	0.866507	120.043
	16	del	0.867516	120.181
	16	crl	0.941517	130.286
	16	dup	0.971309	134.355
	3	crl	0.0322947	139.323
	3	dup	0.0639563	140.353
	3	dup	0.164376	143.619
	3	crl	0.164906	143.636
	3	dup	0.168086	143.74
	3	del	0.352491	149.737
	3	crl	0.354946	149.817
	3	del	0.536908	155.735
	3	crg	0.538971	155.802
	3	crg	0.625372	158.613
	3	del	0.63235	158.84
	3	del	0.713323	161.473
	3	del	0.726707	161.908
	3	crl	0.730287	162.025
	3	del	0.880985	166.926

MUTATIONS   (6)  dup, deln, crl, crg, wgd:	19	21	13	15	1
	eid	type	time
	19	crg	0.304522	0.466326
	14	del	0.378761	3.1388
	14	dup	0.973069	4.44416
	11	dup	0.0381652	6.33192
	11	crg	0.0699223	7.85349
	11	del	0.0770653	8.19573
	11	del	0.147972	11.5931
	11	crg	0.191575	13.6822
	11	crg	0.269304	17.4065
	11	dup	0.328243	20.2304
	11	crg	0.347171	21.1373
	11	dup	0.406311	23.9708
	11	del	0.440431	25.6056
	11	dup	0.474038	27.2158
	11	crl	0.484623	27.723
	11	dup	0.500071	28.4631
	11	dup	0.562251	31.4423
	11	crl	0.566757	31.6582
	11	dup	0.572961	31.9555
	11	del	0.610833	33.7701
	11	del	0.611442	33.7992
	11	del	0.631039	34.7382
	11	dup	0.779831	41.8672
	11	dup	0.928647	48.9974
	11	del	0.997033	52.274
	5	dup	0.0033251	52.8098
	5	crl	0.00821919	53.3892
	5	crg	0.0216453	54.9786
	5	del	0.0256638	55.4543
	5	del	0.0529372	58.6829
	5	crl	0.0599857	59.5173
	5	del	0.0783827	61.6952
	5	dup	0.0795649	61.8351
	5	wgd	0.0857991	62.5732
	5	crl	0.114555	65.9773
	5	del	0.247295	81.6912
	5	dup	0.285652	86.232
	5	del	0.336588	92.2618
	5	del	0.366351	95.7852
	5	del	0.42347	102.547
	5	dup	0.431771	103.53
	5	crl	0.461468	107.045
	5	del	0.497646	111.328
	5	del	0.511928	113.019
	5	crl	0.527244	114.832
	5	crl	0.534494	115.69
	5	crl	0.544576	116.884
	5	crg	0.545803	117.029
	5	dup	0.547757	117.26
	5	crg	0.562794	119.04
	5	crl	0.604041	123.923
	5	del	0.651642	129.558
	5	crg	0.663912	131.011
	5	del	0.672142	131.985
	5	crl	0.688167	133.882
	5	crg	0.699524	135.227
	5	crl	0.719746	137.62
	5	crg	0.725752	138.331
	5	dup	0.743202	140.397
	5	crg	0.755766	141.884
	5	del	0.76325	142.771
	5	dup	0.768734	143.42
	5	dup	0.823011	149.845
	5	crg	0.828214	150.461
	5	dup	0.831895	150.897
	5	del	0.847117	152.699
	5	crl	0.895896	158.473
	5	crg	0.934816	163.081
	5	crg	0.954703	165.435

MUTATIONS   (7)  dup, deln, crl, crg, wgd:	16	13	20	16	0
	eid	type	time
	19	crg	0.304522	0.466326
	13	del	0.280141	5.39165
	13	del	0.348652	6.14606
	13	dup	0.391358	6.61631
	13	del	0.440506	7.1575
	13	crg	0.644723	9.40623
	7	crl	0.00195866	13.6268
	7	del	0.0193173	16.3604
	7	crl	0.0366514	19.0902
	7	crl	0.0433209	20.1405
	7	crg	0.0661366	23.7335
	7	del	0.0924257	27.8734
	7	del	0.118375	31.96
	7	del	0.131693	34.0572
	7	crl	0.134688	34.5288
	7	crg	0.170676	40.1962
	7	crl	0.18089	41.8048
	7	crl	0.188382	42.9846
	7	dup	0.21384	46.9936
	7	crl	0.224422	48.6601
	7	crl	0.236011	50.4851
	7	crl	0.266263	55.2492
	7	dup	0.268029	55.5273
	7	del	0.279248	57.2941
	7	crl	0.296111	59.9496
	7	crg	0.321776	63.9912
	7	crg	0.329051	65.1369
	7	dup	0.399937	76.3
	7	del	0.429314	80.9262
	7	crg	0.445679	83.5034
	7	crl	0.468125	87.0382
	7	crg	0.486636	89.9533
	7	del	0.494832	91.2439
	7	dup	0.545611	99.2405
	7	crg	0.556631	100.976
	7	crl	0.562974	101.975
	7	dup	0.5753	103.916
	7	crl	0.577514	104.265
	7	crl	0.581002	104.814
	7	dup	0.613363	109.91
	7	crg	0.623409	111.492
	7	dup	0.654133	116.33
	7	crl	0.663933	117.874
	7	crg	0.674529	119.542
	7	crl	0.68266	120.823
	7	crg	0.697587	123.174
	7	del	0.732836	128.724
	7	crl	0.742027	130.172
	7	crg	0.753617	131.997
	7	dup	0.766757	134.066
	7	dup	0.770734	134.693
	7	dup	0.808322	140.612
	7	crg	0.81962	142.391
	7	dup	0.822362	142.823
	7	dup	0.872535	150.724
	7	dup	0.876871	151.407
	7	crl	0.889613	153.414
	7	dup	0.91311	157.114
	7	dup	0.918927	158.03
	7	del	0.91931	158.09
	7	crl	0.944738	162.095
	7	crl	0.96078	164.621
	7	crg	0.962435	164.882
	7	del	0.976101	167.034
	7	crg	0.998397	170.545

MUTATIONS   (8)  dup, deln, crl, crg, wgd:	25	19	17	18	0
	eid	type	time
	19	crg	0.304522	0.466326
	14	del	0.378761	3.1388
	14	dup	0.973069	4.44416
	11	dup	0.0381652	6.33192
	11	crg	0.0699223	7.85349
	11	del	0.0770653	8.19573
	11	del	0.147972	11.5931
	11	crg	0.191575	13.6822
	11	crg	0.269304	17.4065
	11	dup	0.328243	20.2304
	11	crg	0.347171	21.1373
	11	dup	0.406311	23.9708
	11	del	0.440431	25.6056
	11	dup	0.474038	27.2158
	11	crl	0.484623	27.723
	11	dup	0.500071	28.4631
	11	dup	0.562251	31.4423
	11	crl	0.566757	31.6582
	11	dup	0.572961	31.9555
	11	del	0.610833	33.7701
	11	del	0.611442	33.7992
	11	del	0.631039	34.7382
	11	dup	0.779831	41.8672
	11	dup	0.928647	48.9974
	11	del	0.997033	52.274
	6	dup	0.00518595	53.0301
	6	dup	0.00523041	53.0353
	6	dup	0.0418072	57.3653
	6	del	0.0484032	58.1462
	6	crg	0.0518337	58.5523
	6	dup	0.0541251	58.8235
	6	crg	0.0834727	62.2977
	6	crg	0.0847332	62.447
	6	dup	0.163787	71.8055
	6	crl	0.191106	75.0395
	6	crg	0.200226	76.1192
	6	crl	0.216605	78.0581
	6	crg	0.263691	83.6322
	6	crl	0.27178	84.5898
	6	del	0.293335	87.1414
	6	del	0.31635	89.866
	6	crg	0.330307	91.5182
	6	del	0.336067	92.2001
	6	del	0.337119	92.3246
	6	dup	0.337294	92.3453
	6	crl	0.397457	99.4675
	6	crl	0.40771	100.681
	6	crl	0.410763	101.043
	6	del	0.420736	102.223
	6	crg	0.438314	104.304
	6	dup	0.440507	104.564
	6	crl	0.444035	104.981
	6	del	0.455961	106.393
	6	crg	0.460002	106.872
	6	del	0.51502	113.385
	6	dup	0.543629	116.772
	6	crl	0.610443	124.681
	6	del	0.631316	127.152
	6	crl	0.636238	127.735
	6	del	0.689714	134.065
	6	crg	0.694538	134.636
	6	dup	0.700926	135.393
	6	crl	0.718819	137.511
	6	dup	0.724633	138.199
	6	dup	0.738216	139.807
	6	crl	0.738872	139.885
	6	crl	0.752682	141.519
	6	crg	0.756943	142.024
	6	crl	0.766311	143.133
	6	del	0.784052	145.233
	6	crl	0.809611	148.259
	6	crl	0.813118	148.674
	6	dup	0.815385	148.942
	6	crg	0.819067	149.378
	6	dup	0.825031	150.084
	6	crg	0.837043	151.506
	6	dup	0.846475	152.623
	6	crg	0.8727	155.727
	6	dup	0.875332	156.039

MUTATIONS   (9)  dup, deln, crl, crg, wgd:	12	20	11	23	0
	eid	type	time
	19	crg	0.304522	0.466326
	13	del	0.280141	5.39165
	13	del	0.348652	6.14606
	13	dup	0.391358	6.61631
	13	del	0.440506	7.1575
	13	crg	0.644723	9.40623
	8	crg	0.011558	15.1385
	8	crl	0.0158106	15.8082
	8	crl	0.027923	17.7156
	8	crg	0.0630389	23.2456
	8	crl	0.0701847	24.371
	8	del	0.0874388	27.0881
	8	crg	0.0997899	29.0332
	8	crg	0.118293	31.947
	8	crl	0.127348	33.3729
	8	dup	0.134671	34.5262
	8	crg	0.145038	36.1587
	8	del	0.161184	38.7015
	8	crg	0.16617	39.4866
	8	del	0.187784	42.8903
	8	del	0.192847	43.6876
	8	del	0.194512	43.9498
	8	dup	0.205578	45.6926
	8	crg	0.215529	47.2595
	8	dup	0.225055	48.7598
	8	crg	0.273791	56.4347
	8	dup	0.286097	58.3726
	8	dup	0.295538	59.8594
	8	crl	0.298279	60.291
	8	dup	0.313641	62.7102
	8	crg	0.334021	65.9196
	8	dup	0.338135	66.5675
	8	crl	0.381296	73.3644
	8	crl	0.383536	73.7172
	8	dup	0.399255	76.1926
	8	del	0.408325	77.6208
	8	crl	0.411432	78.1102
	8	crl	0.412278	78.2435
	8	crg	0.426829	80.535
	8	crg	0.49615	91.4515
	8	crl	0.516598	94.6717
	8	crl	0.544957	99.1375
	8	del	0.548784	99.7402
	8	crg	0.560176	101.534
	8	crg	0.584264	105.328
	8	crg	0.60834	109.119
	8	del	0.633778	113.125
	8	dup	0.657795	116.907
	8	crg	0.665517	118.123
	8	crg	0.674805	119.586
	8	del	0.686792	121.474
	8	del	0.703172	124.053
	8	del	0.71416	125.783
	8	dup	0.716675	126.18
	8	del	0.717336	126.284
	8	del	0.727425	127.872
	8	crg	0.778008	135.838
	8	crg	0.802902	139.758
	8	del	0.810254	140.916
	8	dup	0.810904	141.019
	8	del	0.856493	148.198
	8	del	0.900232	155.086
	8	crg	0.911355	156.837
	8	crg	0.922854	158.648
	8	del	0.965384	165.346
	8	crg	0.978494	167.41

MUTATIONS   (10)  dup, deln, crl, crg, wgd:	21	17	10	15	1
	eid	type	time
	19	crg	0.304522	0.466326
	16	dup	0.00432865	2.30594
	16	dup	0.00443337	2.32024
	16	del	0.0155479	3.83801
	16	dup	0.0190346	4.31415
	16	crg	0.044726	7.82251
	16	crl	0.0469348	8.12414
	16	crl	0.0499565	8.53678
	16	del	0.0531888	8.97817
	16	dup	0.0547882	9.19658
	16	del	0.0899486	13.998
	16	crl	0.102792	15.7518
	16	dup	0.185662	27.0685
	16	del	0.205253	29.7437
	16	del	0.210495	30.4596
	16	dup	0.249527	35.7897
	16	crg	0.258346	36.994
	16	dup	0.262989	37.628
	16	del	0.271095	38.7349
	16	del	0.273268	39.0317
	16	crg	0.289998	41.3164
	16	dup	0.294047	41.8692
	16	crg	0.321016	45.5521
	16	dup	0.322109	45.7014
	16	crl	0.344118	48.7068
	16	dup	0.363673	51.3772
	16	crg	0.369019	52.1073
	16	dup	0.373272	52.688
	16	crg	0.382337	53.9259
	16	crg	0.387757	54.6661
	16	crg	0.388527	54.7712
	16	crg	0.423971	59.6114
	16	del	0.482542	67.6097
	16	crl	0.516116	72.1945
	16	crl	0.586427	81.7959
	16	dup	0.620517	86.4513
	16	del	0.663857	92.3696
	16	del	0.669458	93.1346
	16	dup	0.67123	93.3765
	16	del	0.679905	94.5612
	16	dup	0.698558	97.1084
	16	crg	0.741871	103.023
	16	del	0.756706	105.049
	16	dup	0.783	108.64
	16	del	0.792621	109.953
	16	dup	0.799962	110.956
	16	wgd	0.806935	111.908
	16	crg	0.838873	116.269
	16	del	0.859527	119.09
	16	dup	0.866507	120.043
	16	del	0.867516	120.181
	16	crl	0.941517	130.286
	16	dup	0.971309	134.355
	4	dup	0.174374	143.944
	4	crl	0.318536	148.633
	4	del	0.368409	150.255
	4	crg	0.472291	153.634
	4	crg	0.488501	154.161
	4	dup	0.55078	156.187
	4	crl	0.592389	157.54
	4	dup	0.778671	163.599
	4	del	0.891727	167.276
	4	crg	0.921688	168.25
	4	crl	0.92243	168.274

MUTATIONS   (11)  dup, deln, crl, crg, wgd:	0	0	0	0	0
	eid	type	time

