NODE TIMES:	nid	time
	1	146.53
	2	146.53
	3	146.53
	4	146.53
	5	146.53
	6	146.53
	7	146.53
	8	146.53
	9	146.53
	10	146.53
	11	0
	12	0
	13	120.218
	14	100.717
	15	44.7541
	16	17.4043
	17	12.1899
	18	4.23908
	19	1.67983
	20	0.407427
	21	0.398593

ANCESTRY    (1)	19 (12 -> 21) 	18 (21 -> 19) 	13 (19 -> 15) 	6 (15 -> 1) 
ANCESTRY    (2)	19 (12 -> 21) 	18 (21 -> 19) 	13 (19 -> 15) 	5 (15 -> 2) 
ANCESTRY    (3)	19 (12 -> 21) 	17 (21 -> 20) 	16 (20 -> 18) 	12 (18 -> 16) 	8 (16 -> 14) 	3 (14 -> 3) 
ANCESTRY    (4)	19 (12 -> 21) 	17 (21 -> 20) 	16 (20 -> 18) 	12 (18 -> 16) 	7 (16 -> 4) 
ANCESTRY    (5)	19 (12 -> 21) 	17 (21 -> 20) 	16 (20 -> 18) 	11 (18 -> 17) 	9 (17 -> 13) 	2 (13 -> 5) 
ANCESTRY    (6)	19 (12 -> 21) 	17 (21 -> 20) 	16 (20 -> 18) 	11 (18 -> 17) 	10 (17 -> 6) 
ANCESTRY    (7)	19 (12 -> 21) 	18 (21 -> 19) 	14 (19 -> 7) 
ANCESTRY    (8)	19 (12 -> 21) 	17 (21 -> 20) 	16 (20 -> 18) 	12 (18 -> 16) 	8 (16 -> 14) 	4 (14 -> 8) 
ANCESTRY    (9)	19 (12 -> 21) 	17 (21 -> 20) 	15 (20 -> 9) 
ANCESTRY    (10)	19 (12 -> 21) 	17 (21 -> 20) 	16 (20 -> 18) 	11 (18 -> 17) 	9 (17 -> 13) 	1 (13 -> 10) 
ANCESTRY    (11)	20 (12 -> 11) 

MUTATIONS   (1)  dup, deln, crl, crg, wgd:	20	18	9	19	0
	eid	type	time
	19	dup	0.525383	0.209414
	13	crg	0.00885648	2.06132
	13	crl	0.0481395	3.75341
	13	crl	0.0993882	5.96091
	13	del	0.163933	8.74114
	13	del	0.206889	10.5914
	13	crl	0.259792	12.8702
	13	dup	0.319989	15.4631
	13	dup	0.346358	16.599
	13	crg	0.461215	21.5463
	13	crg	0.464504	21.688
	13	dup	0.492534	22.8954
	13	dup	0.749962	33.9839
	13	dup	0.796412	35.9847
	13	dup	0.816835	36.8644
	13	del	0.848645	38.2346
	13	dup	0.989922	44.32
	13	crg	0.996439	44.6007
	6	crl	0.010131	45.7852
	6	dup	0.022131	47.0065
	6	dup	0.0312041	47.93
	6	del	0.060014	50.8621
	6	dup	0.0698478	51.863
	6	dup	0.0700456	51.8831
	6	del	0.0712841	52.0091
	6	crg	0.102456	55.1817
	6	crg	0.111692	56.1217
	6	dup	0.189446	64.0352
	6	crg	0.213423	66.4755
	6	del	0.23996	69.1763
	6	crg	0.250751	70.2746
	6	del	0.263415	71.5634
	6	dup	0.275604	72.804
	6	del	0.277504	72.9974
	6	crl	0.280073	73.2589
	6	dup	0.280729	73.3256
	6	del	0.289645	74.2331
	6	dup	0.324998	77.8311
	6	crg	0.358465	81.2373
	6	crl	0.362426	81.6404
	6	crg	0.405647	86.0393
	6	crg	0.52914	98.6079
	6	crg	0.605132	106.342
	6	del	0.641013	109.994
	6	dup	0.660655	111.993
	6	del	0.736286	119.69
	6	crg	0.74733	120.814
	6	del	0.750504	121.137
	6	crg	0.759628	122.066
	6	del	0.760884	122.194
	6	crg	0.773419	123.47
	6	crg	0.783917	124.538
	6	crg	0.804831	126.667
	6	crg	0.828085	129.033
	6	del	0.835429	129.781
	6	crl	0.839033	130.148
	6	del	0.839967	130.243
	6	del	0.856868	131.963
	6	dup	0.876576	133.969
	6	dup	0.89237	135.576
	6	crl	0.909036	137.272
	6	crg	0.909115	137.28
	6	crl	0.92191	138.582
	6	del	0.925201	138.917
	6	dup	0.98271	144.77
	6	del	0.987232	145.231

MUTATIONS   (2)  dup, deln, crl, crg, wgd:	19	12	13	16	0
	eid	type	time
	19	dup	0.525383	0.209414
	13	crg	0.00885648	2.06132
	13	crl	0.0481395	3.75341
	13	crl	0.0993882	5.96091
	13	del	0.163933	8.74114
	13	del	0.206889	10.5914
	13	crl	0.259792	12.8702
	13	dup	0.319989	15.4631
	13	dup	0.346358	16.599
	13	crg	0.461215	21.5463
	13	crg	0.464504	21.688
	13	dup	0.492534	22.8954
	13	dup	0.749962	33.9839
	13	dup	0.796412	35.9847
	13	dup	0.816835	36.8644
	13	del	0.848645	38.2346
	13	dup	0.989922	44.32
	13	crg	0.996439	44.6007
	5	crg	0.0199406	46.7836
	5	crg	0.037859	48.6073
	5	crl	0.0536995	50.2194
	5	crg	0.122761	57.2482
	5	del	0.173555	62.4179
	5	del	0.184472	63.529
	5	dup	0.209906	66.1176
	5	del	0.234145	68.5845
	5	dup	0.253665	70.5711
	5	dup	0.267976	72.0276
	5	del	0.271979	72.4351
	5	crg	0.30092	75.3806
	5	del	0.322272	77.5537
	5	crl	0.352538	80.634
	5	dup	0.362529	81.6509
	5	del	0.378024	83.2279
	5	dup	0.396773	85.1361
	5	dup	0.422774	87.7824
	5	del	0.439237	89.458
	5	crg	0.448429	90.3935
	5	crl	0.471657	92.7575
	5	crl	0.505053	96.1564
	5	dup	0.505275	96.179
	5	crl	0.571989	102.969
	5	del	0.599106	105.729
	5	crg	0.605578	106.387
	5	dup	0.708017	116.813
	5	crl	0.710042	117.019
	5	dup	0.731918	119.246
	5	crl	0.744353	120.511
	5	crg	0.768417	122.961
	5	crg	0.771895	123.315
	5	crl	0.825985	128.82
	5	crg	0.860319	132.314
	5	del	0.878908	134.206
	5	crl	0.886377	134.966
	5	crg	0.922905	138.684
	5	crl	0.923795	138.774
	5	crg	0.932884	139.699
	5	dup	0.937718	140.191
	5	crg	0.945873	141.021
	5	dup	0.989793	145.491

MUTATIONS   (3)  dup, deln, crl, crg, wgd:	23	12	11	13	1
	eid	type	time
	19	dup	0.525383	0.209414
	12	crg	0.278757	7.90896
	12	crg	0.447526	10.1308
	12	crg	0.59305	12.0467
	8	dup	0.0443438	21.0987
	8	crl	0.0543684	21.9338
	8	crg	0.0599644	22.4001
	8	del	0.0986236	25.6209
	8	dup	0.122646	27.6222
	8	del	0.1739	31.8923
	8	crl	0.200948	34.1458
	8	crl	0.257849	38.8863
	8	dup	0.281397	40.8482
	8	crl	0.286693	41.2895
	8	dup	0.301681	42.5381
	8	dup	0.323168	44.3283
	8	crg	0.332481	45.1041
	8	dup	0.337125	45.4911
	8	dup	0.350832	46.6331
	8	crg	0.401182	50.8279
	8	crl	0.41025	51.5833
	8	del	0.434421	53.5971
	8	dup	0.450074	54.9011
	8	del	0.455713	55.371
	8	crl	0.463495	56.0193
	8	crl	0.483008	57.645
	8	dup	0.551952	63.3889
	8	crl	0.642612	70.9421
	8	crg	0.648913	71.467
	8	crg	0.663742	72.7025
	8	wgd	0.679347	74.0026
	8	crg	0.685718	74.5333
	8	dup	0.747671	79.6948
	8	del	0.765302	81.1637
	8	dup	0.819783	85.7026
	8	dup	0.867786	89.7019
	8	dup	0.917102	93.8106
	8	crg	0.925967	94.5491
	8	crg	0.946004	96.2185
	8	crl	0.960806	97.4517
	8	del	0.985446	99.5045
	8	del	0.988164	99.731
	3	dup	0.056957	103.326
	3	crl	0.107787	105.655
	3	dup	0.130615	106.701
	3	del	0.247077	112.036
	3	dup	0.321855	115.462
	3	del	0.365784	117.475
	3	del	0.405972	119.316
	3	crg	0.444858	121.097
	3	dup	0.498527	123.556
	3	crg	0.563553	126.535
	3	del	0.665302	131.197
	3	dup	0.670782	131.448
	3	dup	0.716276	133.532
	3	dup	0.828314	138.665
	3	crl	0.896676	141.797
	3	dup	0.920198	142.874
	3	dup	0.963285	144.848
	3	del	0.963664	144.866

MUTATIONS   (4)  dup, deln, crl, crg, wgd:	15	10	17	12	0
	eid	type	time
	19	dup	0.525383	0.209414
	12	crg	0.278757	7.90896
	12	crg	0.447526	10.1308
	12	crg	0.59305	12.0467
	7	dup	0.0281631	21.0408
	7	crl	0.0439633	23.0811
	7	crl	0.0655057	25.8627
	7	dup	0.112175	31.889
	7	del	0.125813	33.65
	7	dup	0.133572	34.6519
	7	dup	0.134693	34.7966
	7	crg	0.178526	40.4566
	7	crl	0.182737	41.0004
	7	dup	0.19485	42.5644
	7	del	0.197312	42.8824
	7	crg	0.224607	46.4069
	7	crl	0.227953	46.8389
	7	dup	0.267701	51.9714
	7	crg	0.302702	56.491
	7	dup	0.310821	57.5393
	7	crg	0.344961	61.9476
	7	crg	0.39055	67.8344
	7	crl	0.417183	71.2734
	7	crg	0.427442	72.5981
	7	dup	0.463795	77.2922
	7	crg	0.483293	79.8099
	7	crl	0.533769	86.3276
	7	del	0.545387	87.8278
	7	del	0.545398	87.8293
	7	crl	0.590209	93.6155
	7	del	0.590912	93.7064
	7	dup	0.600052	94.8865
	7	dup	0.623533	97.9186
	7	crl	0.629228	98.6539
	7	crl	0.638698	99.8767
	7	del	0.645609	100.769
	7	crl	0.646184	100.843
	7	del	0.649955	101.33
	7	dup	0.662683	102.974
	7	crl	0.700006	107.793
	7	crl	0.71188	109.326
	7	del	0.715148	109.748
	7	del	0.819931	123.279
	7	crg	0.826438	124.119
	7	crl	0.852885	127.534
	7	del	0.853671	127.635
	7	dup	0.898135	133.377
	7	crl	0.90313	134.022
	7	crl	0.922493	136.522
	7	crl	0.924221	136.745
	7	crl	0.935019	138.139
	7	dup	0.935281	138.173
	7	crg	0.96295	141.746
	7	dup	0.979236	143.849

MUTATIONS   (5)  dup, deln, crl, crg, wgd:	14	15	11	22	0
	eid	type	time
	19	dup	0.525383	0.209414
	11	dup	0.0487639	4.62679
	11	del	0.851637	11.0103
	11	crl	0.899651	11.392
	9	crl	0.00020277	12.2118
	9	crg	0.0149422	13.804
	9	crg	0.0713592	19.8986
	9	crg	0.0784128	20.6606
	9	crg	0.0956954	22.5276
	9	dup	0.103639	23.3858
	9	dup	0.107187	23.7691
	9	del	0.110986	24.1795
	9	crg	0.135454	26.8227
	9	del	0.1604	29.5175
	9	crg	0.163453	29.8473
	9	del	0.195681	33.3288
	9	del	0.201672	33.976
	9	dup	0.231036	37.1482
	9	crg	0.236852	37.7764
	9	del	0.256055	39.8509
	9	dup	0.27024	41.3833
	9	crg	0.274598	41.8541
	9	crg	0.275942	41.9992
	9	del	0.27649	42.0585
	9	dup	0.284679	42.9431
	9	dup	0.345383	49.5009
	9	crg	0.412034	56.7009
	9	crg	0.460985	61.9891
	9	crg	0.493966	65.5519
	9	crl	0.5062	66.8736
	9	del	0.53114	69.5677
	9	crl	0.615371	78.6671
	9	del	0.640433	81.3745
	9	crg	0.668651	84.4228
	9	dup	0.672091	84.7944
	9	dup	0.710763	88.972
	9	crl	0.728001	90.8342
	9	crg	0.728332	90.8699
	9	crl	0.730332	91.086
	9	crl	0.794414	98.0087
	9	del	0.810538	99.7505
	9	del	0.8193	100.697
	9	crl	0.830488	101.906
	9	del	0.854569	104.507
	9	crg	0.859292	105.017
	9	crg	0.909671	110.46
	9	crg	0.920414	111.62
	9	dup	0.925603	112.181
	9	del	0.951251	114.951
	9	del	0.969892	116.965
	9	crl	0.970537	117.035
	9	crl	0.981551	118.225
	9	crg	0.992604	119.419
	2	crl	0.0151799	120.617
	2	dup	0.102991	122.928
	2	crg	0.330043	128.902
	2	dup	0.614193	136.379
	2	crg	0.634261	136.907
	2	crg	0.644481	137.176
	2	del	0.746265	139.854
	2	crg	0.794201	141.115
	2	dup	0.862411	142.91

MUTATIONS   (6)  dup, deln, crl, crg, wgd:	15	13	13	11	0
	eid	type	time
	19	dup	0.525383	0.209414
	11	dup	0.0487639	4.62679
	11	del	0.851637	11.0103
	11	crl	0.899651	11.392
	10	del	0.00538243	12.9129
	10	dup	0.00862837	13.349
	10	crl	0.010059	13.5412
	10	dup	0.0122974	13.8419
	10	crl	0.0124432	13.8615
	10	crl	0.0312904	16.3934
	10	dup	0.0844764	23.5384
	10	del	0.106597	26.5102
	10	crg	0.120454	28.3717
	10	dup	0.158565	33.4915
	10	del	0.189754	37.6815
	10	crl	0.202093	39.339
	10	del	0.257369	46.7649
	10	dup	0.274728	49.0968
	10	dup	0.315117	54.5228
	10	dup	0.321324	55.3567
	10	crl	0.335137	57.2123
	10	crl	0.341439	58.0589
	10	del	0.345603	58.6183
	10	del	0.35785	60.2635
	10	crg	0.3773	62.8765
	10	dup	0.379858	63.2201
	10	del	0.398777	65.7617
	10	crl	0.403619	66.4121
	10	crg	0.414662	67.8956
	10	del	0.453837	73.1585
	10	del	0.489339	77.9278
	10	crg	0.522988	82.4483
	10	crg	0.525521	82.7885
	10	dup	0.56053	87.4917
	10	dup	0.569587	88.7084
	10	crg	0.586028	90.9171
	10	dup	0.588624	91.2658
	10	crg	0.617033	95.0822
	10	crl	0.664436	101.45
	10	crl	0.674613	102.818
	10	dup	0.706318	107.077
	10	crl	0.714952	108.237
	10	crg	0.766137	115.113
	10	crl	0.774033	116.174
	10	del	0.803928	120.19
	10	crg	0.81178	121.245
	10	dup	0.821877	122.601
	10	del	0.842559	125.38
	10	crl	0.846056	125.849
	10	crg	0.931898	137.381
	10	crg	0.97396	143.032
	10	del	0.974771	143.141

MUTATIONS   (7)  dup, deln, crl, crg, wgd:	18	18	22	9	1
	eid	type	time
	19	dup	0.525383	0.209414
	14	crg	0.03017	6.04996
	14	crl	0.0355487	6.82908
	14	dup	0.0415913	7.70435
	14	crg	0.058928	10.2156
	14	dup	0.0605819	10.4551
	14	crl	0.06395	10.943
	14	crl	0.0651181	11.1122
	14	del	0.069409	11.7338
	14	crg	0.0761982	12.7172
	14	del	0.0955098	15.5145
	14	crg	0.100113	16.1812
	14	dup	0.159907	24.8424
	14	wgd	0.187218	28.7985
	14	del	0.226139	34.4362
	14	del	0.239825	36.4185
	14	crl	0.271052	40.9418
	14	crg	0.273868	41.3497
	14	crl	0.332916	49.9028
	14	dup	0.334081	50.0716
	14	crl	0.360438	53.8894
	14	dup	0.377244	56.3237
	14	crg	0.378657	56.5285
	14	dup	0.39412	58.7683
	14	dup	0.395257	58.933
	14	crl	0.408415	60.8389
	14	dup	0.41691	62.0693
	14	dup	0.435138	64.7097
	14	crl	0.441029	65.5631
	14	crl	0.442751	65.8125
	14	crl	0.44601	66.2846
	14	del	0.446264	66.3214
	14	del	0.448921	66.7063
	14	crg	0.468205	69.4995
	14	crl	0.468301	69.5134
	14	dup	0.484945	71.9242
	14	del	0.493444	73.1554
	14	crg	0.516176	76.4481
	14	dup	0.519081	76.8688
	14	del	0.541308	80.0885
	14	dup	0.550236	81.3817
	14	dup	0.551131	81.5114
	14	del	0.565573	83.6033
	14	del	0.58457	86.355
	14	crg	0.591909	87.418
	14	dup	0.593536	87.6537
	14	crl	0.617975	91.1937
	14	del	0.620436	91.5503
	14	crl	0.657592	96.9323
	14	crl	0.674168	99.3333
	14	crl	0.720658	106.067
	14	crl	0.726381	106.896
	14	del	0.753342	110.802
	14	crl	0.790629	116.203
	14	del	0.79231	116.446
	14	del	0.795306	116.88
	14	crl	0.856975	125.813
	14	crl	0.895325	131.368
	14	dup	0.916865	134.488
	14	crl	0.931885	136.664
	14	del	0.932928	136.815
	14	del	0.949538	139.221
	14	crl	0.971173	142.355
	14	del	0.974222	142.796
	14	dup	0.974837	142.885
	14	crl	0.989075	144.948
	14	del	0.999603	146.473
	14	dup	0.999878	146.512

MUTATIONS   (8)  dup, deln, crl, crg, wgd:	17	10	13	18	1
	eid	type	time
	19	dup	0.525383	0.209414
	12	crg	0.278757	7.90896
	12	crg	0.447526	10.1308
	12	crg	0.59305	12.0467
	8	dup	0.0443438	21.0987
	8	crl	0.0543684	21.9338
	8	crg	0.0599644	22.4001
	8	del	0.0986236	25.6209
	8	dup	0.122646	27.6222
	8	del	0.1739	31.8923
	8	crl	0.200948	34.1458
	8	crl	0.257849	38.8863
	8	dup	0.281397	40.8482
	8	crl	0.286693	41.2895
	8	dup	0.301681	42.5381
	8	dup	0.323168	44.3283
	8	crg	0.332481	45.1041
	8	dup	0.337125	45.4911
	8	dup	0.350832	46.6331
	8	crg	0.401182	50.8279
	8	crl	0.41025	51.5833
	8	del	0.434421	53.5971
	8	dup	0.450074	54.9011
	8	del	0.455713	55.371
	8	crl	0.463495	56.0193
	8	crl	0.483008	57.645
	8	dup	0.551952	63.3889
	8	crl	0.642612	70.9421
	8	crg	0.648913	71.467
	8	crg	0.663742	72.7025
	8	wgd	0.679347	74.0026
	8	crg	0.685718	74.5333
	8	dup	0.747671	79.6948
	8	del	0.765302	81.1637
	8	dup	0.819783	85.7026
	8	dup	0.867786	89.7019
	8	dup	0.917102	93.8106
	8	crg	0.925967	94.5491
	8	crg	0.946004	96.2185
	8	crl	0.960806	97.4517
	8	del	0.985446	99.5045
	8	del	0.988164	99.731
	4	del	0.0308011	102.128
	4	crg	0.177131	108.832
	4	del	0.180148	108.97
	4	crg	0.329374	115.807
	4	dup	0.371783	117.75
	4	crg	0.434369	120.617
	4	crg	0.493111	123.308
	4	del	0.539811	125.447
	4	crg	0.573301	126.982
	4	crl	0.599764	128.194
	4	crl	0.817483	138.169
	4	dup	0.848819	139.604
	4	crl	0.875345	140.819
	4	crg	0.883872	141.21
	4	crg	0.898599	141.885
	4	dup	0.898928	141.9
	4	crl	0.900151	141.956

MUTATIONS   (9)  dup, deln, crl, crg, wgd:	10	15	14	12	2
	eid	type	time
	19	dup	0.525383	0.209414
	15	dup	0.00268977	0.800464
	15	crg	0.00600833	1.28538
	15	del	0.0102875	1.91066
	15	del	0.0261929	4.2348
	15	del	0.0341521	5.39782
	15	dup	0.0620694	9.47718
	15	crl	0.108204	16.2185
	15	del	0.115449	17.2771
	15	dup	0.120578	18.0267
	15	del	0.12914	19.2777
	15	crg	0.134503	20.0614
	15	crl	0.202714	30.0286
	15	del	0.212793	31.5014
	15	del	0.21316	31.555
	15	dup	0.263334	38.8865
	15	del	0.301747	44.4995
	15	del	0.32013	47.1857
	15	del	0.322979	47.602
	15	crl	0.343919	50.6618
	15	dup	0.378314	55.6877
	15	dup	0.397155	58.4408
	15	crg	0.420276	61.8193
	15	crg	0.426881	62.7844
	15	dup	0.44233	65.0419
	15	crg	0.454292	66.7898
	15	crl	0.462079	67.9277
	15	crl	0.491064	72.1631
	15	crl	0.499307	73.3675
	15	wgd	0.503211	73.938
	15	del	0.533108	78.3066
	15	dup	0.583905	85.7293
	15	crl	0.588901	86.4592
	15	crl	0.594008	87.2055
	15	del	0.662865	97.2672
	15	crl	0.671635	98.5485
	15	crl	0.682779	100.177
	15	crg	0.689827	101.207
	15	crg	0.720505	105.69
	15	crg	0.728758	106.896
	15	crl	0.73926	108.43
	15	crl	0.756288	110.918
	15	crg	0.773954	113.5
	15	del	0.780995	114.529
	15	dup	0.782527	114.752
	15	del	0.812055	119.067
	15	crg	0.82719	121.279
	15	crg	0.837391	122.769
	15	del	0.844852	123.859
	15	wgd	0.849613	124.555
	15	crl	0.943797	138.318
	15	crl	0.966854	141.687
	15	crg	0.980182	143.634

MUTATIONS   (10)  dup, deln, crl, crg, wgd:	13	17	12	20	0
	eid	type	time
	19	dup	0.525383	0.209414
	11	dup	0.0487639	4.62679
	11	del	0.851637	11.0103
	11	crl	0.899651	11.392
	9	crl	0.00020277	12.2118
	9	crg	0.0149422	13.804
	9	crg	0.0713592	19.8986
	9	crg	0.0784128	20.6606
	9	crg	0.0956954	22.5276
	9	dup	0.103639	23.3858
	9	dup	0.107187	23.7691
	9	del	0.110986	24.1795
	9	crg	0.135454	26.8227
	9	del	0.1604	29.5175
	9	crg	0.163453	29.8473
	9	del	0.195681	33.3288
	9	del	0.201672	33.976
	9	dup	0.231036	37.1482
	9	crg	0.236852	37.7764
	9	del	0.256055	39.8509
	9	dup	0.27024	41.3833
	9	crg	0.274598	41.8541
	9	crg	0.275942	41.9992
	9	del	0.27649	42.0585
	9	dup	0.284679	42.9431
	9	dup	0.345383	49.5009
	9	crg	0.412034	56.7009
	9	crg	0.460985	61.9891
	9	crg	0.493966	65.5519
	9	crl	0.5062	66.8736
	9	del	0.53114	69.5677
	9	crl	0.615371	78.6671
	9	del	0.640433	81.3745
	9	crg	0.668651	84.4228
	9	dup	0.672091	84.7944
	9	dup	0.710763	88.972
	9	crl	0.728001	90.8342
	9	crg	0.728332	90.8699
	9	crl	0.730332	91.086
	9	crl	0.794414	98.0087
	9	del	0.810538	99.7505
	9	del	0.8193	100.697
	9	crl	0.830488	101.906
	9	del	0.854569	104.507
	9	crg	0.859292	105.017
	9	crg	0.909671	110.46
	9	crg	0.920414	111.62
	9	dup	0.925603	112.181
	9	del	0.951251	114.951
	9	del	0.969892	116.965
	9	crl	0.970537	117.035
	9	crl	0.981551	118.225
	9	crg	0.992604	119.419
	1	del	0.0774895	122.257
	1	del	0.0795608	122.311
	1	crl	0.0867726	122.501
	1	crl	0.272114	127.378
	1	del	0.511831	133.685
	1	dup	0.531884	134.213
	1	crg	0.634115	136.903
	1	dup	0.674429	137.964
	1	crg	0.717109	139.087

MUTATIONS   (11)  dup, deln, crl, crg, wgd:	0	0	0	0	0
	eid	type	time

