NODE TIMES:	nid	time
	1	174.491
	2	174.491
	3	174.491
	4	174.491
	5	174.491
	6	174.491
	7	174.491
	8	174.491
	9	174.491
	10	174.491
	11	0
	12	0
	13	129.287
	14	44.8072
	15	37.1381
	16	20.7704
	17	17.4805
	18	10.9202
	19	4.5194
	20	2.05835
	21	0.729013

ANCESTRY    (1)	19 (12 -> 21) 	17 (21 -> 20) 	16 (20 -> 16) 	8 (16 -> 13) 	2 (13 -> 1) 
ANCESTRY    (2)	19 (12 -> 21) 	17 (21 -> 20) 	16 (20 -> 16) 	8 (16 -> 13) 	1 (13 -> 2) 
ANCESTRY    (3)	19 (12 -> 21) 	17 (21 -> 20) 	15 (20 -> 19) 	13 (19 -> 3) 
ANCESTRY    (4)	19 (12 -> 21) 	18 (21 -> 18) 	12 (18 -> 15) 	5 (15 -> 4) 
ANCESTRY    (5)	19 (12 -> 21) 	18 (21 -> 18) 	12 (18 -> 15) 	6 (15 -> 14) 	3 (14 -> 5) 
ANCESTRY    (6)	19 (12 -> 21) 	18 (21 -> 18) 	12 (18 -> 15) 	6 (15 -> 14) 	4 (14 -> 6) 
ANCESTRY    (7)	19 (12 -> 21) 	17 (21 -> 20) 	15 (20 -> 19) 	14 (19 -> 17) 	10 (17 -> 7) 
ANCESTRY    (8)	19 (12 -> 21) 	17 (21 -> 20) 	15 (20 -> 19) 	14 (19 -> 17) 	9 (17 -> 8) 
ANCESTRY    (9)	19 (12 -> 21) 	18 (21 -> 18) 	11 (18 -> 9) 
ANCESTRY    (10)	19 (12 -> 21) 	17 (21 -> 20) 	16 (20 -> 16) 	7 (16 -> 10) 
ANCESTRY    (11)	20 (12 -> 11) 

MUTATIONS   (1)  dup, deln, crl, crg, wgd:	18	25	12	21	0
	eid	type	time
	19	del	0.439573	0.320455
	16	crg	0.293628	7.55272
	16	crl	0.384339	9.25012
	16	del	0.418242	9.88451
	16	dup	0.435456	10.2066
	16	del	0.544218	12.2418
	16	crg	0.570663	12.7366
	16	del	0.615232	13.5706
	16	crg	0.901472	18.9267
	16	crl	0.914689	19.1741
	16	dup	0.951125	19.8559
	8	dup	0.027612	23.7668
	8	crg	0.0712541	28.5027
	8	crg	0.0789561	29.3385
	8	del	0.0813833	29.6019
	8	dup	0.096322	31.223
	8	dup	0.156961	37.8033
	8	crg	0.172036	39.4392
	8	crg	0.194197	41.8441
	8	del	0.229592	45.685
	8	dup	0.260532	49.0426
	8	del	0.272111	50.2991
	8	del	0.283401	51.5242
	8	crg	0.296467	52.942
	8	crg	0.302977	53.6486
	8	dup	0.334082	57.024
	8	del	0.342332	57.9192
	8	dup	0.35071	58.8283
	8	del	0.37495	61.4588
	8	crg	0.377312	61.7151
	8	dup	0.385384	62.5911
	8	crg	0.389261	63.0118
	8	dup	0.415945	65.9074
	8	crg	0.426382	67.0401
	8	del	0.451205	69.7337
	8	crg	0.458017	70.473
	8	del	0.491958	74.1561
	8	crg	0.526784	77.9353
	8	crl	0.56145	81.6972
	8	crg	0.576114	83.2885
	8	del	0.576389	83.3183
	8	crl	0.581586	83.8823
	8	crl	0.601417	86.0343
	8	del	0.611591	87.1383
	8	dup	0.668732	93.3391
	8	crl	0.678061	94.3514
	8	crg	0.691057	95.7617
	8	del	0.721972	99.1165
	8	crg	0.739079	100.973
	8	del	0.850633	113.078
	8	del	0.872725	115.476
	8	dup	0.877968	116.045
	8	del	0.885363	116.847
	8	dup	0.888569	117.195
	8	crl	0.91045	119.57
	8	dup	0.931748	121.881
	8	crg	0.995998	128.853
	2	crl	0.00704028	129.605
	2	del	0.12142	134.776
	2	dup	0.219041	139.189
	2	del	0.221904	139.318
	2	crg	0.232714	139.807
	2	crl	0.325933	144.021
	2	del	0.364909	145.783
	2	dup	0.400574	147.395
	2	del	0.409493	147.798
	2	del	0.5047	152.102
	2	crl	0.509785	152.332
	2	crl	0.515606	152.595
	2	crg	0.548552	154.084
	2	dup	0.576259	155.337
	2	dup	0.604129	156.596
	2	del	0.74484	162.957
	2	del	0.870138	168.621
	2	crg	0.915454	170.67
	2	crl	0.947651	172.125

MUTATIONS   (2)  dup, deln, crl, crg, wgd:	17	21	14	26	0
	eid	type	time
	19	del	0.439573	0.320455
	16	crg	0.293628	7.55272
	16	crl	0.384339	9.25012
	16	del	0.418242	9.88451
	16	dup	0.435456	10.2066
	16	del	0.544218	12.2418
	16	crg	0.570663	12.7366
	16	del	0.615232	13.5706
	16	crg	0.901472	18.9267
	16	crl	0.914689	19.1741
	16	dup	0.951125	19.8559
	8	dup	0.027612	23.7668
	8	crg	0.0712541	28.5027
	8	crg	0.0789561	29.3385
	8	del	0.0813833	29.6019
	8	dup	0.096322	31.223
	8	dup	0.156961	37.8033
	8	crg	0.172036	39.4392
	8	crg	0.194197	41.8441
	8	del	0.229592	45.685
	8	dup	0.260532	49.0426
	8	del	0.272111	50.2991
	8	del	0.283401	51.5242
	8	crg	0.296467	52.942
	8	crg	0.302977	53.6486
	8	dup	0.334082	57.024
	8	del	0.342332	57.9192
	8	dup	0.35071	58.8283
	8	del	0.37495	61.4588
	8	crg	0.377312	61.7151
	8	dup	0.385384	62.5911
	8	crg	0.389261	63.0118
	8	dup	0.415945	65.9074
	8	crg	0.426382	67.0401
	8	del	0.451205	69.7337
	8	crg	0.458017	70.473
	8	del	0.491958	74.1561
	8	crg	0.526784	77.9353
	8	crl	0.56145	81.6972
	8	crg	0.576114	83.2885
	8	del	0.576389	83.3183
	8	crl	0.581586	83.8823
	8	crl	0.601417	86.0343
	8	del	0.611591	87.1383
	8	dup	0.668732	93.3391
	8	crl	0.678061	94.3514
	8	crg	0.691057	95.7617
	8	del	0.721972	99.1165
	8	crg	0.739079	100.973
	8	del	0.850633	113.078
	8	del	0.872725	115.476
	8	dup	0.877968	116.045
	8	del	0.885363	116.847
	8	dup	0.888569	117.195
	8	crl	0.91045	119.57
	8	dup	0.931748	121.881
	8	crg	0.995998	128.853
	1	crg	0.00623324	129.569
	1	crl	0.07417	132.64
	1	crg	0.106119	134.084
	1	crl	0.108599	134.196
	1	crg	0.128137	135.08
	1	dup	0.134516	135.368
	1	dup	0.229877	139.679
	1	del	0.245971	140.406
	1	crl	0.257926	140.947
	1	crg	0.259941	141.038
	1	crl	0.279101	141.904
	1	crg	0.362417	145.67
	1	crl	0.377549	146.354
	1	del	0.410709	147.853
	1	dup	0.582966	155.64
	1	crl	0.595557	156.209
	1	crl	0.849306	167.679
	1	crg	0.879618	169.05
	1	crg	0.915926	170.691
	1	crg	0.998268	174.413
	1	del	0.999282	174.459

MUTATIONS   (3)  dup, deln, crl, crg, wgd:	14	23	20	14	0
	eid	type	time
	19	del	0.439573	0.320455
	15	crg	0.278798	2.74449
	15	crl	0.465296	3.20346
	15	dup	0.8545	4.16131
	13	crl	0.0366156	10.743
	13	del	0.0500456	13.0258
	13	del	0.0562563	14.0814
	13	crl	0.0597264	14.6712
	13	del	0.0738328	17.0689
	13	del	0.0754315	17.3406
	13	del	0.0899673	19.8113
	13	del	0.0908194	19.9562
	13	dup	0.105014	22.3688
	13	crl	0.120143	24.9403
	13	del	0.135962	27.6291
	13	crl	0.184337	35.8516
	13	crg	0.199178	38.3742
	13	del	0.200876	38.6626
	13	dup	0.207257	39.7473
	13	del	0.211597	40.485
	13	crl	0.218622	41.6789
	13	del	0.221909	42.2377
	13	dup	0.237654	44.9139
	13	crg	0.249054	46.8516
	13	del	0.296178	54.8613
	13	dup	0.305135	56.3838
	13	crl	0.318476	58.6515
	13	crg	0.342574	62.7474
	13	crg	0.370435	67.483
	13	dup	0.381372	69.342
	13	del	0.392168	71.1769
	13	crg	0.416871	75.3759
	13	dup	0.418131	75.59
	13	crg	0.44172	79.5995
	13	dup	0.446893	80.4787
	13	del	0.460711	82.8274
	13	del	0.465047	83.5644
	13	dup	0.474996	85.2554
	13	crl	0.475654	85.3672
	13	crl	0.499615	89.4399
	13	crg	0.505989	90.5234
	13	crl	0.530682	94.7205
	13	crl	0.547989	97.6623
	13	crg	0.553151	98.5396
	13	crl	0.558763	99.4935
	13	del	0.601478	106.754
	13	crl	0.607918	107.849
	13	crg	0.62253	110.332
	13	del	0.635214	112.488
	13	crg	0.690819	121.939
	13	del	0.709231	125.069
	13	crg	0.738688	130.076
	13	del	0.744158	131.005
	13	dup	0.763169	134.237
	13	dup	0.763971	134.373
	13	dup	0.772695	135.856
	13	crl	0.77757	136.685
	13	crl	0.795026	139.652
	13	del	0.79659	139.917
	13	crl	0.813621	142.812
	13	crg	0.815529	143.136
	13	del	0.817302	143.438
	13	del	0.825594	144.847
	13	crl	0.876487	153.498
	13	crl	0.901193	157.697
	13	dup	0.912036	159.54
	13	crl	0.932573	163.031
	13	del	0.946652	165.424
	13	crl	0.947842	165.626
	13	crg	0.957807	167.32
	13	dup	0.989349	172.681

MUTATIONS   (4)  dup, deln, crl, crg, wgd:	18	22	18	15	1
	eid	type	time
	19	del	0.439573	0.320455
	18	dup	0.159808	2.35765
	18	crl	0.777484	8.65251
	12	del	0.0467016	12.1446
	12	crl	0.0857561	13.1686
	12	crg	0.195527	16.0465
	12	crl	0.464697	23.1036
	12	crl	0.475426	23.3849
	12	del	0.529503	24.8027
	12	dup	0.565689	25.7514
	12	dup	0.596106	26.5489
	12	del	0.750381	30.5936
	12	dup	0.836899	32.8619
	12	crl	0.850193	33.2105
	12	crg	0.85534	33.3454
	12	dup	0.936272	35.4673
	5	del	0.00758824	38.1804
	5	crl	0.0113169	38.6925
	5	dup	0.050785	44.1136
	5	dup	0.0888387	49.3404
	5	del	0.0889264	49.3525
	5	crl	0.0909927	49.6363
	5	del	0.130443	55.0549
	5	crg	0.131275	55.1692
	5	dup	0.136134	55.8366
	5	crg	0.170331	60.5337
	5	del	0.176269	61.3492
	5	del	0.185009	62.5498
	5	dup	0.206518	65.5041
	5	crl	0.206591	65.5141
	5	crg	0.209682	65.9387
	5	wgd	0.210522	66.054
	5	dup	0.214346	66.5792
	5	dup	0.220226	67.3869
	5	crl	0.222666	67.7221
	5	dup	0.284095	76.1595
	5	del	0.287458	76.6214
	5	crg	0.298994	78.206
	5	dup	0.310395	79.7719
	5	del	0.323512	81.5736
	5	del	0.327433	82.1121
	5	dup	0.331091	82.6146
	5	crg	0.335619	83.2364
	5	del	0.350271	85.249
	5	crg	0.35686	86.154
	5	crl	0.37258	88.3132
	5	crl	0.373289	88.4106
	5	crl	0.394997	91.3923
	5	crg	0.406632	92.9904
	5	crg	0.423907	95.3632
	5	crg	0.439351	97.4845
	5	del	0.487164	104.052
	5	del	0.487876	104.149
	5	crl	0.506145	106.659
	5	del	0.543413	111.778
	5	dup	0.543665	111.812
	5	dup	0.568181	115.18
	5	del	0.571931	115.695
	5	crg	0.590267	118.213
	5	crl	0.631004	123.809
	5	del	0.658227	127.548
	5	crl	0.689827	131.888
	5	crg	0.692707	132.284
	5	crl	0.70999	134.658
	5	del	0.755944	140.97
	5	del	0.757342	141.162
	5	crg	0.777553	143.938
	5	dup	0.794089	146.209
	5	crg	0.887614	159.055
	5	crl	0.891965	159.652
	5	del	0.901141	160.913
	5	crl	0.922962	163.91
	5	dup	0.929704	164.836
	5	del	0.94644	167.135

MUTATIONS   (5)  dup, deln, crl, crg, wgd:	18	18	23	15	1
	eid	type	time
	19	del	0.439573	0.320455
	18	dup	0.159808	2.35765
	18	crl	0.777484	8.65251
	12	del	0.0467016	12.1446
	12	crl	0.0857561	13.1686
	12	crg	0.195527	16.0465
	12	crl	0.464697	23.1036
	12	crl	0.475426	23.3849
	12	del	0.529503	24.8027
	12	dup	0.565689	25.7514
	12	dup	0.596106	26.5489
	12	del	0.750381	30.5936
	12	dup	0.836899	32.8619
	12	crl	0.850193	33.2105
	12	crg	0.85534	33.3454
	12	dup	0.936272	35.4673
	6	crg	0.0956523	37.8717
	6	crl	0.290089	39.3628
	6	dup	0.66027	42.2018
	3	del	0.00313674	45.214
	3	crl	0.0300119	48.6993
	3	del	0.0858626	55.9422
	3	crg	0.112351	59.3773
	3	del	0.159165	65.4484
	3	dup	0.168826	66.7013
	3	del	0.177328	67.8038
	3	crg	0.189492	69.3813
	3	del	0.212797	72.4036
	3	dup	0.231101	74.7774
	3	dup	0.297891	83.439
	3	crl	0.31352	85.4658
	3	crl	0.320974	86.4324
	3	crl	0.328713	87.4362
	3	del	0.369849	92.7707
	3	wgd	0.377446	93.756
	3	crg	0.390623	95.4649
	3	dup	0.405734	97.4246
	3	crl	0.423019	99.6661
	3	dup	0.424598	99.8708
	3	del	0.427629	100.264
	3	dup	0.430685	100.66
	3	crl	0.437854	101.59
	3	crl	0.439125	101.755
	3	crg	0.441241	102.029
	3	crg	0.441893	102.114
	3	crl	0.446553	102.718
	3	dup	0.449857	103.147
	3	del	0.527254	113.184
	3	crl	0.616642	124.776
	3	crg	0.624959	125.855
	3	crg	0.625683	125.948
	3	del	0.637974	127.542
	3	crg	0.665953	131.171
	3	del	0.669434	131.622
	3	crg	0.681258	133.156
	3	crl	0.706458	136.424
	3	crl	0.717319	137.832
	3	crl	0.720742	138.276
	3	crl	0.739134	140.661
	3	dup	0.739265	140.678
	3	crl	0.780569	146.035
	3	crl	0.838956	153.607
	3	del	0.84419	154.285
	3	dup	0.854869	155.67
	3	del	0.866898	157.23
	3	crg	0.889809	160.201
	3	dup	0.901956	161.777
	3	crg	0.917253	163.76
	3	del	0.926838	165.003
	3	dup	0.932411	165.726
	3	dup	0.939791	166.683
	3	crg	0.940547	166.781
	3	del	0.948537	167.817
	3	crl	0.963386	169.743
	3	crl	0.994797	173.817

MUTATIONS   (6)  dup, deln, crl, crg, wgd:	19	14	21	9	0
	eid	type	time
	19	del	0.439573	0.320455
	18	dup	0.159808	2.35765
	18	crl	0.777484	8.65251
	12	del	0.0467016	12.1446
	12	crl	0.0857561	13.1686
	12	crg	0.195527	16.0465
	12	crl	0.464697	23.1036
	12	crl	0.475426	23.3849
	12	del	0.529503	24.8027
	12	dup	0.565689	25.7514
	12	dup	0.596106	26.5489
	12	del	0.750381	30.5936
	12	dup	0.836899	32.8619
	12	crl	0.850193	33.2105
	12	crg	0.85534	33.3454
	12	dup	0.936272	35.4673
	6	crg	0.0956523	37.8717
	6	crl	0.290089	39.3628
	6	dup	0.66027	42.2018
	4	dup	0.00511244	45.4702
	4	crg	0.0305342	48.767
	4	del	0.0309212	48.8172
	4	crg	0.0398282	49.9723
	4	del	0.0990547	57.653
	4	crg	0.106066	58.5624
	4	dup	0.112122	59.3477
	4	crl	0.132839	62.0343
	4	crl	0.154772	64.8786
	4	crl	0.202954	71.1271
	4	crl	0.267406	79.4855
	4	del	0.26958	79.7676
	4	dup	0.273547	80.2819
	4	crl	0.309929	85.0001
	4	dup	0.320595	86.3833
	4	del	0.330804	87.7073
	4	crl	0.36302	91.8851
	4	del	0.406722	97.5527
	4	crg	0.412933	98.3582
	4	crl	0.430567	100.645
	4	crl	0.446821	102.753
	4	dup	0.46187	104.704
	4	crl	0.476063	106.545
	4	del	0.480978	107.182
	4	dup	0.52196	112.497
	4	crl	0.569456	118.657
	4	dup	0.581779	120.255
	4	dup	0.583408	120.466
	4	crg	0.658572	130.214
	4	del	0.674819	132.321
	4	crl	0.688387	134.08
	4	dup	0.713352	137.318
	4	dup	0.754586	142.665
	4	crl	0.785779	146.71
	4	dup	0.818829	150.996
	4	crl	0.821046	151.284
	4	del	0.844916	154.38
	4	crl	0.858919	156.195
	4	dup	0.889423	160.151
	4	dup	0.92959	165.36
	4	crg	0.930857	165.525
	4	crl	0.946525	167.557
	4	del	0.952867	168.379
	4	del	0.975829	171.357

MUTATIONS   (7)  dup, deln, crl, crg, wgd:	17	19	18	18	0
	eid	type	time
	19	del	0.439573	0.320455
	15	crg	0.278798	2.74449
	15	crl	0.465296	3.20346
	15	dup	0.8545	4.16131
	14	dup	0.411803	9.85681
	14	crg	0.449545	10.346
	14	del	0.717427	13.818
	14	dup	0.858454	15.6459
	14	crl	0.92811	16.5487
	10	crl	0.0164729	20.0669
	10	crl	0.0290698	22.0448
	10	crl	0.0495375	25.2584
	10	crg	0.0607663	27.0215
	10	dup	0.0909095	31.7543
	10	crg	0.0937435	32.1992
	10	crl	0.130427	37.959
	10	crl	0.131347	38.1034
	10	del	0.138679	39.2546
	10	del	0.214987	51.2358
	10	crg	0.222593	52.43
	10	dup	0.223547	52.5798
	10	crl	0.228508	53.3587
	10	crl	0.229709	53.5473
	10	dup	0.2327	54.0169
	10	del	0.257521	57.9141
	10	del	0.261002	58.4607
	10	dup	0.293544	63.5702
	10	del	0.296879	64.0937
	10	del	0.300564	64.6723
	10	dup	0.304406	65.2756
	10	dup	0.402981	80.753
	10	del	0.408849	81.6743
	10	dup	0.414823	82.6122
	10	dup	0.420928	83.5708
	10	crl	0.453344	88.6604
	10	crg	0.464118	90.3522
	10	crl	0.467253	90.8443
	10	dup	0.488222	94.1366
	10	del	0.488706	94.2127
	10	crg	0.539378	102.169
	10	crl	0.546923	103.353
	10	del	0.564827	106.164
	10	crg	0.56723	106.542
	10	crg	0.627153	115.95
	10	dup	0.635243	117.221
	10	del	0.644207	118.628
	10	crl	0.644695	118.705
	10	crg	0.672986	123.147
	10	crg	0.680101	124.264
	10	crg	0.717184	130.086
	10	crg	0.723147	131.022
	10	del	0.749243	135.12
	10	del	0.786734	141.006
	10	dup	0.791875	141.814
	10	del	0.792539	141.918
	10	crg	0.794059	142.156
	10	dup	0.83713	148.919
	10	crg	0.853092	151.425
	10	crg	0.854619	151.665
	10	del	0.8928	157.66
	10	crl	0.893935	157.838
	10	del	0.916175	161.33
	10	del	0.920686	162.038
	10	crg	0.924497	162.637
	10	crl	0.934364	164.186
	10	del	0.937138	164.621
	10	crl	0.939665	165.018
	10	crl	0.941772	165.349
	10	dup	0.965972	169.149
	10	dup	0.973772	170.373
	10	crl	0.988618	172.704
	10	crg	0.989472	172.838

MUTATIONS   (8)  dup, deln, crl, crg, wgd:	15	12	22	11	0
	eid	type	time
	19	del	0.439573	0.320455
	15	crg	0.278798	2.74449
	15	crl	0.465296	3.20346
	15	dup	0.8545	4.16131
	14	dup	0.411803	9.85681
	14	crg	0.449545	10.346
	14	del	0.717427	13.818
	14	dup	0.858454	15.6459
	14	crl	0.92811	16.5487
	9	dup	0.0125192	19.4461
	9	crg	0.0304301	22.2583
	9	crl	0.0440111	24.3907
	9	crl	0.0486052	25.112
	9	crl	0.101267	33.3806
	9	crl	0.120642	36.4226
	9	crl	0.178554	45.5154
	9	del	0.179092	45.5999
	9	dup	0.211682	50.7169
	9	dup	0.241191	55.3501
	9	del	0.241959	55.4707
	9	crg	0.250846	56.866
	9	del	0.276056	60.8243
	9	crl	0.318712	67.5217
	9	crl	0.361254	74.2014
	9	crl	0.443465	87.1094
	9	dup	0.461374	89.9213
	9	del	0.473964	91.898
	9	crl	0.477273	92.4176
	9	dup	0.520103	99.1424
	9	crg	0.528102	100.398
	9	crl	0.538814	102.08
	9	dup	0.544437	102.963
	9	del	0.555866	104.757
	9	crl	0.583869	109.154
	9	crl	0.617357	114.412
	9	del	0.629056	116.249
	9	crg	0.644662	118.699
	9	dup	0.65302	120.012
	9	crg	0.72169	130.794
	9	crl	0.731224	132.291
	9	crg	0.73359	132.662
	9	crl	0.742474	134.057
	9	crg	0.768552	138.152
	9	crl	0.770293	138.425
	9	crl	0.781669	140.211
	9	crl	0.801147	143.269
	9	dup	0.818962	146.067
	9	del	0.82149	146.463
	9	crg	0.823555	146.788
	9	dup	0.82688	147.31
	9	dup	0.875711	154.977
	9	dup	0.876532	155.106
	9	del	0.878033	155.341
	9	crl	0.883149	156.145
	9	del	0.907329	159.941
	9	crg	0.913132	160.852
	9	crl	0.916887	161.442
	9	dup	0.921589	162.18
	9	crl	0.974343	170.463
	9	del	0.990128	172.941

MUTATIONS   (9)  dup, deln, crl, crg, wgd:	17	21	19	22	0
	eid	type	time
	19	del	0.439573	0.320455
	18	dup	0.159808	2.35765
	18	crl	0.777484	8.65251
	11	crg	0.0301772	15.8563
	11	crl	0.0560988	20.0964
	11	crl	0.0708009	22.5012
	11	crl	0.0843566	24.7185
	11	crl	0.0856638	24.9323
	11	dup	0.114066	29.5782
	11	del	0.130717	32.3018
	11	dup	0.158233	36.8025
	11	crg	0.16	37.0915
	11	crl	0.191253	42.2036
	11	crl	0.19744	43.2157
	11	del	0.202628	44.0643
	11	crg	0.234098	49.2118
	11	del	0.250714	51.9297
	11	del	0.259926	53.4366
	11	dup	0.273317	55.627
	11	crl	0.278908	56.5416
	11	dup	0.303292	60.53
	11	dup	0.344324	67.2417
	11	del	0.365747	70.7458
	11	crl	0.36726	70.9934
	11	dup	0.371475	71.6829
	11	crg	0.373489	72.0122
	11	crg	0.383608	73.6674
	11	crg	0.387055	74.2313
	11	del	0.398844	76.1597
	11	crl	0.407151	77.5184
	11	crg	0.412398	78.3766
	11	dup	0.418433	79.3637
	11	dup	0.426741	80.7227
	11	del	0.437766	82.526
	11	dup	0.451499	84.7724
	11	del	0.467937	87.4612
	11	crl	0.476603	88.8788
	11	dup	0.481296	89.6464
	11	crl	0.491311	91.2846
	11	del	0.498787	92.5075
	11	del	0.506078	93.7001
	11	crg	0.532491	98.0204
	11	del	0.541408	99.4789
	11	del	0.541463	99.488
	11	del	0.591129	107.612
	11	del	0.605892	110.027
	11	dup	0.625928	113.304
	11	crg	0.634907	114.773
	11	crg	0.638789	115.408
	11	crl	0.647014	116.753
	11	crg	0.652458	117.644
	11	crg	0.662878	119.348
	11	dup	0.668297	120.234
	11	crg	0.675046	121.338
	11	dup	0.676879	121.638
	11	crl	0.681044	122.319
	11	crl	0.684433	122.874
	11	crg	0.692732	124.231
	11	del	0.695062	124.612
	11	del	0.72862	130.102
	11	crl	0.768671	136.653
	11	del	0.77318	137.39
	11	crg	0.791038	140.311
	11	crg	0.791952	140.461
	11	crg	0.798859	141.591
	11	dup	0.802601	142.203
	11	crl	0.822483	145.455
	11	crl	0.836149	147.69
	11	del	0.855069	150.785
	11	del	0.855239	150.813
	11	crl	0.900823	158.269
	11	dup	0.905084	158.966
	11	crg	0.910897	159.917
	11	crg	0.923668	162.006
	11	crg	0.931569	163.298
	11	del	0.970167	169.612
	11	crg	0.981162	171.41
	11	dup	0.987727	172.484
	11	crg	0.989363	172.752

MUTATIONS   (10)  dup, deln, crl, crg, wgd:	20	25	15	22	0
	eid	type	time
	19	del	0.439573	0.320455
	16	crg	0.293628	7.55272
	16	crl	0.384339	9.25012
	16	del	0.418242	9.88451
	16	dup	0.435456	10.2066
	16	del	0.544218	12.2418
	16	crg	0.570663	12.7366
	16	del	0.615232	13.5706
	16	crg	0.901472	18.9267
	16	crl	0.914689	19.1741
	16	dup	0.951125	19.8559
	7	crg	0.00963988	22.2523
	7	crl	0.0140303	22.9272
	7	crl	0.0289047	25.2137
	7	del	0.0486263	28.2453
	7	dup	0.050706	28.565
	7	del	0.0699032	31.516
	7	del	0.102488	36.525
	7	crg	0.128968	40.5954
	7	crg	0.144738	43.0196
	7	crg	0.157936	45.0485
	7	del	0.17295	47.3564
	7	dup	0.17714	48.0006
	7	del	0.182294	48.7929
	7	crl	0.200995	51.6676
	7	crl	0.204016	52.1319
	7	dup	0.212257	53.3987
	7	crl	0.220648	54.6886
	7	dup	0.224021	55.2071
	7	crl	0.230427	56.1919
	7	crl	0.247382	58.7981
	7	del	0.303831	67.4756
	7	dup	0.314883	69.1746
	7	dup	0.315872	69.3266
	7	dup	0.316898	69.4842
	7	del	0.338667	72.8306
	7	crg	0.339971	73.0311
	7	dup	0.354443	75.2557
	7	crg	0.365974	77.0282
	7	crg	0.375752	78.5314
	7	crg	0.384014	79.8014
	7	crl	0.3853	79.9991
	7	del	0.401601	82.5049
	7	dup	0.40526	83.0674
	7	dup	0.412978	84.2537
	7	crg	0.425526	86.1827
	7	del	0.430727	86.9822
	7	del	0.434608	87.5787
	7	crg	0.450211	89.9773
	7	dup	0.458514	91.2536
	7	del	0.4704	93.0808
	7	crg	0.483253	95.0565
	7	del	0.483597	95.1094
	7	crl	0.499628	97.5737
	7	del	0.511856	99.4535
	7	del	0.51256	99.5617
	7	crl	0.524972	101.47
	7	crg	0.577822	109.594
	7	del	0.598365	112.752
	7	crg	0.606539	114.008
	7	crg	0.62223	116.42
	7	crg	0.628036	117.313
	7	dup	0.659608	122.166
	7	dup	0.684297	125.961
	7	dup	0.701439	128.596
	7	dup	0.711428	130.132
	7	crl	0.718366	131.198
	7	del	0.748025	135.758
	7	crg	0.748969	135.903
	7	crg	0.764072	138.224
	7	del	0.782229	141.015
	7	del	0.785123	141.46
	7	del	0.815434	146.12
	7	crl	0.866365	153.949
	7	del	0.906994	160.194
	7	crl	0.914273	161.313
	7	crg	0.930156	163.755
	7	dup	0.945045	166.044
	7	crg	0.964155	168.981
	7	dup	0.988337	172.699
	7	dup	0.989571	172.888
	7	del	0.991663	173.21

MUTATIONS   (11)  dup, deln, crl, crg, wgd:	0	0	0	0	0
	eid	type	time

