NODE TIMES:	nid	time
	1	105.598
	2	105.598
	3	105.598
	4	105.598
	5	105.598
	6	105.598
	7	105.598
	8	105.598
	9	105.598
	10	105.598
	11	0
	12	0
	13	52.8586
	14	46.1917
	15	31.3619
	16	27.3868
	17	11.103
	18	8.84802
	19	3.54966
	20	2.16889
	21	0.128957

ANCESTRY    (1)	19 (12 -> 21) 	17 (21 -> 18) 	12 (18 -> 15) 	5 (15 -> 14) 	3 (14 -> 1) 
ANCESTRY    (2)	19 (12 -> 21) 	18 (21 -> 20) 	15 (20 -> 17) 	9 (17 -> 2) 
ANCESTRY    (3)	19 (12 -> 21) 	18 (21 -> 20) 	16 (20 -> 19) 	13 (19 -> 3) 
ANCESTRY    (4)	19 (12 -> 21) 	17 (21 -> 18) 	12 (18 -> 15) 	5 (15 -> 14) 	4 (14 -> 4) 
ANCESTRY    (5)	19 (12 -> 21) 	18 (21 -> 20) 	15 (20 -> 17) 	10 (17 -> 16) 	8 (16 -> 13) 	2 (13 -> 5) 
ANCESTRY    (6)	19 (12 -> 21) 	18 (21 -> 20) 	15 (20 -> 17) 	10 (17 -> 16) 	8 (16 -> 13) 	1 (13 -> 6) 
ANCESTRY    (7)	19 (12 -> 21) 	17 (21 -> 18) 	11 (18 -> 7) 
ANCESTRY    (8)	19 (12 -> 21) 	18 (21 -> 20) 	15 (20 -> 17) 	10 (17 -> 16) 	7 (16 -> 8) 
ANCESTRY    (9)	19 (12 -> 21) 	18 (21 -> 20) 	16 (20 -> 19) 	14 (19 -> 9) 
ANCESTRY    (10)	19 (12 -> 21) 	17 (21 -> 18) 	12 (18 -> 15) 	6 (15 -> 10) 
ANCESTRY    (11)	20 (12 -> 11) 

MUTATIONS   (1)  dup, deln, crl, crg, wgd:	16	10	11	12	0
	eid	type	time
	17	dup	0.0267208	0.361937
	17	dup	0.195081	1.82988
	17	dup	0.356737	3.23937
	17	del	0.654206	5.83302
	17	crl	0.731491	6.50687
	17	crg	0.855927	7.59183
	12	crg	0.0680604	10.3803
	12	crl	0.237863	14.2033
	12	crg	0.543199	21.0776
	12	crg	0.642326	23.3093
	12	crg	0.709221	24.8154
	12	del	0.728142	25.2413
	12	dup	0.757269	25.8971
	12	dup	0.953412	30.3131
	12	dup	0.970596	30.6999
	5	crl	0.121515	33.164
	5	del	0.204406	34.3932
	5	del	0.238257	34.8952
	5	del	0.253581	35.1225
	5	crg	0.439119	37.874
	5	crl	0.480326	38.4851
	5	crg	0.586712	40.0628
	5	dup	0.59348	40.1631
	5	crl	0.622772	40.5975
	5	crl	0.719635	42.034
	5	crl	0.803199	43.2732
	3	crl	0.0805394	50.9763
	3	del	0.175687	56.6287
	3	crg	0.183098	57.0689
	3	crl	0.22084	59.311
	3	crg	0.286012	63.1826
	3	dup	0.30545	64.3374
	3	crg	0.314352	64.8662
	3	crg	0.326694	65.5994
	3	dup	0.434993	72.0331
	3	dup	0.468831	74.0433
	3	dup	0.500333	75.9147
	3	dup	0.554776	79.1489
	3	del	0.691588	87.2765
	3	crg	0.7109	88.4237
	3	dup	0.807428	94.1581
	3	dup	0.829387	95.4626
	3	dup	0.893904	99.2953
	3	del	0.896556	99.4528
	3	crl	0.900073	99.6617
	3	crl	0.931602	101.535
	3	del	0.959686	103.203
	3	del	0.966206	103.59
	3	dup	0.995539	105.333

MUTATIONS   (2)  dup, deln, crl, crg, wgd:	6	10	10	13	0
	eid	type	time
	15	del	0.116312	3.20803
	15	crl	0.427394	5.98728
	15	crg	0.645009	7.93148
	15	del	0.729986	8.69067
	9	crl	0.0142612	12.4506
	9	crl	0.0335072	14.2693
	9	dup	0.0922034	19.8158
	9	crl	0.0975529	20.3213
	9	crg	0.146324	24.9299
	9	del	0.17949	28.064
	9	crg	0.18043	28.1528
	9	del	0.194959	29.5257
	9	crl	0.238694	33.6584
	9	crl	0.271287	36.7383
	9	crg	0.289459	38.4554
	9	dup	0.309595	40.3583
	9	dup	0.311646	40.552
	9	del	0.358554	44.9846
	9	crl	0.375867	46.6206
	9	crg	0.464852	55.0292
	9	del	0.511736	59.4596
	9	crg	0.515183	59.7853
	9	crg	0.570962	65.0561
	9	del	0.595226	67.3489
	9	crg	0.62471	70.135
	9	crg	0.665352	73.9755
	9	crg	0.68652	75.9757
	9	crg	0.69322	76.6088
	9	crl	0.701187	77.3617
	9	dup	0.71614	78.7747
	9	del	0.719618	79.1033
	9	dup	0.766816	83.5633
	9	del	0.78137	84.9386
	9	crl	0.784285	85.2141
	9	crl	0.837837	90.2744
	9	crg	0.855891	91.9805
	9	crg	0.911309	97.2172
	9	dup	0.927925	98.7873
	9	del	0.990178	104.67

MUTATIONS   (3)  dup, deln, crl, crg, wgd:	12	13	8	3	0
	eid	type	time
	16	dup	0.871772	3.3726
	13	del	0.0521982	8.8764
	13	del	0.0534998	9.00922
	13	crl	0.100607	13.8164
	13	dup	0.128997	16.7136
	13	del	0.147708	18.623
	13	crl	0.1782	21.7347
	13	del	0.223646	26.3724
	13	del	0.228852	26.9036
	13	dup	0.24434	28.4842
	13	crg	0.288967	33.0383
	13	del	0.321935	36.4026
	13	crl	0.334361	37.6706
	13	del	0.381339	42.4647
	13	dup	0.427551	47.1805
	13	del	0.440235	48.475
	13	del	0.483007	52.8397
	13	crl	0.559032	60.598
	13	dup	0.559952	60.6919
	13	dup	0.576472	62.3777
	13	crl	0.614212	66.229
	13	del	0.645777	69.4502
	13	dup	0.668388	71.7576
	13	dup	0.699691	74.952
	13	dup	0.704077	75.3996
	13	crg	0.722409	77.2703
	13	dup	0.755615	80.6589
	13	dup	0.789798	84.1473
	13	crl	0.853205	90.6178
	13	dup	0.881636	93.5192
	13	crl	0.88736	94.1034
	13	del	0.922339	97.6729
	13	del	0.927363	98.1856
	13	crg	0.936705	99.1389
	13	del	0.939749	99.4495
	13	crl	0.99754	105.347

MUTATIONS   (4)  dup, deln, crl, crg, wgd:	10	8	16	14	0
	eid	type	time
	17	dup	0.0267208	0.361937
	17	dup	0.195081	1.82988
	17	dup	0.356737	3.23937
	17	del	0.654206	5.83302
	17	crl	0.731491	6.50687
	17	crg	0.855927	7.59183
	12	crg	0.0680604	10.3803
	12	crl	0.237863	14.2033
	12	crg	0.543199	21.0776
	12	crg	0.642326	23.3093
	12	crg	0.709221	24.8154
	12	del	0.728142	25.2413
	12	dup	0.757269	25.8971
	12	dup	0.953412	30.3131
	12	dup	0.970596	30.6999
	5	crl	0.121515	33.164
	5	del	0.204406	34.3932
	5	del	0.238257	34.8952
	5	del	0.253581	35.1225
	5	crg	0.439119	37.874
	5	crl	0.480326	38.4851
	5	crg	0.586712	40.0628
	5	dup	0.59348	40.1631
	5	crl	0.622772	40.5975
	5	crl	0.719635	42.034
	5	crl	0.803199	43.2732
	4	crg	0.030292	47.9913
	4	crg	0.0469239	48.9793
	4	dup	0.0869205	51.3554
	4	crl	0.108443	52.6339
	4	del	0.124569	53.5919
	4	crg	0.154811	55.3885
	4	crg	0.196506	57.8654
	4	crl	0.201652	58.1712
	4	dup	0.301901	64.1266
	4	del	0.377883	68.6404
	4	crl	0.442849	72.4997
	4	crg	0.527036	77.501
	4	crg	0.535533	78.0058
	4	crl	0.540012	78.2719
	4	crl	0.657905	85.2755
	4	crl	0.704193	88.0253
	4	crg	0.710524	88.4013
	4	del	0.720456	88.9914
	4	crl	0.787764	92.9899
	4	crl	0.802758	93.8806
	4	dup	0.814358	94.5698
	4	crl	0.988305	104.903

MUTATIONS   (5)  dup, deln, crl, crg, wgd:	9	9	6	11	0
	eid	type	time
	15	del	0.116312	3.20803
	15	crl	0.427394	5.98728
	15	crg	0.645009	7.93148
	15	del	0.729986	8.69067
	10	crg	0.0349339	11.6719
	10	del	0.044656	11.8302
	10	crl	0.0919422	12.6002
	10	dup	0.52025	19.5747
	10	crg	0.91921	26.0712
	8	dup	0.227104	33.1716
	8	crl	0.57559	42.0481
	8	dup	0.703152	45.2974
	8	del	0.708589	45.4359
	8	dup	0.911327	50.6
	2	crg	0.107315	58.5184
	2	crg	0.166534	61.6416
	2	crg	0.173205	61.9934
	2	crg	0.200093	63.4114
	2	dup	0.239448	65.487
	2	crg	0.265773	66.8754
	2	del	0.331384	70.3357
	2	del	0.346114	71.1125
	2	del	0.481281	78.2411
	2	crl	0.527186	80.6622
	2	crl	0.576186	83.2463
	2	dup	0.640945	86.6617
	2	dup	0.726093	91.1524
	2	del	0.765977	93.2558
	2	dup	0.777608	93.8692
	2	crg	0.843719	97.3559
	2	dup	0.871839	98.8389
	2	crg	0.887214	99.6498
	2	crg	0.954948	103.222
	2	del	0.974004	104.227
	2	crl	0.988168	104.974

MUTATIONS   (6)  dup, deln, crl, crg, wgd:	11	6	7	11	0
	eid	type	time
	15	del	0.116312	3.20803
	15	crl	0.427394	5.98728
	15	crg	0.645009	7.93148
	15	del	0.729986	8.69067
	10	crg	0.0349339	11.6719
	10	del	0.044656	11.8302
	10	crl	0.0919422	12.6002
	10	dup	0.52025	19.5747
	10	crg	0.91921	26.0712
	8	dup	0.227104	33.1716
	8	crl	0.57559	42.0481
	8	dup	0.703152	45.2974
	8	del	0.708589	45.4359
	8	dup	0.911327	50.6
	1	dup	0.0165108	53.7294
	1	dup	0.0375894	54.8411
	1	crl	0.0658831	56.3333
	1	crg	0.126815	59.5468
	1	dup	0.149543	60.7454
	1	crg	0.216178	64.2598
	1	crl	0.254701	66.2914
	1	del	0.261782	66.6649
	1	crg	0.271566	67.1809
	1	crg	0.299031	68.6294
	1	dup	0.409768	74.4696
	1	crg	0.430969	75.5877
	1	crl	0.483933	78.381
	1	crg	0.564505	82.6303
	1	dup	0.602529	84.6357
	1	crl	0.629353	86.0503
	1	dup	0.641831	86.7084
	1	crg	0.681878	88.8205
	1	del	0.809957	95.5753
	1	crg	0.826182	96.431
	1	dup	0.921606	101.464

MUTATIONS   (7)  dup, deln, crl, crg, wgd:	10	13	11	11	0
	eid	type	time
	17	dup	0.0267208	0.361937
	17	dup	0.195081	1.82988
	17	dup	0.356737	3.23937
	17	del	0.654206	5.83302
	17	crl	0.731491	6.50687
	17	crg	0.855927	7.59183
	11	crg	0.0137896	10.1822
	11	dup	0.0461892	13.3168
	11	del	0.0572982	14.3916
	11	del	0.11676	20.1445
	11	del	0.174657	25.7461
	11	dup	0.192481	27.4706
	11	del	0.201204	28.3145
	11	crl	0.26618	34.6009
	11	del	0.285798	36.499
	11	crg	0.294772	37.3673
	11	crl	0.317709	39.5864
	11	dup	0.331724	40.9424
	11	dup	0.364534	44.1167
	11	del	0.366943	44.3497
	11	crl	0.407714	48.2944
	11	crl	0.420998	49.5796
	11	crl	0.444658	51.8687
	11	dup	0.45073	52.4562
	11	del	0.453482	52.7224
	11	crg	0.478525	55.1453
	11	crl	0.492477	56.4952
	11	del	0.524222	59.5665
	11	crg	0.566997	63.705
	11	crl	0.638939	70.6654
	11	crg	0.654886	72.2083
	11	crl	0.726446	79.1317
	11	crl	0.792933	85.5644
	11	del	0.811513	87.362
	11	dup	0.821864	88.3634
	11	crl	0.822798	88.4538
	11	del	0.842871	90.3959
	11	del	0.850014	91.0869
	11	crg	0.870732	93.0914
	11	dup	0.887371	94.7012
	11	crg	0.929174	98.7457
	11	del	0.933066	99.1222
	11	crg	0.933736	99.187
	11	crg	0.935738	99.3807
	11	crg	0.942502	100.035

MUTATIONS   (8)  dup, deln, crl, crg, wgd:	10	12	16	12	0
	eid	type	time
	15	del	0.116312	3.20803
	15	crl	0.427394	5.98728
	15	crg	0.645009	7.93148
	15	del	0.729986	8.69067
	10	crg	0.0349339	11.6719
	10	del	0.044656	11.8302
	10	crl	0.0919422	12.6002
	10	dup	0.52025	19.5747
	10	crg	0.91921	26.0712
	7	crg	0.0144413	28.5163
	7	dup	0.0398425	30.5029
	7	crl	0.0490365	31.222
	7	dup	0.0778091	33.4724
	7	del	0.120466	36.8086
	7	del	0.133716	37.8449
	7	del	0.137173	38.1153
	7	crl	0.214519	44.1646
	7	dup	0.21629	44.3031
	7	crl	0.233216	45.627
	7	crl	0.239121	46.0888
	7	del	0.311635	51.7602
	7	dup	0.319604	52.3835
	7	del	0.331172	53.2882
	7	crg	0.332693	53.4071
	7	crg	0.336247	53.6851
	7	crl	0.350633	54.8102
	7	crl	0.371659	56.4548
	7	crg	0.417303	60.0246
	7	dup	0.493808	66.0081
	7	del	0.552142	70.5705
	7	crg	0.566083	71.6609
	7	dup	0.647757	78.0487
	7	dup	0.661081	79.0908
	7	crl	0.672237	79.9633
	7	del	0.677831	80.4008
	7	dup	0.691278	81.4525
	7	crg	0.696095	81.8293
	7	crl	0.735752	84.9309
	7	crg	0.759619	86.7976
	7	crl	0.763527	87.1032
	7	crg	0.765124	87.2281
	7	crl	0.77333	87.8699
	7	del	0.853767	94.161
	7	crl	0.901415	97.8876
	7	crl	0.928554	100.01
	7	del	0.943545	101.183
	7	crg	0.953036	101.925
	7	dup	0.964465	102.819
	7	crl	0.972598	103.455
	7	crl	0.977382	103.829

MUTATIONS   (9)  dup, deln, crl, crg, wgd:	11	11	10	11	0
	eid	type	time
	16	dup	0.871772	3.3726
	14	del	0.00175315	3.72856
	14	crg	0.0495152	8.60261
	14	del	0.0710554	10.8007
	14	dup	0.162813	20.1645
	14	crg	0.223431	26.3504
	14	crl	0.248636	28.9225
	14	del	0.252819	29.3494
	14	crl	0.289559	33.0987
	14	del	0.324286	36.6426
	14	dup	0.325574	36.774
	14	crl	0.328228	37.0448
	14	crl	0.36647	40.9473
	14	crl	0.39406	43.7629
	14	crg	0.401065	44.4777
	14	crg	0.444826	48.9435
	14	dup	0.451475	49.6219
	14	crg	0.462866	50.7844
	14	crg	0.476116	52.1365
	14	del	0.526571	57.2854
	14	crl	0.534222	58.0661
	14	crg	0.537952	58.4468
	14	del	0.54185	58.8446
	14	dup	0.572775	62.0005
	14	del	0.575603	62.289
	14	dup	0.592682	64.0319
	14	crg	0.623047	67.1306
	14	dup	0.628986	67.7367
	14	del	0.651676	70.0522
	14	crl	0.661281	71.0323
	14	crl	0.721735	77.2016
	14	del	0.764126	81.5275
	14	crl	0.795922	84.7723
	14	del	0.808422	86.0478
	14	crl	0.812891	86.5039
	14	crg	0.833642	88.6215
	14	crg	0.841842	89.4583
	14	crg	0.848623	90.1502
	14	dup	0.933129	98.774
	14	dup	0.94026	99.5017
	14	del	0.96076	101.594
	14	dup	0.991289	104.709
	14	dup	0.994631	105.05

MUTATIONS   (10)  dup, deln, crl, crg, wgd:	17	14	11	11	1
	eid	type	time
	17	dup	0.0267208	0.361937
	17	dup	0.195081	1.82988
	17	dup	0.356737	3.23937
	17	del	0.654206	5.83302
	17	crl	0.731491	6.50687
	17	crg	0.855927	7.59183
	12	crg	0.0680604	10.3803
	12	crl	0.237863	14.2033
	12	crg	0.543199	21.0776
	12	crg	0.642326	23.3093
	12	crg	0.709221	24.8154
	12	del	0.728142	25.2413
	12	dup	0.757269	25.8971
	12	dup	0.953412	30.3131
	12	dup	0.970596	30.6999
	6	dup	6.13365e-05	31.3665
	6	dup	0.00443937	31.6915
	6	dup	0.0454144	34.7333
	6	del	0.0630377	36.0416
	6	crl	0.0704891	36.5948
	6	del	0.0717944	36.6917
	6	crg	0.0728308	36.7686
	6	crl	0.149554	42.4642
	6	dup	0.152889	42.7118
	6	crg	0.184746	45.0768
	6	crg	0.207819	46.7896
	6	dup	0.211528	47.0649
	6	dup	0.301592	53.751
	6	crl	0.342755	56.8067
	6	wgd	0.381333	59.6706
	6	dup	0.382612	59.7656
	6	crl	0.391239	60.406
	6	crl	0.4164	62.2739
	6	del	0.443937	64.3181
	6	del	0.497395	68.2866
	6	del	0.513708	69.4977
	6	crl	0.540126	71.4588
	6	del	0.552266	72.36
	6	dup	0.560571	72.9766
	6	del	0.577397	74.2256
	6	crg	0.60086	75.9675
	6	crg	0.607149	76.4343
	6	dup	0.630467	78.1654
	6	del	0.640315	78.8964
	6	del	0.643164	79.1079
	6	dup	0.697876	83.1695
	6	del	0.748352	86.9167
	6	crg	0.74908	86.9707
	6	del	0.773666	88.7959
	6	crl	0.776045	88.9725
	6	crl	0.801301	90.8474
	6	dup	0.891564	97.5482
	6	crl	0.893942	97.7247
	6	del	0.89449	97.7654

MUTATIONS   (11)  dup, deln, crl, crg, wgd:	0	0	0	0	0
	eid	type	time

