NODE TIMES:	nid	time
	1	118.133
	2	118.133
	3	118.133
	4	118.133
	5	118.133
	6	118.133
	7	118.133
	8	118.133
	9	118.133
	10	118.133
	11	0
	12	0
	13	92.4356
	14	73.7158
	15	37.8521
	16	14.1166
	17	10.1561
	18	8.13585
	19	5.32487
	20	2.57508
	21	1.43842

ANCESTRY    (1)	19 (12 -> 21) 	17 (21 -> 19) 	13 (19 -> 18) 	11 (18 -> 16) 	8 (16 -> 14) 	3 (14 -> 1) 
ANCESTRY    (2)	19 (12 -> 21) 	17 (21 -> 19) 	14 (19 -> 2) 
ANCESTRY    (3)	19 (12 -> 21) 	18 (21 -> 20) 	16 (20 -> 3) 
ANCESTRY    (4)	19 (12 -> 21) 	18 (21 -> 20) 	15 (20 -> 13) 	1 (13 -> 4) 
ANCESTRY    (5)	19 (12 -> 21) 	17 (21 -> 19) 	13 (19 -> 18) 	11 (18 -> 16) 	8 (16 -> 14) 	4 (14 -> 5) 
ANCESTRY    (6)	19 (12 -> 21) 	17 (21 -> 19) 	13 (19 -> 18) 	12 (18 -> 17) 	9 (17 -> 6) 
ANCESTRY    (7)	19 (12 -> 21) 	17 (21 -> 19) 	13 (19 -> 18) 	12 (18 -> 17) 	10 (17 -> 7) 
ANCESTRY    (8)	19 (12 -> 21) 	17 (21 -> 19) 	13 (19 -> 18) 	11 (18 -> 16) 	7 (16 -> 15) 	6 (15 -> 8) 
ANCESTRY    (9)	19 (12 -> 21) 	18 (21 -> 20) 	15 (20 -> 13) 	2 (13 -> 9) 
ANCESTRY    (10)	19 (12 -> 21) 	17 (21 -> 19) 	13 (19 -> 18) 	11 (18 -> 16) 	7 (16 -> 15) 	5 (15 -> 10) 
ANCESTRY    (11)	20 (12 -> 11) 

MUTATIONS   (1)  dup, deln, crl, crg, wgd:	11	18	18	9	0
	eid	type	time
	17	crl	0.290232	2.56639
	17	dup	0.555386	3.59691
	13	del	0.288022	6.1345
	13	crl	0.370374	6.36599
	11	del	0.199395	9.32838
	11	del	0.659964	12.0829
	11	del	0.887926	13.4463
	8	crl	0.0634005	17.8952
	8	crl	0.0966251	19.8754
	8	crg	0.190289	25.4576
	8	crg	0.223699	27.4489
	8	dup	0.236252	28.197
	8	crl	0.301108	32.0624
	8	del	0.30721	32.4261
	8	crg	0.309989	32.5917
	8	dup	0.382617	36.9203
	8	crl	0.38726	37.197
	8	del	0.394438	37.6248
	8	crl	0.397116	37.7844
	8	dup	0.444652	40.6175
	8	crl	0.465652	41.8691
	8	crl	0.545198	46.61
	8	crg	0.562089	47.6167
	8	crg	0.565565	47.8238
	8	crl	0.574532	48.3582
	8	del	0.668179	53.9396
	8	crl	0.696165	55.6075
	8	del	0.801426	61.881
	8	del	0.888505	67.0708
	8	dup	0.92316	69.1362
	8	del	0.937466	69.9889
	8	dup	0.975016	72.2268
	3	dup	0.115448	78.8437
	3	del	0.121511	79.113
	3	crg	0.128455	79.4215
	3	crl	0.158905	80.7739
	3	del	0.159921	80.8191
	3	crl	0.24894	84.773
	3	del	0.258513	85.1982
	3	crg	0.307977	87.3953
	3	crg	0.309155	87.4476
	3	dup	0.354277	89.4518
	3	crl	0.382414	90.7016
	3	del	0.38565	90.8453
	3	crl	0.494562	95.6829
	3	crl	0.588228	99.8433
	3	del	0.631791	101.778
	3	dup	0.665437	103.273
	3	del	0.750423	107.047
	3	dup	0.819312	110.107
	3	crl	0.837951	110.935
	3	crl	0.854058	111.651
	3	crg	0.857114	111.786
	3	del	0.877468	112.69
	3	del	0.91453	114.337
	3	dup	0.988132	117.606

MUTATIONS   (2)  dup, deln, crl, crg, wgd:	14	6	15	15	0
	eid	type	time
	17	crl	0.290232	2.56639
	17	dup	0.555386	3.59691
	14	del	0.005247	5.91678
	14	del	0.00675465	6.08685
	14	crl	0.0217638	7.78001
	14	del	0.0460457	10.5192
	14	crg	0.0640575	12.5511
	14	crl	0.0715614	13.3976
	14	dup	0.133083	20.3378
	14	crg	0.157143	23.0519
	14	dup	0.165356	23.9783
	14	del	0.206459	28.6151
	14	dup	0.229752	31.2427
	14	crl	0.238237	32.2
	14	dup	0.292506	38.3219
	14	crg	0.293927	38.4823
	14	dup	0.319647	41.3836
	14	dup	0.376533	47.8008
	14	crl	0.386246	48.8965
	14	del	0.414374	52.0697
	14	crg	0.420308	52.739
	14	crl	0.420665	52.7794
	14	crl	0.43532	54.4325
	14	crg	0.445027	55.5275
	14	crl	0.451264	56.2311
	14	crg	0.455449	56.7032
	14	dup	0.456072	56.7735
	14	crl	0.486911	60.2524
	14	crg	0.498159	61.5213
	14	crl	0.537973	66.0126
	14	del	0.558373	68.3138
	14	crl	0.587284	71.5753
	14	crl	0.595881	72.5451
	14	crl	0.612605	74.4317
	14	dup	0.632495	76.6754
	14	crg	0.635256	76.9869
	14	crg	0.641886	77.7348
	14	dup	0.656549	79.3889
	14	crg	0.663546	80.1783
	14	crl	0.677034	81.6997
	14	crg	0.70538	84.8974
	14	crl	0.716481	86.1497
	14	dup	0.718748	86.4054
	14	crg	0.733159	88.0312
	14	dup	0.748183	89.7259
	14	crg	0.751624	90.1141
	14	dup	0.78567	93.9549
	14	crg	0.785743	93.963
	14	crg	0.810329	96.7366
	14	dup	0.932855	110.559

MUTATIONS   (3)  dup, deln, crl, crg, wgd:	11	8	16	13	0
	eid	type	time
	18	crg	0.0693427	1.51724
	16	crg	0.0100365	3.73487
	16	dup	0.0139585	4.18809
	16	crg	0.0456422	7.84939
	16	crg	0.0520995	8.59558
	16	crl	0.0533212	8.73677
	16	crg	0.0601257	9.52308
	16	crg	0.0776561	11.5489
	16	crg	0.238547	30.1411
	16	dup	0.238756	30.1652
	16	crl	0.240517	30.3687
	16	crl	0.242732	30.6247
	16	dup	0.278662	34.7767
	16	crl	0.302882	37.5755
	16	dup	0.360632	44.2489
	16	dup	0.368693	45.1805
	16	del	0.371096	45.4582
	16	del	0.37406	45.8006
	16	dup	0.405172	49.3959
	16	crg	0.424114	51.5848
	16	del	0.427568	51.9839
	16	del	0.456708	55.3513
	16	dup	0.495143	59.7928
	16	crl	0.496347	59.9319
	16	crl	0.497905	60.112
	16	crg	0.501601	60.539
	16	crg	0.535879	64.5001
	16	del	0.542374	65.2507
	16	crl	0.551098	66.2588
	16	dup	0.5799	69.5872
	16	crl	0.593997	71.2161
	16	crl	0.602241	72.1688
	16	dup	0.629685	75.3401
	16	del	0.642604	76.8331
	16	crl	0.710816	84.7155
	16	dup	0.74348	88.4901
	16	crl	0.774738	92.1021
	16	crg	0.797363	94.7167
	16	crg	0.802723	95.3361
	16	crl	0.842103	99.8867
	16	crl	0.862937	102.294
	16	del	0.873095	103.468
	16	dup	0.887146	105.092
	16	crl	0.894448	105.936
	16	crl	0.930808	110.137
	16	crg	0.954307	112.853
	16	del	0.973793	115.105
	16	crl	0.985073	116.408

MUTATIONS   (4)  dup, deln, crl, crg, wgd:	5	17	5	18	0
	eid	type	time
	18	crg	0.0693427	1.51724
	15	del	0.0702095	8.88413
	15	del	0.150636	16.1113
	15	crg	0.169887	17.8412
	15	del	0.18454	19.1579
	15	crg	0.1925	19.8732
	15	dup	0.20598	21.0845
	15	crg	0.229279	23.1782
	15	crg	0.246673	24.7412
	15	del	0.267611	26.6227
	15	dup	0.342851	33.3838
	15	del	0.371184	35.9298
	15	dup	0.382536	36.9499
	15	crg	0.402568	38.75
	15	crg	0.435838	41.7397
	15	crl	0.437729	41.9096
	15	crg	0.44122	42.2233
	15	del	0.482902	45.9689
	15	crl	0.496491	47.19
	15	crg	0.502261	47.7084
	15	crg	0.581402	54.8201
	15	crl	0.640824	60.1598
	15	crg	0.655508	61.4794
	15	del	0.669884	62.7712
	15	crg	0.700619	65.533
	15	del	0.716267	66.9392
	15	del	0.778004	72.4869
	15	del	0.786644	73.2633
	15	crg	0.79393	73.918
	15	crg	0.794247	73.9465
	15	del	0.846287	78.6228
	15	del	0.876195	81.3104
	15	del	0.924349	85.6375
	15	dup	0.938516	86.9106
	1	crg	0.231499	98.3845
	1	del	0.282681	99.6997
	1	crl	0.399809	102.71
	1	crg	0.400752	102.734
	1	del	0.598111	107.805
	1	crg	0.659104	109.373
	1	crl	0.668411	109.612
	1	dup	0.684094	110.015
	1	crg	0.729685	111.187
	1	del	0.788476	112.697
	1	del	0.934887	116.46

MUTATIONS   (5)  dup, deln, crl, crg, wgd:	10	17	17	13	0
	eid	type	time
	17	crl	0.290232	2.56639
	17	dup	0.555386	3.59691
	13	del	0.288022	6.1345
	13	crl	0.370374	6.36599
	11	del	0.199395	9.32838
	11	del	0.659964	12.0829
	11	del	0.887926	13.4463
	8	crl	0.0634005	17.8952
	8	crl	0.0966251	19.8754
	8	crg	0.190289	25.4576
	8	crg	0.223699	27.4489
	8	dup	0.236252	28.197
	8	crl	0.301108	32.0624
	8	del	0.30721	32.4261
	8	crg	0.309989	32.5917
	8	dup	0.382617	36.9203
	8	crl	0.38726	37.197
	8	del	0.394438	37.6248
	8	crl	0.397116	37.7844
	8	dup	0.444652	40.6175
	8	crl	0.465652	41.8691
	8	crl	0.545198	46.61
	8	crg	0.562089	47.6167
	8	crg	0.565565	47.8238
	8	crl	0.574532	48.3582
	8	del	0.668179	53.9396
	8	crl	0.696165	55.6075
	8	del	0.801426	61.881
	8	del	0.888505	67.0708
	8	dup	0.92316	69.1362
	8	del	0.937466	69.9889
	8	dup	0.975016	72.2268
	4	crg	0.0335548	75.2062
	4	crg	0.0481176	75.8531
	4	dup	0.0815499	77.3381
	4	crg	0.0821796	77.366
	4	crg	0.105133	78.3855
	4	del	0.301839	87.1227
	4	dup	0.302139	87.136
	4	dup	0.319846	87.9225
	4	del	0.337936	88.726
	4	crl	0.349687	89.2479
	4	crg	0.358053	89.6195
	4	del	0.373686	90.3139
	4	crg	0.419041	92.3284
	4	del	0.457648	94.0433
	4	del	0.556458	98.4321
	4	crl	0.574439	99.2308
	4	crg	0.595779	100.179
	4	dup	0.664276	103.221
	4	crl	0.670655	103.504
	4	crl	0.740266	106.596
	4	del	0.788581	108.742
	4	crg	0.82533	110.375
	4	del	0.857686	111.812
	4	crl	0.959816	116.348
	4	crl	0.977873	117.15

MUTATIONS   (6)  dup, deln, crl, crg, wgd:	16	15	15	7	1
	eid	type	time
	17	crl	0.290232	2.56639
	17	dup	0.555386	3.59691
	13	del	0.288022	6.1345
	13	crl	0.370374	6.36599
	12	del	0.00186671	8.13962
	12	dup	0.309957	8.76203
	12	crl	0.313533	8.76925
	12	crl	0.375301	8.89404
	9	dup	0.0221147	12.5439
	9	crg	0.0375515	14.2108
	9	del	0.0977306	20.7087
	9	del	0.127694	23.9441
	9	crl	0.134378	24.6658
	9	del	0.156189	27.0209
	9	dup	0.163432	27.803
	9	del	0.198064	31.5424
	9	del	0.208356	32.6537
	9	crl	0.250791	37.2357
	9	crl	0.257674	37.9789
	9	dup	0.265185	38.7899
	9	crl	0.298665	42.405
	9	crg	0.303909	42.9712
	9	dup	0.322644	44.9941
	9	del	0.335386	46.37
	9	dup	0.369474	50.0507
	9	crl	0.401022	53.4572
	9	crl	0.435755	57.2075
	9	del	0.453975	59.1749
	9	dup	0.472855	61.2135
	9	crg	0.553203	69.8892
	9	del	0.557785	70.384
	9	crl	0.560049	70.6284
	9	crg	0.567525	71.4357
	9	dup	0.583544	73.1654
	9	crl	0.600583	75.0051
	9	dup	0.652566	80.6181
	9	crl	0.676922	83.248
	9	del	0.687348	84.3737
	9	del	0.703944	86.1658
	9	crg	0.729744	88.9516
	9	del	0.736084	89.6361
	9	crg	0.738066	89.8502
	9	crg	0.741202	90.1887
	9	crl	0.753786	91.5475
	9	del	0.765847	92.8499
	9	del	0.780231	94.403
	9	wgd	0.788081	95.2506
	9	dup	0.819307	98.6223
	9	dup	0.820477	98.7486
	9	dup	0.851817	102.133
	9	dup	0.864428	103.494
	9	dup	0.867046	103.777
	9	crl	0.956323	113.417
	9	dup	0.969211	114.808

MUTATIONS   (7)  dup, deln, crl, crg, wgd:	10	13	21	16	0
	eid	type	time
	17	crl	0.290232	2.56639
	17	dup	0.555386	3.59691
	13	del	0.288022	6.1345
	13	crl	0.370374	6.36599
	12	del	0.00186671	8.13962
	12	dup	0.309957	8.76203
	12	crl	0.313533	8.76925
	12	crl	0.375301	8.89404
	10	dup	0.00682255	10.8927
	10	del	0.0188155	12.1877
	10	crg	0.0557824	16.1793
	10	crl	0.0730318	18.0418
	10	dup	0.0853307	19.3698
	10	crg	0.108205	21.8397
	10	crl	0.112577	22.3118
	10	crg	0.149129	26.2585
	10	del	0.1578	27.1948
	10	crg	0.159973	27.4295
	10	crl	0.224033	34.3464
	10	dup	0.244492	36.5555
	10	del	0.247365	36.8658
	10	crl	0.275412	39.8942
	10	del	0.302736	42.8446
	10	crl	0.341419	47.0214
	10	del	0.355884	48.5833
	10	crg	0.376163	50.773
	10	del	0.385275	51.7569
	10	crg	0.385973	51.8322
	10	crg	0.393773	52.6744
	10	crg	0.405702	53.9626
	10	crl	0.406391	54.0369
	10	crl	0.409282	54.349
	10	crl	0.434803	57.1047
	10	crg	0.503851	64.5604
	10	crl	0.547787	69.3044
	10	crl	0.580363	72.8219
	10	del	0.622464	77.3678
	10	crl	0.627112	77.8697
	10	del	0.6539	80.7622
	10	del	0.654499	80.8268
	10	crg	0.656009	80.9899
	10	crg	0.668177	82.3038
	10	del	0.696293	85.3396
	10	dup	0.714098	87.2622
	10	crl	0.726965	88.6516
	10	crg	0.772929	93.6145
	10	dup	0.778259	94.1901
	10	crl	0.782844	94.6851
	10	crl	0.789484	95.4021
	10	crg	0.802773	96.837
	10	dup	0.866872	103.758
	10	crg	0.878198	104.981
	10	dup	0.888636	106.108
	10	del	0.900169	107.354
	10	crl	0.921793	109.688
	10	crl	0.929943	110.568
	10	crg	0.955372	113.314
	10	dup	0.963088	114.147
	10	crg	0.967982	114.676
	10	crl	0.991428	117.207

MUTATIONS   (8)  dup, deln, crl, crg, wgd:	10	7	9	7	0
	eid	type	time
	17	crl	0.290232	2.56639
	17	dup	0.555386	3.59691
	13	del	0.288022	6.1345
	13	crl	0.370374	6.36599
	11	del	0.199395	9.32838
	11	del	0.659964	12.0829
	11	del	0.887926	13.4463
	7	crl	0.00273647	14.1815
	7	del	0.217614	19.2818
	7	dup	0.228658	19.5439
	7	dup	0.370271	22.9051
	7	dup	0.498369	25.9456
	7	crl	0.504861	26.0997
	7	crl	0.520617	26.4737
	7	crg	0.638443	29.2703
	7	dup	0.658345	29.7427
	6	crl	0.0463416	41.5724
	6	crg	0.0669997	43.2309
	6	crl	0.108332	46.5491
	6	del	0.13026	48.3095
	6	dup	0.185751	52.7644
	6	dup	0.235962	56.7954
	6	dup	0.278295	60.1938
	6	dup	0.416008	71.2496
	6	crl	0.417062	71.3342
	6	crg	0.568696	83.5075
	6	dup	0.605209	86.4388
	6	del	0.619961	87.6231
	6	crg	0.658013	90.678
	6	crg	0.702059	94.2141
	6	crl	0.799185	102.011
	6	crg	0.849735	106.07
	6	crg	0.86887	107.606

MUTATIONS   (9)  dup, deln, crl, crg, wgd:	5	15	4	16	0
	eid	type	time
	18	crg	0.0693427	1.51724
	15	del	0.0702095	8.88413
	15	del	0.150636	16.1113
	15	crg	0.169887	17.8412
	15	del	0.18454	19.1579
	15	crg	0.1925	19.8732
	15	dup	0.20598	21.0845
	15	crg	0.229279	23.1782
	15	crg	0.246673	24.7412
	15	del	0.267611	26.6227
	15	dup	0.342851	33.3838
	15	del	0.371184	35.9298
	15	dup	0.382536	36.9499
	15	crg	0.402568	38.75
	15	crg	0.435838	41.7397
	15	crl	0.437729	41.9096
	15	crg	0.44122	42.2233
	15	del	0.482902	45.9689
	15	crl	0.496491	47.19
	15	crg	0.502261	47.7084
	15	crg	0.581402	54.8201
	15	crl	0.640824	60.1598
	15	crg	0.655508	61.4794
	15	del	0.669884	62.7712
	15	crg	0.700619	65.533
	15	del	0.716267	66.9392
	15	del	0.778004	72.4869
	15	del	0.786644	73.2633
	15	crg	0.79393	73.918
	15	crg	0.794247	73.9465
	15	del	0.846287	78.6228
	15	del	0.876195	81.3104
	15	del	0.924349	85.6375
	15	dup	0.938516	86.9106
	2	crg	0.140353	96.0423
	2	del	0.581029	107.367
	2	crl	0.744311	111.562
	2	del	0.878356	115.007
	2	dup	0.881512	115.088
	2	crg	0.952096	116.902

MUTATIONS   (10)  dup, deln, crl, crg, wgd:	16	15	17	4	0
	eid	type	time
	17	crl	0.290232	2.56639
	17	dup	0.555386	3.59691
	13	del	0.288022	6.1345
	13	crl	0.370374	6.36599
	11	del	0.199395	9.32838
	11	del	0.659964	12.0829
	11	del	0.887926	13.4463
	7	crl	0.00273647	14.1815
	7	del	0.217614	19.2818
	7	dup	0.228658	19.5439
	7	dup	0.370271	22.9051
	7	dup	0.498369	25.9456
	7	crl	0.504861	26.0997
	7	crl	0.520617	26.4737
	7	crg	0.638443	29.2703
	7	dup	0.658345	29.7427
	5	del	0.0211189	39.5475
	5	dup	0.0565733	42.3938
	5	crl	0.0970899	45.6465
	5	del	0.106494	46.4015
	5	dup	0.132573	48.4952
	5	dup	0.150176	49.9083
	5	del	0.16146	50.8142
	5	del	0.173442	51.7761
	5	crl	0.19086	53.1745
	5	crl	0.196444	53.6228
	5	crl	0.251583	58.0494
	5	dup	0.286235	60.8313
	5	crl	0.338306	65.0116
	5	del	0.352236	66.1299
	5	crl	0.35881	66.6577
	5	dup	0.406364	70.4754
	5	crl	0.415882	71.2395
	5	crl	0.432929	72.6081
	5	crg	0.440184	73.1904
	5	dup	0.444876	73.5671
	5	crl	0.518827	79.504
	5	del	0.617288	87.4085
	5	dup	0.628616	88.3179
	5	crl	0.683173	92.6979
	5	del	0.687983	93.084
	5	dup	0.730313	96.4823
	5	dup	0.755588	98.5114
	5	del	0.772454	99.8654
	5	crl	0.827817	104.31
	5	dup	0.842209	105.465
	5	del	0.867807	107.52
	5	crg	0.877628	108.309
	5	del	0.886422	109.015
	5	dup	0.895379	109.734
	5	crl	0.91936	111.659
	5	crg	0.926872	112.262

MUTATIONS   (11)  dup, deln, crl, crg, wgd:	0	0	0	0	0
	eid	type	time

