1	19	2	0.905886	0.97738
1	18	3	0.0642906	1.80576
1	18	0	0.300548	4.47675
1	14	1	0.457378	12.7582
1	11	0	0.0636794	14.2235
1	11	1	0.265535	17.4625
1	11	2	0.390611	19.4695
1	11	2	0.47873	20.8835
1	11	3	0.710891	24.6088
1	11	3	0.85263	26.8832
1	11	3	0.865821	27.0949
1	11	3	0.996795	29.1965
1	7	2	0.0336436	30.4116
1	7	0	0.0574793	31.236
1	7	2	0.0683107	31.6107
1	7	3	0.129418	33.7242
1	7	2	0.136154	33.9572
1	7	0	0.211737	36.5714
1	7	2	0.244324	37.6985
1	7	3	0.531974	47.6477
1	7	1	0.573311	49.0774
1	7	3	0.803607	57.0428
1	7	1	0.86491	59.1632
1	7	0	0.88372	59.8138
1	7	0	0.899714	60.3669
1	6	3	0.0410444	68.918
1	6	3	0.06203	71.5165
1	6	0	0.0684783	72.315
1	6	3	0.0715933	72.7007
1	6	1	0.0858305	74.4637
1	6	1	0.0886503	74.8128
1	6	0	0.0926016	75.3021
1	6	3	0.0951816	75.6216
1	6	1	0.100471	76.2765
1	6	0	0.175614	85.5812
1	6	1	0.29807	100.745
1	6	0	0.300167	101.004
1	6	1	0.336911	105.554
1	6	0	0.389039	112.009
1	6	3	0.401033	113.494
1	6	2	0.413394	115.025
1	6	3	0.439424	118.248
1	6	0	0.462762	121.138
1	6	1	0.509625	126.941
1	6	0	0.529183	129.362
1	6	0	0.553958	132.43
1	6	2	0.587368	136.567
1	6	0	0.657468	145.247
1	6	2	0.672725	147.137
1	6	3	0.681046	148.167
1	6	3	0.722759	153.332
1	6	1	0.736382	155.019
1	6	3	0.760825	158.046
1	6	1	0.784344	160.958
1	6	2	0.787941	161.403
1	6	2	0.86937	171.486
1	6	0	0.905013	175.9
1	6	0	0.943246	180.634
1	6	2	0.997047	187.296
2	19	2	0.905886	0.97738
2	18	3	0.0642906	1.80576
2	18	0	0.300548	4.47675
2	14	1	0.457378	12.7582
2	11	0	0.0636794	14.2235
2	11	1	0.265535	17.4625
2	11	2	0.390611	19.4695
2	11	2	0.47873	20.8835
2	11	3	0.710891	24.6088
2	11	3	0.85263	26.8832
2	11	3	0.865821	27.0949
2	11	3	0.996795	29.1965
2	8	3	0.000979574	29.4031
2	8	3	0.0152007	31.6559
2	8	1	0.0586363	38.5367
2	8	3	0.0829178	42.3833
2	8	1	0.0979708	44.7679
2	8	2	0.104959	45.8749
2	8	3	0.125974	49.2039
2	8	2	0.142587	51.8358
2	8	0	0.196548	60.3839
2	8	0	0.200887	61.0713
2	8	3	0.224924	64.879
2	8	0	0.258612	70.2157
2	8	1	0.263544	70.997
2	8	0	0.28663	74.6541
2	8	0	0.29715	76.3206
2	8	0	0.305841	77.6974
2	8	3	0.322382	80.3177
2	8	3	0.339048	82.9578
2	8	1	0.352665	85.1149
2	8	2	0.378637	89.2293
2	8	3	0.378888	89.269
2	8	0	0.395314	91.8711
2	8	2	0.398069	92.3076
2	8	3	0.409071	94.0504
2	8	3	0.413433	94.7415
2	8	3	0.427651	96.9938
2	8	2	0.443005	99.426
2	8	3	0.445242	99.7804
2	8	1	0.446275	99.9441
2	8	2	0.45855	101.889
2	8	0	0.459928	102.107
2	8	1	0.463489	102.671
2	8	3	0.463693	102.703
2	8	1	0.47203	104.024
2	8	3	0.472815	104.148
2	8	2	0.473623	104.276
2	8	3	0.507082	109.577
2	8	2	0.516838	111.122
2	8	1	0.555849	117.302
2	8	3	0.55804	117.649
2	8	2	0.568636	119.328
2	8	2	0.568675	119.334
2	8	1	0.579578	121.061
2	8	0	0.610127	125.901
2	8	1	0.633868	129.661
2	8	2	0.636899	130.142
2	8	0	0.639513	130.556
2	8	3	0.643469	131.182
2	8	3	0.643673	131.215
2	8	1	0.647556	131.83
2	8	2	0.653841	132.825
2	8	2	0.683251	137.484
2	8	3	0.702553	140.542
2	8	3	0.708502	141.485
2	8	1	0.710688	141.831
2	8	3	0.726273	144.3
2	8	3	0.734962	145.676
2	8	3	0.739252	146.356
2	8	2	0.747722	147.697
2	8	1	0.750505	148.138
2	8	3	0.752771	148.497
2	8	0	0.753481	148.61
2	8	2	0.77123	151.421
2	8	2	0.795356	155.243
2	8	2	0.805212	156.805
2	8	3	0.809313	157.454
2	8	3	0.817795	158.798
2	8	1	0.827197	160.287
2	8	2	0.848404	163.647
2	8	0	0.856761	164.971
2	8	0	0.857385	165.07
2	8	3	0.880454	168.724
2	8	0	0.895506	171.109
2	8	1	0.9033	172.343
2	8	1	0.909202	173.278
2	8	3	0.938913	177.985
2	8	0	0.973888	183.525
2	8	2	0.996275	187.072
3	19	2	0.905886	0.97738
3	18	3	0.0642906	1.80576
3	18	0	0.300548	4.47675
3	14	1	0.457378	12.7582
3	9	2	0.0137513	17.0903
3	9	1	0.0424331	22.0508
3	9	0	0.0430229	22.1529
3	9	1	0.0559063	24.381
3	9	0	0.06758	26.4
3	9	0	0.0712048	27.0269
3	9	0	0.0994212	31.9069
3	9	0	0.129696	37.1429
3	9	0	0.134065	37.8986
3	9	1	0.138136	38.6027
3	9	1	0.152315	41.055
3	9	3	0.154545	41.4407
3	9	1	0.188233	47.2669
3	9	3	0.194939	48.4266
3	9	0	0.197118	48.8035
3	9	3	0.197349	48.8436
3	9	1	0.213694	51.6704
3	9	2	0.214657	51.8369
3	9	3	0.232524	54.9271
3	9	2	0.236416	55.6002
3	9	1	0.252597	58.3986
3	9	3	0.255488	58.8987
3	9	2	0.261491	59.9369
3	9	3	0.289293	64.7452
3	9	2	0.306215	67.6719
3	9	1	0.309411	68.2246
3	9	1	0.315813	69.3319
3	9	3	0.3189	69.8657
3	9	2	0.334035	72.4834
3	9	0	0.388519	81.9063
3	9	3	0.399407	83.7894
3	9	3	0.405288	84.8066
3	9	3	0.41325	86.1835
3	9	1	0.429281	88.9561
3	9	0	0.436545	90.2124
3	9	3	0.437794	90.4285
3	9	3	0.439286	90.6864
3	9	1	0.4621	94.6321
3	9	2	0.46973	95.9518
3	9	2	0.474497	96.7763
3	9	1	0.485502	98.6796
3	9	0	0.489036	99.2908
3	9	0	0.517457	104.206
3	9	2	0.545446	109.047
3	9	2	0.556739	111
3	9	3	0.604872	119.324
3	9	3	0.626127	123.001
3	9	0	0.63754	124.974
3	9	3	0.657577	128.44
3	9	0	0.668364	130.306
3	9	1	0.668552	130.338
3	9	0	0.720026	139.24
3	9	0	0.721392	139.477
3	9	2	0.737083	142.19
3	9	3	0.758585	145.909
3	9	1	0.759166	146.01
3	9	3	0.768682	147.655
3	9	0	0.780355	149.674
3	9	3	0.781375	149.851
3	9	0	0.781792	149.923
3	9	2	0.786377	150.716
3	9	2	0.799943	153.062
3	9	3	0.807922	154.442
3	9	2	0.814683	155.611
3	9	2	0.828009	157.916
3	9	1	0.833331	158.836
3	9	3	0.841297	160.214
3	9	1	0.849061	161.557
3	9	1	0.85131	161.946
3	9	0	0.866853	164.634
3	9	2	0.871529	165.443
3	9	2	0.873435	165.773
3	9	3	0.877687	166.508
3	9	3	0.899327	170.25
3	9	3	0.899583	170.295
3	9	2	0.901187	170.572
3	9	2	0.906138	171.428
3	9	2	0.91329	172.665
3	9	1	0.932964	176.068
3	9	1	0.93812	176.96
3	9	2	0.969108	182.319
3	9	2	0.978031	183.862
3	9	0	0.987932	185.575
3	9	0	0.993151	186.477
3	9	1	0.999931	187.65
4	19	2	0.905886	0.97738
4	15	2	0.00690052	2.61457
4	15	0	0.0132938	3.80585
4	15	0	0.0202617	5.10419
4	15	1	0.0290188	6.73594
4	15	0	0.0337416	7.61595
4	15	3	0.0591701	12.3541
4	15	3	0.0829727	16.7893
4	15	2	0.112441	22.2802
4	15	0	0.113166	22.4154
4	15	2	0.117643	23.2495
4	15	0	0.130845	25.7095
4	15	2	0.132875	26.0877
4	15	1	0.140587	27.5248
4	15	1	0.158494	30.8615
4	15	3	0.161221	31.3695
4	15	2	0.195782	37.8094
4	15	3	0.195966	37.8436
4	15	2	0.24768	47.4798
4	15	3	0.255814	48.9953
4	15	0	0.269955	51.6304
4	15	1	0.287702	54.9373
4	15	2	0.292299	55.7938
4	15	2	0.320213	60.995
4	15	3	0.327969	62.4403
4	15	0	0.328347	62.5107
4	15	1	0.355287	67.5305
4	15	1	0.355333	67.5391
4	15	1	0.41524	78.7017
4	15	1	0.428383	81.1506
4	15	0	0.440652	83.4368
4	15	3	0.464531	87.8862
4	15	3	0.492979	93.187
4	15	0	0.532648	100.579
4	15	2	0.534806	100.981
4	15	0	0.562376	106.118
4	15	2	0.57889	109.195
4	15	2	0.591899	111.619
4	15	0	0.605494	114.152
4	15	3	0.622151	117.256
4	15	1	0.624069	117.614
4	15	3	0.626768	118.116
4	15	1	0.642214	120.994
4	15	1	0.657242	123.795
4	15	3	0.686165	129.184
4	15	1	0.709735	133.576
4	15	3	0.731949	137.715
4	15	1	0.75555	142.113
4	15	0	0.761328	143.189
4	15	0	0.78187	147.017
4	15	2	0.783606	147.34
4	15	2	0.787023	147.977
4	15	3	0.811451	152.529
4	15	0	0.81415	153.032
4	15	3	0.842261	158.27
4	15	1	0.868149	163.094
4	15	0	0.882089	165.691
4	15	1	0.882405	165.75
4	15	3	0.882851	165.833
4	15	0	0.91291	171.434
4	15	2	0.923361	173.381
4	15	3	0.937047	175.932
4	15	0	0.944994	177.412
4	15	0	0.965525	181.238
4	15	0	0.976797	183.338
4	15	3	0.978025	183.567
5	19	2	0.905886	0.97738
5	18	3	0.0642906	1.80576
5	18	0	0.300548	4.47675
5	13	2	0.0426282	19.609
5	13	1	0.0666054	23.6726
5	13	3	0.0677046	23.8589
5	13	0	0.0727717	24.7177
5	13	2	0.0857174	26.9117
5	13	2	0.0861675	26.988
5	13	0	0.110496	31.1112
5	13	1	0.12568	33.6845
5	13	3	0.125941	33.7288
5	13	2	0.12731	33.9608
5	13	2	0.157935	39.1512
5	13	3	0.187722	44.1994
5	13	3	0.232007	51.7048
5	13	3	0.258266	56.1551
5	13	2	0.267226	57.6737
5	13	0	0.307568	64.5109
5	13	0	0.317911	66.2638
5	13	0	0.322497	67.041
5	13	2	0.335078	69.1732
5	13	3	0.338673	69.7825
5	13	2	0.347257	71.2373
5	13	1	0.413954	82.5411
5	13	3	0.449437	88.5547
5	13	1	0.460765	90.4746
5	13	1	0.469557	91.9646
5	13	3	0.470623	92.1454
5	13	2	0.48187	94.0513
5	13	0	0.49008	95.4429
5	13	2	0.494254	96.1503
5	13	3	0.495167	96.3051
5	13	1	0.565328	108.196
5	13	0	0.567139	108.503
5	13	1	0.57863	110.45
5	13	0	0.595917	113.38
5	13	2	0.601981	114.408
5	13	0	0.609627	115.704
5	13	3	0.610263	115.811
5	13	2	0.620618	117.566
5	13	3	0.624571	118.236
5	13	1	0.640628	120.958
5	13	3	0.651917	122.871
5	13	1	0.662363	124.641
5	13	2	0.680538	127.721
5	13	2	0.680709	127.75
5	13	3	0.681645	127.909
5	13	1	0.683794	128.273
5	13	1	0.687742	128.942
5	13	1	0.695593	130.273
5	13	2	0.704553	131.792
5	13	0	0.712471	133.134
5	13	3	0.724317	135.141
5	13	1	0.724425	135.159
5	13	1	0.744453	138.554
5	13	0	0.760833	141.33
5	13	3	0.808375	149.387
5	13	3	0.819428	151.261
5	13	0	0.830309	153.105
5	13	2	0.833473	153.641
5	13	1	0.873076	160.353
5	13	2	0.873135	160.363
5	13	1	0.890492	163.304
5	13	1	0.892846	163.703
5	13	3	0.908743	166.398
5	13	0	0.911395	166.847
5	13	3	0.919952	168.297
5	13	2	0.941138	171.888
5	13	0	0.941326	171.92
5	13	0	0.955819	174.376
5	13	3	0.960281	175.132
5	13	1	0.966416	176.172
5	13	1	0.987826	179.801
5	13	2	0.989378	180.064
5	2	1	0.738811	186.147
6	19	2	0.905886	0.97738
6	18	3	0.0642906	1.80576
6	18	0	0.300548	4.47675
6	14	1	0.457378	12.7582
6	10	2	0.00764134	15.9476
6	10	0	0.00984947	16.3046
6	10	1	0.0135941	16.91
6	10	3	0.0235609	18.5215
6	10	1	0.0366376	20.6359
6	10	1	0.0633843	24.9604
6	10	2	0.0645665	25.1516
6	10	0	0.071881	26.3342
6	10	0	0.105436	31.7596
6	10	2	0.127537	35.333
6	10	0	0.183292	44.3479
6	10	1	0.210746	48.7869
6	10	2	0.214028	49.3174
6	10	3	0.236052	52.8784
6	10	2	0.290759	61.7238
6	10	2	0.302043	63.5483
6	10	0	0.305858	64.165
6	10	0	0.329913	68.0544
6	10	2	0.340783	69.812
6	10	1	0.341954	70.0013
6	10	3	0.353651	71.8926
6	10	0	0.355953	72.2647
6	10	3	0.367962	74.2064
6	10	1	0.419726	82.576
6	10	3	0.427168	83.7792
6	10	3	0.46474	89.8541
6	10	1	0.473665	91.2971
6	10	3	0.482348	92.7011
6	10	2	0.488069	93.626
6	10	1	0.504884	96.3449
6	10	2	0.522957	99.267
6	10	3	0.573961	107.514
6	10	0	0.576276	107.888
6	10	0	0.581438	108.723
6	10	3	0.595392	110.979
6	10	0	0.607235	112.894
6	10	3	0.613602	113.923
6	10	1	0.636635	117.647
6	10	0	0.649129	119.667
6	10	1	0.657814	121.072
6	10	1	0.671805	123.334
6	10	2	0.722123	131.469
6	10	0	0.72286	131.589
6	10	3	0.764918	138.389
6	10	3	0.767597	138.822
6	10	3	0.779018	140.669
6	10	2	0.784567	141.566
6	10	1	0.81767	146.918
6	10	3	0.824556	148.031
6	10	3	0.841472	150.766
6	10	0	0.847086	151.674
6	10	2	0.848141	151.845
6	10	1	0.879354	156.891
6	10	1	0.900203	160.262
6	10	3	0.918228	163.177
6	10	1	0.932555	165.493
6	10	0	0.935127	165.909
6	10	3	0.939538	166.622
6	10	2	0.947112	167.847
6	10	2	0.955984	169.281
6	10	2	0.959868	169.909
6	10	3	0.962206	170.288
6	10	3	0.962583	170.348
6	10	3	0.995024	175.594
6	4	3	0.0598513	177.072
6	4	0	0.599339	183.149
6	4	1	0.608371	183.251
6	4	0	0.708397	184.377
7	19	2	0.905886	0.97738
7	16	1	0.00193492	1.68932
7	16	2	0.0104844	3.28236
7	16	0	0.0311123	7.12603
7	16	3	0.0380248	8.41405
7	16	2	0.0642706	13.3045
7	16	3	0.0654139	13.5175
7	16	1	0.0679402	13.9883
7	16	0	0.0682547	14.0469
7	16	0	0.0685854	14.1085
7	16	3	0.0890625	17.9241
7	16	0	0.130608	25.6655
7	16	1	0.134913	26.4675
7	16	2	0.135012	26.4859
7	16	3	0.139733	27.3656
7	16	1	0.140195	27.4518
7	16	1	0.155167	30.2415
7	16	3	0.155389	30.2829
7	16	3	0.183327	35.4886
7	16	3	0.190131	36.7566
7	16	2	0.201855	38.9411
7	16	3	0.215322	41.4504
7	16	1	0.222293	42.7494
7	16	1	0.309953	59.0832
7	16	0	0.362611	68.8952
7	16	2	0.398772	75.6331
7	16	2	0.408043	77.3608
7	16	1	0.416056	78.8538
7	16	3	0.428788	81.2262
7	16	0	0.44124	83.5464
7	16	1	0.446744	84.572
7	16	0	0.448297	84.8614
7	16	1	0.48358	91.4358
7	16	0	0.487435	92.1541
7	16	2	0.501652	94.8032
7	16	3	0.514062	97.1156
7	16	3	0.525663	99.2772
7	16	2	0.542647	102.442
7	16	1	0.545017	102.883
7	16	1	0.560003	105.676
7	16	0	0.566528	106.892
7	16	2	0.579681	109.343
7	16	1	0.59742	112.648
7	16	3	0.602743	113.64
7	16	2	0.622208	117.267
7	16	0	0.633607	119.391
7	16	1	0.63819	120.245
7	16	3	0.649571	122.365
7	16	3	0.658028	123.941
7	16	0	0.675997	127.289
7	16	3	0.698997	131.575
7	16	2	0.801174	150.614
7	16	3	0.802695	150.897
7	16	0	0.804936	151.315
7	16	3	0.818563	153.854
7	16	0	0.823942	154.856
7	16	0	0.825875	155.216
7	16	0	0.841607	158.148
7	16	2	0.890166	167.196
7	16	3	0.896112	168.304
7	16	0	0.915178	171.857
7	16	0	0.928794	174.394
7	16	3	0.939353	176.361
7	16	3	0.971385	182.33
7	16	3	0.995403	186.805
8	19	2	0.905886	0.97738
8	18	3	0.0642906	1.80576
8	18	0	0.300548	4.47675
8	14	1	0.457378	12.7582
8	11	0	0.0636794	14.2235
8	11	1	0.265535	17.4625
8	11	2	0.390611	19.4695
8	11	2	0.47873	20.8835
8	11	3	0.710891	24.6088
8	11	3	0.85263	26.8832
8	11	3	0.865821	27.0949
8	11	3	0.996795	29.1965
8	7	2	0.0336436	30.4116
8	7	0	0.0574793	31.236
8	7	2	0.0683107	31.6107
8	7	3	0.129418	33.7242
8	7	2	0.136154	33.9572
8	7	0	0.211737	36.5714
8	7	2	0.244324	37.6985
8	7	3	0.531974	47.6477
8	7	1	0.573311	49.0774
8	7	3	0.803607	57.0428
8	7	1	0.86491	59.1632
8	7	0	0.88372	59.8138
8	7	0	0.899714	60.3669
8	5	2	0.0161954	65.841
8	5	2	0.0186005	66.1388
8	5	3	0.0433847	69.2078
8	5	3	0.107168	77.1058
8	5	1	0.147585	82.1105
8	5	1	0.15573	83.119
8	5	1	0.170085	84.8965
8	5	0	0.176564	85.6989
8	5	0	0.190268	87.3958
8	5	1	0.19295	87.7279
8	5	0	0.209308	89.7534
8	5	2	0.229485	92.2518
8	5	0	0.240372	93.5999
8	5	1	0.253719	95.2527
8	5	2	0.255214	95.4378
8	5	1	0.307721	101.94
8	5	0	0.327116	104.341
8	5	1	0.350881	107.284
8	5	2	0.358146	108.183
8	5	0	0.364635	108.987
8	5	0	0.398404	113.169
8	5	1	0.400443	113.421
8	5	2	0.456348	120.343
8	5	1	0.489352	124.43
8	5	2	0.497599	125.451
8	5	1	0.5038	126.219
8	5	2	0.508479	126.799
8	5	3	0.515105	127.619
8	5	2	0.516753	127.823
8	5	1	0.536428	130.26
8	5	0	0.549643	131.896
8	5	3	0.573459	134.845
8	5	1	0.594536	137.455
8	5	2	0.609603	139.32
8	5	2	0.61596	140.108
8	5	3	0.616428	140.166
8	5	1	0.626548	141.419
8	5	3	0.640798	143.183
8	5	3	0.644571	143.65
8	5	2	0.645098	143.716
8	5	2	0.68769	148.99
8	5	0	0.701614	150.714
8	5	3	0.722908	153.351
8	5	3	0.747603	156.408
8	5	2	0.768069	158.943
8	5	0	0.768135	158.951
8	5	1	0.803613	163.344
8	5	0	0.824646	165.948
8	5	2	0.825535	166.059
8	5	0	0.887337	173.711
8	5	3	0.914893	177.123
8	5	0	0.928617	178.823
8	5	3	0.946627	181.053
8	5	3	0.965997	183.451
8	5	3	0.971366	184.116
8	5	1	0.982955	185.551
9	19	2	0.905886	0.97738
9	18	3	0.0642906	1.80576
9	18	0	0.300548	4.47675
9	14	1	0.457378	12.7582
9	10	2	0.00764134	15.9476
9	10	0	0.00984947	16.3046
9	10	1	0.0135941	16.91
9	10	3	0.0235609	18.5215
9	10	1	0.0366376	20.6359
9	10	1	0.0633843	24.9604
9	10	2	0.0645665	25.1516
9	10	0	0.071881	26.3342
9	10	0	0.105436	31.7596
9	10	2	0.127537	35.333
9	10	0	0.183292	44.3479
9	10	1	0.210746	48.7869
9	10	2	0.214028	49.3174
9	10	3	0.236052	52.8784
9	10	2	0.290759	61.7238
9	10	2	0.302043	63.5483
9	10	0	0.305858	64.165
9	10	0	0.329913	68.0544
9	10	2	0.340783	69.812
9	10	1	0.341954	70.0013
9	10	3	0.353651	71.8926
9	10	0	0.355953	72.2647
9	10	3	0.367962	74.2064
9	10	1	0.419726	82.576
9	10	3	0.427168	83.7792
9	10	3	0.46474	89.8541
9	10	1	0.473665	91.2971
9	10	3	0.482348	92.7011
9	10	2	0.488069	93.626
9	10	1	0.504884	96.3449
9	10	2	0.522957	99.267
9	10	3	0.573961	107.514
9	10	0	0.576276	107.888
9	10	0	0.581438	108.723
9	10	3	0.595392	110.979
9	10	0	0.607235	112.894
9	10	3	0.613602	113.923
9	10	1	0.636635	117.647
9	10	0	0.649129	119.667
9	10	1	0.657814	121.072
9	10	1	0.671805	123.334
9	10	2	0.722123	131.469
9	10	0	0.72286	131.589
9	10	3	0.764918	138.389
9	10	3	0.767597	138.822
9	10	3	0.779018	140.669
9	10	2	0.784567	141.566
9	10	1	0.81767	146.918
9	10	3	0.824556	148.031
9	10	3	0.841472	150.766
9	10	0	0.847086	151.674
9	10	2	0.848141	151.845
9	10	1	0.879354	156.891
9	10	1	0.900203	160.262
9	10	3	0.918228	163.177
9	10	1	0.932555	165.493
9	10	0	0.935127	165.909
9	10	3	0.939538	166.622
9	10	2	0.947112	167.847
9	10	2	0.955984	169.281
9	10	2	0.959868	169.909
9	10	3	0.962206	170.288
9	10	3	0.962583	170.348
9	10	3	0.995024	175.594
9	3	3	0.986615	187.511
10	19	2	0.905886	0.97738
10	18	3	0.0642906	1.80576
10	18	0	0.300548	4.47675
10	13	2	0.0426282	19.609
10	13	1	0.0666054	23.6726
10	13	3	0.0677046	23.8589
10	13	0	0.0727717	24.7177
10	13	2	0.0857174	26.9117
10	13	2	0.0861675	26.988
10	13	0	0.110496	31.1112
10	13	1	0.12568	33.6845
10	13	3	0.125941	33.7288
10	13	2	0.12731	33.9608
10	13	2	0.157935	39.1512
10	13	3	0.187722	44.1994
10	13	3	0.232007	51.7048
10	13	3	0.258266	56.1551
10	13	2	0.267226	57.6737
10	13	0	0.307568	64.5109
10	13	0	0.317911	66.2638
10	13	0	0.322497	67.041
10	13	2	0.335078	69.1732
10	13	3	0.338673	69.7825
10	13	2	0.347257	71.2373
10	13	1	0.413954	82.5411
10	13	3	0.449437	88.5547
10	13	1	0.460765	90.4746
10	13	1	0.469557	91.9646
10	13	3	0.470623	92.1454
10	13	2	0.48187	94.0513
10	13	0	0.49008	95.4429
10	13	2	0.494254	96.1503
10	13	3	0.495167	96.3051
10	13	1	0.565328	108.196
10	13	0	0.567139	108.503
10	13	1	0.57863	110.45
10	13	0	0.595917	113.38
10	13	2	0.601981	114.408
10	13	0	0.609627	115.704
10	13	3	0.610263	115.811
10	13	2	0.620618	117.566
10	13	3	0.624571	118.236
10	13	1	0.640628	120.958
10	13	3	0.651917	122.871
10	13	1	0.662363	124.641
10	13	2	0.680538	127.721
10	13	2	0.680709	127.75
10	13	3	0.681645	127.909
10	13	1	0.683794	128.273
10	13	1	0.687742	128.942
10	13	1	0.695593	130.273
10	13	2	0.704553	131.792
10	13	0	0.712471	133.134
10	13	3	0.724317	135.141
10	13	1	0.724425	135.159
10	13	1	0.744453	138.554
10	13	0	0.760833	141.33
10	13	3	0.808375	149.387
10	13	3	0.819428	151.261
10	13	0	0.830309	153.105
10	13	2	0.833473	153.641
10	13	1	0.873076	160.353
10	13	2	0.873135	160.363
10	13	1	0.890492	163.304
10	13	1	0.892846	163.703
10	13	3	0.908743	166.398
10	13	0	0.911395	166.847
10	13	3	0.919952	168.297
10	13	2	0.941138	171.888
10	13	0	0.941326	171.92
10	13	0	0.955819	174.376
10	13	3	0.960281	175.132
10	13	1	0.966416	176.172
10	13	1	0.987826	179.801
10	13	2	0.989378	180.064
