NODE TIMES:	nid	time
	1	161.943
	2	161.943
	3	161.943
	4	161.943
	5	161.943
	6	161.943
	7	161.943
	8	161.943
	9	161.943
	10	161.943
	11	0
	12	0
	13	126.396
	14	61.0721
	15	24.5652
	16	23.161
	17	21.8502
	18	9.09659
	19	7.67088
	20	1.95272
	21	1.51953

ANCESTRY    (1)	19 (12 -> 21) 	18 (21 -> 20) 	16 (20 -> 19) 	13 (19 -> 17) 	9 (17 -> 1) 
ANCESTRY    (2)	19 (12 -> 21) 	18 (21 -> 20) 	15 (20 -> 18) 	11 (18 -> 16) 	8 (16 -> 13) 	1 (13 -> 2) 
ANCESTRY    (3)	19 (12 -> 21) 	18 (21 -> 20) 	16 (20 -> 19) 	13 (19 -> 17) 	10 (17 -> 14) 	3 (14 -> 3) 
ANCESTRY    (4)	19 (12 -> 21) 	18 (21 -> 20) 	16 (20 -> 19) 	14 (19 -> 4) 
ANCESTRY    (5)	19 (12 -> 21) 	18 (21 -> 20) 	16 (20 -> 19) 	13 (19 -> 17) 	10 (17 -> 14) 	4 (14 -> 5) 
ANCESTRY    (6)	19 (12 -> 21) 	18 (21 -> 20) 	15 (20 -> 18) 	11 (18 -> 16) 	7 (16 -> 6) 
ANCESTRY    (7)	19 (12 -> 21) 	18 (21 -> 20) 	15 (20 -> 18) 	11 (18 -> 16) 	8 (16 -> 13) 	2 (13 -> 7) 
ANCESTRY    (8)	19 (12 -> 21) 	17 (21 -> 15) 	5 (15 -> 8) 
ANCESTRY    (9)	19 (12 -> 21) 	17 (21 -> 15) 	6 (15 -> 9) 
ANCESTRY    (10)	19 (12 -> 21) 	18 (21 -> 20) 	15 (20 -> 18) 	12 (18 -> 10) 
ANCESTRY    (11)	20 (12 -> 11) 

MUTATIONS   (1)  dup, deln, crl, crg, wgd:	11	15	19	13	0
	eid	type	time
	19	dup	0.352773	0.536048
	16	dup	0.900917	7.10431
	16	dup	0.907798	7.14365
	13	del	0.109574	9.22457
	13	dup	0.3735	12.9669
	13	del	0.52346	15.0932
	9	dup	0.00750585	22.9017
	9	del	0.0127677	23.6389
	9	crg	0.022318	24.9768
	9	crl	0.0608274	30.3717
	9	crl	0.0809701	33.1935
	9	del	0.0912944	34.6399
	9	crg	0.13597	40.8987
	9	crg	0.167886	45.3699
	9	del	0.210461	51.3343
	9	crg	0.229898	54.0572
	9	del	0.231458	54.2759
	9	crg	0.234637	54.7212
	9	crg	0.241504	55.6832
	9	crl	0.257493	57.9232
	9	crl	0.277521	60.7289
	9	dup	0.283733	61.5992
	9	del	0.308596	65.0823
	9	del	0.320174	66.7044
	9	crl	0.339122	69.3588
	9	crg	0.353865	71.4241
	9	del	0.354966	71.5784
	9	dup	0.386961	76.0606
	9	del	0.419419	80.6078
	9	crl	0.431536	82.3054
	9	crl	0.451696	85.1296
	9	crg	0.457613	85.9585
	9	crg	0.485106	89.8102
	9	crl	0.538191	97.2469
	9	crg	0.551821	99.1563
	9	crl	0.554889	99.5862
	9	dup	0.575563	102.483
	9	crl	0.599463	105.831
	9	dup	0.65208	113.202
	9	crl	0.655557	113.689
	9	crl	0.672384	116.046
	9	del	0.685323	117.859
	9	crl	0.723994	123.277
	9	crg	0.736172	124.983
	9	del	0.769359	129.632
	9	crl	0.816264	136.203
	9	dup	0.82652	137.64
	9	del	0.864753	142.996
	9	del	0.867054	143.318
	9	crg	0.891759	146.779
	9	dup	0.893414	147.011
	9	crg	0.897139	147.533
	9	crl	0.907711	149.014
	9	crl	0.923348	151.205
	9	crl	0.947658	154.61
	9	crl	0.955114	155.655
	9	del	0.963455	156.823
	9	crl	0.968881	157.584

MUTATIONS   (2)  dup, deln, crl, crg, wgd:	21	19	15	20	0
	eid	type	time
	19	dup	0.352773	0.536048
	15	del	0.14264	2.97172
	15	crg	0.243532	3.69248
	15	crg	0.83989	7.95278
	15	dup	0.913124	8.47596
	11	dup	0.214668	12.1158
	11	del	0.428305	15.1205
	11	crl	0.481116	15.8632
	11	crg	0.54256	16.7274
	11	dup	0.562915	17.0137
	11	dup	0.581128	17.2698
	11	dup	0.61968	17.812
	11	crg	0.805152	20.4206
	11	del	0.92302	22.0784
	11	dup	0.946727	22.4118
	8	del	0.0314454	26.4073
	8	crl	0.127245	36.2972
	8	crl	0.128003	36.3754
	8	dup	0.152966	38.9525
	8	crl	0.161029	39.7849
	8	dup	0.188595	42.6306
	8	del	0.190925	42.8712
	8	del	0.22824	46.7234
	8	crg	0.263299	50.3427
	8	crl	0.263623	50.3762
	8	del	0.26465	50.4822
	8	crg	0.327717	56.9928
	8	crg	0.349375	59.2287
	8	del	0.36922	61.2774
	8	dup	0.369748	61.332
	8	crg	0.373784	61.7487
	8	crg	0.377085	62.0894
	8	del	0.414099	65.9105
	8	crg	0.435815	68.1524
	8	crl	0.445632	69.1659
	8	del	0.501162	74.8985
	8	crl	0.547955	79.7291
	8	crg	0.586828	83.7422
	8	crg	0.666386	91.9553
	8	del	0.693459	94.7503
	8	del	0.700937	95.5223
	8	del	0.70273	95.7074
	8	crg	0.710458	96.5051
	8	crg	0.718786	97.3648
	8	crg	0.732476	98.7782
	8	del	0.737906	99.3388
	8	crg	0.743177	99.8829
	8	crl	0.787844	104.494
	8	crg	0.800309	105.781
	8	crg	0.80039	105.789
	8	crl	0.804275	106.19
	8	crl	0.827777	108.617
	8	dup	0.83671	109.539
	8	dup	0.884522	114.475
	8	del	0.922323	118.377
	8	dup	0.966766	122.965
	1	del	0.0170855	127.003
	1	crg	0.0270781	127.359
	1	crl	0.0355509	127.66
	1	dup	0.0811027	129.279
	1	dup	0.328028	138.056
	1	crl	0.418867	141.286
	1	crl	0.458766	142.704
	1	del	0.501116	144.209
	1	dup	0.5331	145.346
	1	dup	0.540568	145.612
	1	crl	0.588872	147.329
	1	crl	0.597111	147.622
	1	crg	0.665194	150.042
	1	dup	0.697096	151.176
	1	dup	0.766656	153.648
	1	del	0.804209	154.983
	1	del	0.818165	155.479
	1	dup	0.871515	157.376
	1	dup	0.897392	158.296

MUTATIONS   (3)  dup, deln, crl, crg, wgd:	15	15	11	14	0
	eid	type	time
	19	dup	0.352773	0.536048
	16	dup	0.900917	7.10431
	16	dup	0.907798	7.14365
	13	del	0.109574	9.22457
	13	dup	0.3735	12.9669
	13	del	0.52346	15.0932
	10	del	0.0570588	24.0882
	10	crg	0.0926372	25.4836
	10	dup	0.184995	29.1061
	10	del	0.306229	33.8611
	10	crg	0.327884	34.7105
	10	crg	0.476274	40.5306
	10	del	0.536306	42.8852
	10	crl	0.591045	45.0321
	10	crl	0.745287	51.0818
	10	dup	0.796615	53.095
	10	dup	0.887535	56.661
	10	crg	0.922403	58.0286
	10	crg	0.953324	59.2414
	10	crg	0.958252	59.4347
	10	crg	0.959423	59.4806
	3	crl	0.00891349	61.9712
	3	crl	0.0202978	63.1196
	3	del	0.0470717	65.8203
	3	crg	0.0531568	66.4341
	3	dup	0.0833423	69.4789
	3	del	0.1467	75.8699
	3	crg	0.241114	85.3935
	3	crl	0.258149	87.1119
	3	dup	0.269992	88.3064
	3	crl	0.297469	91.0782
	3	dup	0.356917	97.0746
	3	dup	0.362974	97.6857
	3	crg	0.428724	104.318
	3	del	0.440987	105.555
	3	crl	0.450549	106.519
	3	crl	0.45717	107.187
	3	dup	0.477501	109.238
	3	del	0.48516	110.011
	3	crg	0.555499	117.106
	3	del	0.570578	118.627
	3	crg	0.632609	124.884
	3	dup	0.642197	125.851
	3	del	0.697505	131.43
	3	crg	0.704218	132.107
	3	crl	0.752298	136.957
	3	crg	0.777501	139.499
	3	del	0.78805	140.563
	3	del	0.789975	140.758
	3	del	0.848874	146.699
	3	crl	0.861276	147.95
	3	dup	0.885409	150.384
	3	crl	0.886546	150.499
	3	dup	0.9131	153.177
	3	del	0.991845	161.121

MUTATIONS   (4)  dup, deln, crl, crg, wgd:	17	13	4	7	0
	eid	type	time
	19	dup	0.352773	0.536048
	16	dup	0.900917	7.10431
	16	dup	0.907798	7.14365
	14	crl	0.00469291	8.39487
	14	del	0.0105035	9.29128
	14	dup	0.0918726	21.8443
	14	crl	0.103077	23.5728
	14	del	0.124311	26.8487
	14	del	0.142484	29.6522
	14	del	0.159407	32.2629
	14	dup	0.160462	32.4258
	14	dup	0.339773	60.0884
	14	dup	0.342989	60.5845
	14	del	0.346227	61.0841
	14	crg	0.374368	65.4254
	14	del	0.380811	66.4195
	14	del	0.427856	73.6772
	14	crg	0.428091	73.7134
	14	dup	0.497552	84.4294
	14	dup	0.502106	85.1318
	14	del	0.528015	89.1289
	14	del	0.542692	91.3931
	14	del	0.542713	91.3964
	14	dup	0.543427	91.5066
	14	del	0.579269	97.036
	14	dup	0.602216	100.576
	14	crg	0.610975	101.927
	14	crg	0.667257	110.61
	14	dup	0.684761	113.31
	14	crl	0.686007	113.503
	14	crg	0.697222	115.233
	14	dup	0.709071	117.061
	14	dup	0.745044	122.61
	14	del	0.768012	126.154
	14	dup	0.784403	128.683
	14	dup	0.805522	131.941
	14	dup	0.807278	132.211
	14	del	0.814221	133.283
	14	crg	0.880275	143.473
	14	crl	0.902044	146.831
	14	crg	0.928056	150.844

MUTATIONS   (5)  dup, deln, crl, crg, wgd:	17	12	15	19	0
	eid	type	time
	19	dup	0.352773	0.536048
	16	dup	0.900917	7.10431
	16	dup	0.907798	7.14365
	13	del	0.109574	9.22457
	13	dup	0.3735	12.9669
	13	del	0.52346	15.0932
	10	del	0.0570588	24.0882
	10	crg	0.0926372	25.4836
	10	dup	0.184995	29.1061
	10	del	0.306229	33.8611
	10	crg	0.327884	34.7105
	10	crg	0.476274	40.5306
	10	del	0.536306	42.8852
	10	crl	0.591045	45.0321
	10	crl	0.745287	51.0818
	10	dup	0.796615	53.095
	10	dup	0.887535	56.661
	10	crg	0.922403	58.0286
	10	crg	0.953324	59.2414
	10	crg	0.958252	59.4347
	10	crg	0.959423	59.4806
	4	crg	0.0587076	66.994
	4	crg	0.0654679	67.6759
	4	crl	0.109264	72.0937
	4	crl	0.150601	76.2634
	4	dup	0.193276	80.5681
	4	crg	0.242755	85.5591
	4	dup	0.318376	93.187
	4	del	0.33815	95.1816
	4	del	0.347579	96.1327
	4	crg	0.378641	99.266
	4	del	0.386492	100.058
	4	dup	0.41856	103.293
	4	crl	0.424504	103.892
	4	crl	0.450641	106.529
	4	del	0.458535	107.325
	4	crl	0.484778	109.972
	4	dup	0.528761	114.409
	4	dup	0.540265	115.569
	4	dup	0.549319	116.482
	4	crg	0.555033	117.059
	4	crl	0.596846	121.277
	4	crg	0.605689	122.169
	4	crl	0.629627	124.583
	4	crl	0.636971	125.324
	4	del	0.657474	127.392
	4	crg	0.661435	127.792
	4	crl	0.665208	128.172
	4	dup	0.713114	133.005
	4	del	0.721722	133.873
	4	crg	0.739426	135.659
	4	dup	0.745247	136.246
	4	crl	0.746137	136.336
	4	crl	0.749927	136.718
	4	dup	0.811179	142.897
	4	crg	0.868141	148.642
	4	del	0.920063	153.88
	4	dup	0.922059	154.081
	4	crg	0.93157	155.04
	4	crg	0.934063	155.292
	4	crl	0.980884	160.015
	4	crg	0.983382	160.267
	4	crl	0.985694	160.5

MUTATIONS   (6)  dup, deln, crl, crg, wgd:	23	17	11	17	0
	eid	type	time
	19	dup	0.352773	0.536048
	15	del	0.14264	2.97172
	15	crg	0.243532	3.69248
	15	crg	0.83989	7.95278
	15	dup	0.913124	8.47596
	11	dup	0.214668	12.1158
	11	del	0.428305	15.1205
	11	crl	0.481116	15.8632
	11	crg	0.54256	16.7274
	11	dup	0.562915	17.0137
	11	dup	0.581128	17.2698
	11	dup	0.61968	17.812
	11	crg	0.805152	20.4206
	11	del	0.92302	22.0784
	11	dup	0.946727	22.4118
	7	crg	0.00132679	23.3452
	7	crg	0.0108242	24.6633
	7	dup	0.0458849	29.529
	7	dup	0.05483	30.7705
	7	del	0.126171	40.6712
	7	dup	0.128537	40.9996
	7	del	0.136249	42.07
	7	crl	0.154686	44.6286
	7	crl	0.2035	51.4032
	7	del	0.208377	52.0801
	7	del	0.272515	60.9813
	7	crl	0.280958	62.153
	7	crl	0.325333	68.3114
	7	dup	0.362106	73.4149
	7	del	0.366054	73.9628
	7	del	0.374536	75.1399
	7	dup	0.384731	76.5548
	7	crg	0.396498	78.1878
	7	crg	0.405405	79.4239
	7	dup	0.408331	79.83
	7	crl	0.474928	89.0725
	7	dup	0.47604	89.2269
	7	dup	0.480677	89.8704
	7	crg	0.496573	92.0764
	7	del	0.528784	96.5468
	7	crg	0.534003	97.2711
	7	dup	0.540376	98.1555
	7	crg	0.571564	102.484
	7	crg	0.573372	102.735
	7	del	0.616005	108.651
	7	dup	0.669225	116.037
	7	del	0.725338	123.825
	7	del	0.737055	125.451
	7	del	0.741528	126.072
	7	crl	0.743982	126.412
	7	del	0.784883	132.089
	7	crg	0.806352	135.068
	7	dup	0.820686	137.058
	7	crl	0.823919	137.506
	7	del	0.844325	140.338
	7	crg	0.845017	140.434
	7	del	0.853052	141.549
	7	dup	0.885399	146.038
	7	crl	0.905077	148.77
	7	dup	0.928419	152.009
	7	crl	0.928691	152.047
	7	crg	0.948577	154.806
	7	crg	0.95864	156.203
	7	dup	0.958721	156.214
	7	dup	0.968105	157.517
	7	dup	0.972601	158.141
	7	crl	0.975638	158.562
	7	crg	0.982608	159.529

MUTATIONS   (7)  dup, deln, crl, crg, wgd:	16	19	15	21	0
	eid	type	time
	19	dup	0.352773	0.536048
	15	del	0.14264	2.97172
	15	crg	0.243532	3.69248
	15	crg	0.83989	7.95278
	15	dup	0.913124	8.47596
	11	dup	0.214668	12.1158
	11	del	0.428305	15.1205
	11	crl	0.481116	15.8632
	11	crg	0.54256	16.7274
	11	dup	0.562915	17.0137
	11	dup	0.581128	17.2698
	11	dup	0.61968	17.812
	11	crg	0.805152	20.4206
	11	del	0.92302	22.0784
	11	dup	0.946727	22.4118
	8	del	0.0314454	26.4073
	8	crl	0.127245	36.2972
	8	crl	0.128003	36.3754
	8	dup	0.152966	38.9525
	8	crl	0.161029	39.7849
	8	dup	0.188595	42.6306
	8	del	0.190925	42.8712
	8	del	0.22824	46.7234
	8	crg	0.263299	50.3427
	8	crl	0.263623	50.3762
	8	del	0.26465	50.4822
	8	crg	0.327717	56.9928
	8	crg	0.349375	59.2287
	8	del	0.36922	61.2774
	8	dup	0.369748	61.332
	8	crg	0.373784	61.7487
	8	crg	0.377085	62.0894
	8	del	0.414099	65.9105
	8	crg	0.435815	68.1524
	8	crl	0.445632	69.1659
	8	del	0.501162	74.8985
	8	crl	0.547955	79.7291
	8	crg	0.586828	83.7422
	8	crg	0.666386	91.9553
	8	del	0.693459	94.7503
	8	del	0.700937	95.5223
	8	del	0.70273	95.7074
	8	crg	0.710458	96.5051
	8	crg	0.718786	97.3648
	8	crg	0.732476	98.7782
	8	del	0.737906	99.3388
	8	crg	0.743177	99.8829
	8	crl	0.787844	104.494
	8	crg	0.800309	105.781
	8	crg	0.80039	105.789
	8	crl	0.804275	106.19
	8	crl	0.827777	108.617
	8	dup	0.83671	109.539
	8	dup	0.884522	114.475
	8	del	0.922323	118.377
	8	dup	0.966766	122.965
	2	del	0.0371344	127.716
	2	del	0.184615	132.959
	2	dup	0.201783	133.569
	2	crl	0.246709	135.166
	2	crl	0.434713	141.849
	2	crg	0.473732	143.236
	2	del	0.485783	143.664
	2	crl	0.521461	144.932
	2	del	0.542913	145.695
	2	dup	0.563746	146.436
	2	crg	0.584266	147.165
	2	crl	0.605092	147.905
	2	crg	0.698912	151.24
	2	crl	0.823978	155.686
	2	dup	0.959508	160.504

MUTATIONS   (8)  dup, deln, crl, crg, wgd:	23	17	8	14	0
	eid	type	time
	19	dup	0.352773	0.536048
	17	crg	0.0279254	2.16309
	17	dup	0.0422859	2.49403
	17	dup	0.0674897	3.07487
	17	crl	0.120549	4.29766
	17	crg	0.123624	4.36853
	17	dup	0.216098	6.49966
	17	crg	0.379572	10.267
	17	crg	0.434994	11.5443
	17	crg	0.507985	13.2264
	17	del	0.603112	15.4187
	17	dup	0.697382	17.5912
	17	dup	0.892183	22.0805
	17	crl	0.915143	22.6096
	17	crg	0.970808	23.8925
	5	crg	0.0145613	26.5656
	5	crl	0.0481701	31.1827
	5	crg	0.0663602	33.6816
	5	dup	0.0997656	38.2708
	5	del	0.161695	46.7786
	5	del	0.229111	56.04
	5	crg	0.229814	56.1366
	5	del	0.235784	56.9567
	5	del	0.242985	57.9459
	5	crg	0.252094	59.1974
	5	crg	0.253528	59.3943
	5	crg	0.27472	62.3057
	5	del	0.276537	62.5553
	5	dup	0.311278	67.3279
	5	crl	0.334231	70.4812
	5	crg	0.36364	74.5213
	5	crg	0.369571	75.3361
	5	dup	0.398608	79.3252
	5	del	0.467899	88.8441
	5	del	0.492405	92.2108
	5	del	0.500357	93.3032
	5	crl	0.503973	93.7999
	5	dup	0.527411	97.0198
	5	del	0.537759	98.4414
	5	del	0.545651	99.5256
	5	dup	0.570669	102.962
	5	del	0.605952	107.81
	5	dup	0.623047	110.158
	5	dup	0.64149	112.692
	5	crl	0.685904	118.793
	5	dup	0.705955	121.548
	5	dup	0.719576	123.419
	5	del	0.723866	124.008
	5	del	0.73502	125.541
	5	dup	0.764787	129.63
	5	crl	0.809165	135.727
	5	dup	0.830575	138.668
	5	dup	0.84395	140.505
	5	del	0.872269	144.396
	5	dup	0.88056	145.535
	5	dup	0.882528	145.805
	5	crl	0.921351	151.138
	5	dup	0.924742	151.604
	5	dup	0.94167	153.93
	5	dup	0.944788	154.358
	5	del	0.968922	157.674
	5	del	0.991313	160.75

MUTATIONS   (9)  dup, deln, crl, crg, wgd:	22	12	15	18	0
	eid	type	time
	19	dup	0.352773	0.536048
	17	crg	0.0279254	2.16309
	17	dup	0.0422859	2.49403
	17	dup	0.0674897	3.07487
	17	crl	0.120549	4.29766
	17	crg	0.123624	4.36853
	17	dup	0.216098	6.49966
	17	crg	0.379572	10.267
	17	crg	0.434994	11.5443
	17	crg	0.507985	13.2264
	17	del	0.603112	15.4187
	17	dup	0.697382	17.5912
	17	dup	0.892183	22.0805
	17	crl	0.915143	22.6096
	17	crg	0.970808	23.8925
	6	crg	0.00720568	25.5551
	6	dup	0.058646	32.6219
	6	crl	0.0684617	33.9703
	6	crg	0.0813945	35.747
	6	crg	0.08732	36.561
	6	crl	0.182849	49.6846
	6	dup	0.188866	50.5113
	6	del	0.208927	53.2671
	6	crg	0.209459	53.3402
	6	dup	0.209919	53.4035
	6	crl	0.217237	54.4087
	6	del	0.258603	60.0916
	6	dup	0.269474	61.585
	6	del	0.288243	64.1635
	6	dup	0.296633	65.316
	6	dup	0.319458	68.4517
	6	crg	0.321174	68.6874
	6	dup	0.338621	71.0843
	6	del	0.348277	72.4108
	6	crg	0.365543	74.7828
	6	dup	0.377459	76.4197
	6	dup	0.432403	83.9679
	6	del	0.435142	84.3441
	6	dup	0.440236	85.0438
	6	dup	0.463338	88.2176
	6	del	0.467959	88.8524
	6	crg	0.480707	90.6038
	6	crl	0.521599	96.2214
	6	del	0.52243	96.3356
	6	crg	0.524646	96.64
	6	dup	0.525451	96.7505
	6	del	0.544833	99.4132
	6	crl	0.556961	101.079
	6	crl	0.575612	103.642
	6	crg	0.606866	107.935
	6	dup	0.616685	109.284
	6	crl	0.651884	114.12
	6	del	0.703047	121.148
	6	crl	0.716461	122.991
	6	crl	0.727222	124.469
	6	dup	0.738494	126.018
	6	dup	0.745147	126.932
	6	crl	0.753	128.011
	6	dup	0.756066	128.432
	6	del	0.771956	130.615
	6	crg	0.814821	136.504
	6	crg	0.825889	138.024
	6	crl	0.850727	141.436
	6	crl	0.906687	149.124
	6	crg	0.959209	156.339
	6	crl	0.961449	156.647
	6	del	0.974809	158.482

MUTATIONS   (10)  dup, deln, crl, crg, wgd:	16	24	18	16	0
	eid	type	time
	19	dup	0.352773	0.536048
	15	del	0.14264	2.97172
	15	crg	0.243532	3.69248
	15	crg	0.83989	7.95278
	15	dup	0.913124	8.47596
	12	del	0.00542458	9.92572
	12	del	0.00790531	10.3049
	12	crl	0.0199401	12.1444
	12	crl	0.0635926	18.8165
	12	crg	0.0645402	18.9613
	12	crl	0.0649651	19.0263
	12	del	0.0797321	21.2834
	12	del	0.0890985	22.715
	12	crg	0.104852	25.1229
	12	dup	0.113509	26.446
	12	crl	0.136234	29.9195
	12	crg	0.140288	30.5392
	12	crl	0.144561	31.1922
	12	del	0.148518	31.797
	12	crl	0.169577	35.0158
	12	del	0.194442	38.8163
	12	del	0.196615	39.1485
	12	dup	0.200405	39.7278
	12	del	0.203916	40.2645
	12	dup	0.210583	41.2835
	12	del	0.215643	42.0568
	12	crg	0.217915	42.4041
	12	del	0.226517	43.719
	12	crl	0.239608	45.7198
	12	del	0.25193	47.6032
	12	dup	0.276035	51.2876
	12	crl	0.294755	54.1488
	12	crg	0.30713	56.0404
	12	del	0.309445	56.3942
	12	crg	0.376845	66.696
	12	del	0.379736	67.1379
	12	del	0.396178	69.6511
	12	del	0.420669	73.3943
	12	crg	0.457367	79.0036
	12	crg	0.46695	80.4682
	12	crl	0.502145	85.8477
	12	crl	0.508837	86.8705
	12	crl	0.544229	92.2801
	12	dup	0.544544	92.3282
	12	dup	0.572564	96.611
	12	dup	0.582265	98.0938
	12	crg	0.606816	101.846
	12	crl	0.606838	101.85
	12	dup	0.613295	102.837
	12	del	0.615017	103.1
	12	crg	0.629512	105.315
	12	del	0.638952	106.758
	12	crg	0.645926	107.824
	12	dup	0.654393	109.118
	12	crl	0.685886	113.932
	12	crg	0.692757	114.982
	12	crl	0.698756	115.899
	12	crg	0.722581	119.541
	12	del	0.763183	125.747
	12	dup	0.764332	125.922
	12	del	0.773028	127.251
	12	crl	0.813383	133.419
	12	dup	0.825032	135.2
	12	del	0.827624	135.596
	12	del	0.858101	140.254
	12	del	0.859608	140.485
	12	crl	0.878313	143.344
	12	dup	0.903525	147.197
	12	dup	0.90664	147.673
	12	dup	0.925501	150.556
	12	crl	0.954265	154.953
	12	crl	0.971044	157.517
	12	del	0.985571	159.738
	12	crg	0.996393	161.392

MUTATIONS   (11)  dup, deln, crl, crg, wgd:	0	0	0	0	0
	eid	type	time

