NODE TIMES:	nid	time
	1	187.662
	2	187.662
	3	187.662
	4	187.662
	5	187.662
	6	187.662
	7	187.662
	8	187.662
	9	187.662
	10	187.662
	11	0
	12	0
	13	181.864
	14	176.398
	15	63.8356
	16	29.2479
	17	14.7121
	18	13.2017
	19	12.3844
	20	1.32878
	21	1.07892

ANCESTRY    (1)	19 (12 -> 21) 	18 (21 -> 19) 	14 (19 -> 18) 	11 (18 -> 16) 	7 (16 -> 15) 	6 (15 -> 1) 
ANCESTRY    (2)	19 (12 -> 21) 	18 (21 -> 19) 	14 (19 -> 18) 	11 (18 -> 16) 	8 (16 -> 2) 
ANCESTRY    (3)	19 (12 -> 21) 	18 (21 -> 19) 	14 (19 -> 18) 	12 (18 -> 17) 	9 (17 -> 3) 
ANCESTRY    (4)	19 (12 -> 21) 	17 (21 -> 20) 	15 (20 -> 4) 
ANCESTRY    (5)	19 (12 -> 21) 	18 (21 -> 19) 	13 (19 -> 13) 	2 (13 -> 5) 
ANCESTRY    (6)	19 (12 -> 21) 	18 (21 -> 19) 	14 (19 -> 18) 	12 (18 -> 17) 	10 (17 -> 14) 	4 (14 -> 6) 
ANCESTRY    (7)	19 (12 -> 21) 	17 (21 -> 20) 	16 (20 -> 7) 
ANCESTRY    (8)	19 (12 -> 21) 	18 (21 -> 19) 	14 (19 -> 18) 	11 (18 -> 16) 	7 (16 -> 15) 	5 (15 -> 8) 
ANCESTRY    (9)	19 (12 -> 21) 	18 (21 -> 19) 	14 (19 -> 18) 	12 (18 -> 17) 	10 (17 -> 14) 	3 (14 -> 9) 
ANCESTRY    (10)	19 (12 -> 21) 	18 (21 -> 19) 	13 (19 -> 13) 	1 (13 -> 10) 
ANCESTRY    (11)	20 (12 -> 11) 

MUTATIONS   (1)  dup, deln, crl, crg, wgd:	17	12	13	17	0
	eid	type	time
	19	crl	0.905886	0.97738
	18	crg	0.0642906	1.80576
	18	dup	0.300548	4.47675
	14	del	0.457378	12.7582
	11	dup	0.0636794	14.2235
	11	del	0.265535	17.4625
	11	crl	0.390611	19.4695
	11	crl	0.47873	20.8835
	11	crg	0.710891	24.6088
	11	crg	0.85263	26.8832
	11	crg	0.865821	27.0949
	11	crg	0.996795	29.1965
	7	crl	0.0336436	30.4116
	7	dup	0.0574793	31.236
	7	crl	0.0683107	31.6107
	7	crg	0.129418	33.7242
	7	crl	0.136154	33.9572
	7	dup	0.211737	36.5714
	7	crl	0.244324	37.6985
	7	crg	0.531974	47.6477
	7	del	0.573311	49.0774
	7	crg	0.803607	57.0428
	7	del	0.86491	59.1632
	7	dup	0.88372	59.8138
	7	dup	0.899714	60.3669
	6	crg	0.0410444	68.918
	6	crg	0.06203	71.5165
	6	dup	0.0684783	72.315
	6	crg	0.0715933	72.7007
	6	del	0.0858305	74.4637
	6	del	0.0886503	74.8128
	6	dup	0.0926016	75.3021
	6	crg	0.0951816	75.6216
	6	del	0.100471	76.2765
	6	dup	0.175614	85.5812
	6	del	0.29807	100.745
	6	dup	0.300167	101.004
	6	del	0.336911	105.554
	6	dup	0.389039	112.009
	6	crg	0.401033	113.494
	6	crl	0.413394	115.025
	6	crg	0.439424	118.248
	6	dup	0.462762	121.138
	6	del	0.509625	126.941
	6	dup	0.529183	129.362
	6	dup	0.553958	132.43
	6	crl	0.587368	136.567
	6	dup	0.657468	145.247
	6	crl	0.672725	147.137
	6	crg	0.681046	148.167
	6	crg	0.722759	153.332
	6	del	0.736382	155.019
	6	crg	0.760825	158.046
	6	del	0.784344	160.958
	6	crl	0.787941	161.403
	6	crl	0.86937	171.486
	6	dup	0.905013	175.9
	6	dup	0.943246	180.634
	6	crl	0.997047	187.296

MUTATIONS   (2)  dup, deln, crl, crg, wgd:	17	18	22	33	0
	eid	type	time
	19	crl	0.905886	0.97738
	18	crg	0.0642906	1.80576
	18	dup	0.300548	4.47675
	14	del	0.457378	12.7582
	11	dup	0.0636794	14.2235
	11	del	0.265535	17.4625
	11	crl	0.390611	19.4695
	11	crl	0.47873	20.8835
	11	crg	0.710891	24.6088
	11	crg	0.85263	26.8832
	11	crg	0.865821	27.0949
	11	crg	0.996795	29.1965
	8	crg	0.000979574	29.4031
	8	crg	0.0152007	31.6559
	8	del	0.0586363	38.5367
	8	crg	0.0829178	42.3833
	8	del	0.0979708	44.7679
	8	crl	0.104959	45.8749
	8	crg	0.125974	49.2039
	8	crl	0.142587	51.8358
	8	dup	0.196548	60.3839
	8	dup	0.200887	61.0713
	8	crg	0.224924	64.879
	8	dup	0.258612	70.2157
	8	del	0.263544	70.997
	8	dup	0.28663	74.6541
	8	dup	0.29715	76.3206
	8	dup	0.305841	77.6974
	8	crg	0.322382	80.3177
	8	crg	0.339048	82.9578
	8	del	0.352665	85.1149
	8	crl	0.378637	89.2293
	8	crg	0.378888	89.269
	8	dup	0.395314	91.8711
	8	crl	0.398069	92.3076
	8	crg	0.409071	94.0504
	8	crg	0.413433	94.7415
	8	crg	0.427651	96.9938
	8	crl	0.443005	99.426
	8	crg	0.445242	99.7804
	8	del	0.446275	99.9441
	8	crl	0.45855	101.889
	8	dup	0.459928	102.107
	8	del	0.463489	102.671
	8	crg	0.463693	102.703
	8	del	0.47203	104.024
	8	crg	0.472815	104.148
	8	crl	0.473623	104.276
	8	crg	0.507082	109.577
	8	crl	0.516838	111.122
	8	del	0.555849	117.302
	8	crg	0.55804	117.649
	8	crl	0.568636	119.328
	8	crl	0.568675	119.334
	8	del	0.579578	121.061
	8	dup	0.610127	125.901
	8	del	0.633868	129.661
	8	crl	0.636899	130.142
	8	dup	0.639513	130.556
	8	crg	0.643469	131.182
	8	crg	0.643673	131.215
	8	del	0.647556	131.83
	8	crl	0.653841	132.825
	8	crl	0.683251	137.484
	8	crg	0.702553	140.542
	8	crg	0.708502	141.485
	8	del	0.710688	141.831
	8	crg	0.726273	144.3
	8	crg	0.734962	145.676
	8	crg	0.739252	146.356
	8	crl	0.747722	147.697
	8	del	0.750505	148.138
	8	crg	0.752771	148.497
	8	dup	0.753481	148.61
	8	crl	0.77123	151.421
	8	crl	0.795356	155.243
	8	crl	0.805212	156.805
	8	crg	0.809313	157.454
	8	crg	0.817795	158.798
	8	del	0.827197	160.287
	8	crl	0.848404	163.647
	8	dup	0.856761	164.971
	8	dup	0.857385	165.07
	8	crg	0.880454	168.724
	8	dup	0.895506	171.109
	8	del	0.9033	172.343
	8	del	0.909202	173.278
	8	crg	0.938913	177.985
	8	dup	0.973888	183.525
	8	crl	0.996275	187.072

MUTATIONS   (3)  dup, deln, crl, crg, wgd:	21	21	23	24	0
	eid	type	time
	19	crl	0.905886	0.97738
	18	crg	0.0642906	1.80576
	18	dup	0.300548	4.47675
	14	del	0.457378	12.7582
	9	crl	0.0137513	17.0903
	9	del	0.0424331	22.0508
	9	dup	0.0430229	22.1529
	9	del	0.0559063	24.381
	9	dup	0.06758	26.4
	9	dup	0.0712048	27.0269
	9	dup	0.0994212	31.9069
	9	dup	0.129696	37.1429
	9	dup	0.134065	37.8986
	9	del	0.138136	38.6027
	9	del	0.152315	41.055
	9	crg	0.154545	41.4407
	9	del	0.188233	47.2669
	9	crg	0.194939	48.4266
	9	dup	0.197118	48.8035
	9	crg	0.197349	48.8436
	9	del	0.213694	51.6704
	9	crl	0.214657	51.8369
	9	crg	0.232524	54.9271
	9	crl	0.236416	55.6002
	9	del	0.252597	58.3986
	9	crg	0.255488	58.8987
	9	crl	0.261491	59.9369
	9	crg	0.289293	64.7452
	9	crl	0.306215	67.6719
	9	del	0.309411	68.2246
	9	del	0.315813	69.3319
	9	crg	0.3189	69.8657
	9	crl	0.334035	72.4834
	9	dup	0.388519	81.9063
	9	crg	0.399407	83.7894
	9	crg	0.405288	84.8066
	9	crg	0.41325	86.1835
	9	del	0.429281	88.9561
	9	dup	0.436545	90.2124
	9	crg	0.437794	90.4285
	9	crg	0.439286	90.6864
	9	del	0.4621	94.6321
	9	crl	0.46973	95.9518
	9	crl	0.474497	96.7763
	9	del	0.485502	98.6796
	9	dup	0.489036	99.2908
	9	dup	0.517457	104.206
	9	crl	0.545446	109.047
	9	crl	0.556739	111
	9	crg	0.604872	119.324
	9	crg	0.626127	123.001
	9	dup	0.63754	124.974
	9	crg	0.657577	128.44
	9	dup	0.668364	130.306
	9	del	0.668552	130.338
	9	dup	0.720026	139.24
	9	dup	0.721392	139.477
	9	crl	0.737083	142.19
	9	crg	0.758585	145.909
	9	del	0.759166	146.01
	9	crg	0.768682	147.655
	9	dup	0.780355	149.674
	9	crg	0.781375	149.851
	9	dup	0.781792	149.923
	9	crl	0.786377	150.716
	9	crl	0.799943	153.062
	9	crg	0.807922	154.442
	9	crl	0.814683	155.611
	9	crl	0.828009	157.916
	9	del	0.833331	158.836
	9	crg	0.841297	160.214
	9	del	0.849061	161.557
	9	del	0.85131	161.946
	9	dup	0.866853	164.634
	9	crl	0.871529	165.443
	9	crl	0.873435	165.773
	9	crg	0.877687	166.508
	9	crg	0.899327	170.25
	9	crg	0.899583	170.295
	9	crl	0.901187	170.572
	9	crl	0.906138	171.428
	9	crl	0.91329	172.665
	9	del	0.932964	176.068
	9	del	0.93812	176.96
	9	crl	0.969108	182.319
	9	crl	0.978031	183.862
	9	dup	0.987932	185.575
	9	dup	0.993151	186.477
	9	del	0.999931	187.65

MUTATIONS   (4)  dup, deln, crl, crg, wgd:	19	15	15	17	0
	eid	type	time
	19	crl	0.905886	0.97738
	15	crl	0.00690052	2.61457
	15	dup	0.0132938	3.80585
	15	dup	0.0202617	5.10419
	15	del	0.0290188	6.73594
	15	dup	0.0337416	7.61595
	15	crg	0.0591701	12.3541
	15	crg	0.0829727	16.7893
	15	crl	0.112441	22.2802
	15	dup	0.113166	22.4154
	15	crl	0.117643	23.2495
	15	dup	0.130845	25.7095
	15	crl	0.132875	26.0877
	15	del	0.140587	27.5248
	15	del	0.158494	30.8615
	15	crg	0.161221	31.3695
	15	crl	0.195782	37.8094
	15	crg	0.195966	37.8436
	15	crl	0.24768	47.4798
	15	crg	0.255814	48.9953
	15	dup	0.269955	51.6304
	15	del	0.287702	54.9373
	15	crl	0.292299	55.7938
	15	crl	0.320213	60.995
	15	crg	0.327969	62.4403
	15	dup	0.328347	62.5107
	15	del	0.355287	67.5305
	15	del	0.355333	67.5391
	15	del	0.41524	78.7017
	15	del	0.428383	81.1506
	15	dup	0.440652	83.4368
	15	crg	0.464531	87.8862
	15	crg	0.492979	93.187
	15	dup	0.532648	100.579
	15	crl	0.534806	100.981
	15	dup	0.562376	106.118
	15	crl	0.57889	109.195
	15	crl	0.591899	111.619
	15	dup	0.605494	114.152
	15	crg	0.622151	117.256
	15	del	0.624069	117.614
	15	crg	0.626768	118.116
	15	del	0.642214	120.994
	15	del	0.657242	123.795
	15	crg	0.686165	129.184
	15	del	0.709735	133.576
	15	crg	0.731949	137.715
	15	del	0.75555	142.113
	15	dup	0.761328	143.189
	15	dup	0.78187	147.017
	15	crl	0.783606	147.34
	15	crl	0.787023	147.977
	15	crg	0.811451	152.529
	15	dup	0.81415	153.032
	15	crg	0.842261	158.27
	15	del	0.868149	163.094
	15	dup	0.882089	165.691
	15	del	0.882405	165.75
	15	crg	0.882851	165.833
	15	dup	0.91291	171.434
	15	crl	0.923361	173.381
	15	crg	0.937047	175.932
	15	dup	0.944994	177.412
	15	dup	0.965525	181.238
	15	dup	0.976797	183.338
	15	crg	0.978025	183.567

MUTATIONS   (5)  dup, deln, crl, crg, wgd:	16	20	20	20	0
	eid	type	time
	19	crl	0.905886	0.97738
	18	crg	0.0642906	1.80576
	18	dup	0.300548	4.47675
	13	crl	0.0426282	19.609
	13	del	0.0666054	23.6726
	13	crg	0.0677046	23.8589
	13	dup	0.0727717	24.7177
	13	crl	0.0857174	26.9117
	13	crl	0.0861675	26.988
	13	dup	0.110496	31.1112
	13	del	0.12568	33.6845
	13	crg	0.125941	33.7288
	13	crl	0.12731	33.9608
	13	crl	0.157935	39.1512
	13	crg	0.187722	44.1994
	13	crg	0.232007	51.7048
	13	crg	0.258266	56.1551
	13	crl	0.267226	57.6737
	13	dup	0.307568	64.5109
	13	dup	0.317911	66.2638
	13	dup	0.322497	67.041
	13	crl	0.335078	69.1732
	13	crg	0.338673	69.7825
	13	crl	0.347257	71.2373
	13	del	0.413954	82.5411
	13	crg	0.449437	88.5547
	13	del	0.460765	90.4746
	13	del	0.469557	91.9646
	13	crg	0.470623	92.1454
	13	crl	0.48187	94.0513
	13	dup	0.49008	95.4429
	13	crl	0.494254	96.1503
	13	crg	0.495167	96.3051
	13	del	0.565328	108.196
	13	dup	0.567139	108.503
	13	del	0.57863	110.45
	13	dup	0.595917	113.38
	13	crl	0.601981	114.408
	13	dup	0.609627	115.704
	13	crg	0.610263	115.811
	13	crl	0.620618	117.566
	13	crg	0.624571	118.236
	13	del	0.640628	120.958
	13	crg	0.651917	122.871
	13	del	0.662363	124.641
	13	crl	0.680538	127.721
	13	crl	0.680709	127.75
	13	crg	0.681645	127.909
	13	del	0.683794	128.273
	13	del	0.687742	128.942
	13	del	0.695593	130.273
	13	crl	0.704553	131.792
	13	dup	0.712471	133.134
	13	crg	0.724317	135.141
	13	del	0.724425	135.159
	13	del	0.744453	138.554
	13	dup	0.760833	141.33
	13	crg	0.808375	149.387
	13	crg	0.819428	151.261
	13	dup	0.830309	153.105
	13	crl	0.833473	153.641
	13	del	0.873076	160.353
	13	crl	0.873135	160.363
	13	del	0.890492	163.304
	13	del	0.892846	163.703
	13	crg	0.908743	166.398
	13	dup	0.911395	166.847
	13	crg	0.919952	168.297
	13	crl	0.941138	171.888
	13	dup	0.941326	171.92
	13	dup	0.955819	174.376
	13	crg	0.960281	175.132
	13	del	0.966416	176.172
	13	del	0.987826	179.801
	13	crl	0.989378	180.064
	2	del	0.738811	186.147

MUTATIONS   (6)  dup, deln, crl, crg, wgd:	17	17	16	22	0
	eid	type	time
	19	crl	0.905886	0.97738
	18	crg	0.0642906	1.80576
	18	dup	0.300548	4.47675
	14	del	0.457378	12.7582
	10	crl	0.00764134	15.9476
	10	dup	0.00984947	16.3046
	10	del	0.0135941	16.91
	10	crg	0.0235609	18.5215
	10	del	0.0366376	20.6359
	10	del	0.0633843	24.9604
	10	crl	0.0645665	25.1516
	10	dup	0.071881	26.3342
	10	dup	0.105436	31.7596
	10	crl	0.127537	35.333
	10	dup	0.183292	44.3479
	10	del	0.210746	48.7869
	10	crl	0.214028	49.3174
	10	crg	0.236052	52.8784
	10	crl	0.290759	61.7238
	10	crl	0.302043	63.5483
	10	dup	0.305858	64.165
	10	dup	0.329913	68.0544
	10	crl	0.340783	69.812
	10	del	0.341954	70.0013
	10	crg	0.353651	71.8926
	10	dup	0.355953	72.2647
	10	crg	0.367962	74.2064
	10	del	0.419726	82.576
	10	crg	0.427168	83.7792
	10	crg	0.46474	89.8541
	10	del	0.473665	91.2971
	10	crg	0.482348	92.7011
	10	crl	0.488069	93.626
	10	del	0.504884	96.3449
	10	crl	0.522957	99.267
	10	crg	0.573961	107.514
	10	dup	0.576276	107.888
	10	dup	0.581438	108.723
	10	crg	0.595392	110.979
	10	dup	0.607235	112.894
	10	crg	0.613602	113.923
	10	del	0.636635	117.647
	10	dup	0.649129	119.667
	10	del	0.657814	121.072
	10	del	0.671805	123.334
	10	crl	0.722123	131.469
	10	dup	0.72286	131.589
	10	crg	0.764918	138.389
	10	crg	0.767597	138.822
	10	crg	0.779018	140.669
	10	crl	0.784567	141.566
	10	del	0.81767	146.918
	10	crg	0.824556	148.031
	10	crg	0.841472	150.766
	10	dup	0.847086	151.674
	10	crl	0.848141	151.845
	10	del	0.879354	156.891
	10	del	0.900203	160.262
	10	crg	0.918228	163.177
	10	del	0.932555	165.493
	10	dup	0.935127	165.909
	10	crg	0.939538	166.622
	10	crl	0.947112	167.847
	10	crl	0.955984	169.281
	10	crl	0.959868	169.909
	10	crg	0.962206	170.288
	10	crg	0.962583	170.348
	10	crg	0.995024	175.594
	4	crg	0.0598513	177.072
	4	dup	0.599339	183.149
	4	del	0.608371	183.251
	4	dup	0.708397	184.377

MUTATIONS   (7)  dup, deln, crl, crg, wgd:	17	14	13	21	0
	eid	type	time
	19	crl	0.905886	0.97738
	16	del	0.00193492	1.68932
	16	crl	0.0104844	3.28236
	16	dup	0.0311123	7.12603
	16	crg	0.0380248	8.41405
	16	crl	0.0642706	13.3045
	16	crg	0.0654139	13.5175
	16	del	0.0679402	13.9883
	16	dup	0.0682547	14.0469
	16	dup	0.0685854	14.1085
	16	crg	0.0890625	17.9241
	16	dup	0.130608	25.6655
	16	del	0.134913	26.4675
	16	crl	0.135012	26.4859
	16	crg	0.139733	27.3656
	16	del	0.140195	27.4518
	16	del	0.155167	30.2415
	16	crg	0.155389	30.2829
	16	crg	0.183327	35.4886
	16	crg	0.190131	36.7566
	16	crl	0.201855	38.9411
	16	crg	0.215322	41.4504
	16	del	0.222293	42.7494
	16	del	0.309953	59.0832
	16	dup	0.362611	68.8952
	16	crl	0.398772	75.6331
	16	crl	0.408043	77.3608
	16	del	0.416056	78.8538
	16	crg	0.428788	81.2262
	16	dup	0.44124	83.5464
	16	del	0.446744	84.572
	16	dup	0.448297	84.8614
	16	del	0.48358	91.4358
	16	dup	0.487435	92.1541
	16	crl	0.501652	94.8032
	16	crg	0.514062	97.1156
	16	crg	0.525663	99.2772
	16	crl	0.542647	102.442
	16	del	0.545017	102.883
	16	del	0.560003	105.676
	16	dup	0.566528	106.892
	16	crl	0.579681	109.343
	16	del	0.59742	112.648
	16	crg	0.602743	113.64
	16	crl	0.622208	117.267
	16	dup	0.633607	119.391
	16	del	0.63819	120.245
	16	crg	0.649571	122.365
	16	crg	0.658028	123.941
	16	dup	0.675997	127.289
	16	crg	0.698997	131.575
	16	crl	0.801174	150.614
	16	crg	0.802695	150.897
	16	dup	0.804936	151.315
	16	crg	0.818563	153.854
	16	dup	0.823942	154.856
	16	dup	0.825875	155.216
	16	dup	0.841607	158.148
	16	crl	0.890166	167.196
	16	crg	0.896112	168.304
	16	dup	0.915178	171.857
	16	dup	0.928794	174.394
	16	crg	0.939353	176.361
	16	crg	0.971385	182.33
	16	crg	0.995403	186.805

MUTATIONS   (8)  dup, deln, crl, crg, wgd:	19	19	22	21	0
	eid	type	time
	19	crl	0.905886	0.97738
	18	crg	0.0642906	1.80576
	18	dup	0.300548	4.47675
	14	del	0.457378	12.7582
	11	dup	0.0636794	14.2235
	11	del	0.265535	17.4625
	11	crl	0.390611	19.4695
	11	crl	0.47873	20.8835
	11	crg	0.710891	24.6088
	11	crg	0.85263	26.8832
	11	crg	0.865821	27.0949
	11	crg	0.996795	29.1965
	7	crl	0.0336436	30.4116
	7	dup	0.0574793	31.236
	7	crl	0.0683107	31.6107
	7	crg	0.129418	33.7242
	7	crl	0.136154	33.9572
	7	dup	0.211737	36.5714
	7	crl	0.244324	37.6985
	7	crg	0.531974	47.6477
	7	del	0.573311	49.0774
	7	crg	0.803607	57.0428
	7	del	0.86491	59.1632
	7	dup	0.88372	59.8138
	7	dup	0.899714	60.3669
	5	crl	0.0161954	65.841
	5	crl	0.0186005	66.1388
	5	crg	0.0433847	69.2078
	5	crg	0.107168	77.1058
	5	del	0.147585	82.1105
	5	del	0.15573	83.119
	5	del	0.170085	84.8965
	5	dup	0.176564	85.6989
	5	dup	0.190268	87.3958
	5	del	0.19295	87.7279
	5	dup	0.209308	89.7534
	5	crl	0.229485	92.2518
	5	dup	0.240372	93.5999
	5	del	0.253719	95.2527
	5	crl	0.255214	95.4378
	5	del	0.307721	101.94
	5	dup	0.327116	104.341
	5	del	0.350881	107.284
	5	crl	0.358146	108.183
	5	dup	0.364635	108.987
	5	dup	0.398404	113.169
	5	del	0.400443	113.421
	5	crl	0.456348	120.343
	5	del	0.489352	124.43
	5	crl	0.497599	125.451
	5	del	0.5038	126.219
	5	crl	0.508479	126.799
	5	crg	0.515105	127.619
	5	crl	0.516753	127.823
	5	del	0.536428	130.26
	5	dup	0.549643	131.896
	5	crg	0.573459	134.845
	5	del	0.594536	137.455
	5	crl	0.609603	139.32
	5	crl	0.61596	140.108
	5	crg	0.616428	140.166
	5	del	0.626548	141.419
	5	crg	0.640798	143.183
	5	crg	0.644571	143.65
	5	crl	0.645098	143.716
	5	crl	0.68769	148.99
	5	dup	0.701614	150.714
	5	crg	0.722908	153.351
	5	crg	0.747603	156.408
	5	crl	0.768069	158.943
	5	dup	0.768135	158.951
	5	del	0.803613	163.344
	5	dup	0.824646	165.948
	5	crl	0.825535	166.059
	5	dup	0.887337	173.711
	5	crg	0.914893	177.123
	5	dup	0.928617	178.823
	5	crg	0.946627	181.053
	5	crg	0.965997	183.451
	5	crg	0.971366	184.116
	5	del	0.982955	185.551

MUTATIONS   (9)  dup, deln, crl, crg, wgd:	15	16	16	22	0
	eid	type	time
	19	crl	0.905886	0.97738
	18	crg	0.0642906	1.80576
	18	dup	0.300548	4.47675
	14	del	0.457378	12.7582
	10	crl	0.00764134	15.9476
	10	dup	0.00984947	16.3046
	10	del	0.0135941	16.91
	10	crg	0.0235609	18.5215
	10	del	0.0366376	20.6359
	10	del	0.0633843	24.9604
	10	crl	0.0645665	25.1516
	10	dup	0.071881	26.3342
	10	dup	0.105436	31.7596
	10	crl	0.127537	35.333
	10	dup	0.183292	44.3479
	10	del	0.210746	48.7869
	10	crl	0.214028	49.3174
	10	crg	0.236052	52.8784
	10	crl	0.290759	61.7238
	10	crl	0.302043	63.5483
	10	dup	0.305858	64.165
	10	dup	0.329913	68.0544
	10	crl	0.340783	69.812
	10	del	0.341954	70.0013
	10	crg	0.353651	71.8926
	10	dup	0.355953	72.2647
	10	crg	0.367962	74.2064
	10	del	0.419726	82.576
	10	crg	0.427168	83.7792
	10	crg	0.46474	89.8541
	10	del	0.473665	91.2971
	10	crg	0.482348	92.7011
	10	crl	0.488069	93.626
	10	del	0.504884	96.3449
	10	crl	0.522957	99.267
	10	crg	0.573961	107.514
	10	dup	0.576276	107.888
	10	dup	0.581438	108.723
	10	crg	0.595392	110.979
	10	dup	0.607235	112.894
	10	crg	0.613602	113.923
	10	del	0.636635	117.647
	10	dup	0.649129	119.667
	10	del	0.657814	121.072
	10	del	0.671805	123.334
	10	crl	0.722123	131.469
	10	dup	0.72286	131.589
	10	crg	0.764918	138.389
	10	crg	0.767597	138.822
	10	crg	0.779018	140.669
	10	crl	0.784567	141.566
	10	del	0.81767	146.918
	10	crg	0.824556	148.031
	10	crg	0.841472	150.766
	10	dup	0.847086	151.674
	10	crl	0.848141	151.845
	10	del	0.879354	156.891
	10	del	0.900203	160.262
	10	crg	0.918228	163.177
	10	del	0.932555	165.493
	10	dup	0.935127	165.909
	10	crg	0.939538	166.622
	10	crl	0.947112	167.847
	10	crl	0.955984	169.281
	10	crl	0.959868	169.909
	10	crg	0.962206	170.288
	10	crg	0.962583	170.348
	10	crg	0.995024	175.594
	3	crg	0.986615	187.511

MUTATIONS   (10)  dup, deln, crl, crg, wgd:	16	19	20	20	0
	eid	type	time
	19	crl	0.905886	0.97738
	18	crg	0.0642906	1.80576
	18	dup	0.300548	4.47675
	13	crl	0.0426282	19.609
	13	del	0.0666054	23.6726
	13	crg	0.0677046	23.8589
	13	dup	0.0727717	24.7177
	13	crl	0.0857174	26.9117
	13	crl	0.0861675	26.988
	13	dup	0.110496	31.1112
	13	del	0.12568	33.6845
	13	crg	0.125941	33.7288
	13	crl	0.12731	33.9608
	13	crl	0.157935	39.1512
	13	crg	0.187722	44.1994
	13	crg	0.232007	51.7048
	13	crg	0.258266	56.1551
	13	crl	0.267226	57.6737
	13	dup	0.307568	64.5109
	13	dup	0.317911	66.2638
	13	dup	0.322497	67.041
	13	crl	0.335078	69.1732
	13	crg	0.338673	69.7825
	13	crl	0.347257	71.2373
	13	del	0.413954	82.5411
	13	crg	0.449437	88.5547
	13	del	0.460765	90.4746
	13	del	0.469557	91.9646
	13	crg	0.470623	92.1454
	13	crl	0.48187	94.0513
	13	dup	0.49008	95.4429
	13	crl	0.494254	96.1503
	13	crg	0.495167	96.3051
	13	del	0.565328	108.196
	13	dup	0.567139	108.503
	13	del	0.57863	110.45
	13	dup	0.595917	113.38
	13	crl	0.601981	114.408
	13	dup	0.609627	115.704
	13	crg	0.610263	115.811
	13	crl	0.620618	117.566
	13	crg	0.624571	118.236
	13	del	0.640628	120.958
	13	crg	0.651917	122.871
	13	del	0.662363	124.641
	13	crl	0.680538	127.721
	13	crl	0.680709	127.75
	13	crg	0.681645	127.909
	13	del	0.683794	128.273
	13	del	0.687742	128.942
	13	del	0.695593	130.273
	13	crl	0.704553	131.792
	13	dup	0.712471	133.134
	13	crg	0.724317	135.141
	13	del	0.724425	135.159
	13	del	0.744453	138.554
	13	dup	0.760833	141.33
	13	crg	0.808375	149.387
	13	crg	0.819428	151.261
	13	dup	0.830309	153.105
	13	crl	0.833473	153.641
	13	del	0.873076	160.353
	13	crl	0.873135	160.363
	13	del	0.890492	163.304
	13	del	0.892846	163.703
	13	crg	0.908743	166.398
	13	dup	0.911395	166.847
	13	crg	0.919952	168.297
	13	crl	0.941138	171.888
	13	dup	0.941326	171.92
	13	dup	0.955819	174.376
	13	crg	0.960281	175.132
	13	del	0.966416	176.172
	13	del	0.987826	179.801
	13	crl	0.989378	180.064

MUTATIONS   (11)  dup, deln, crl, crg, wgd:	0	0	0	0	0
	eid	type	time

